Time,X,Y,Z,tau_environment,KSSS,K_s,journey_2,journey_3,power_sekibun,distance_2,distance_3
0,0,0,2.8529414751385,1.9149945342277e-16,5,0.247,0,2.8529414751385,0,12.727922061358,13.832133163531
0.025,0.0011409803470562,-1.2565727871849e-06,2.8486354528385,0.0006681545416143,5,0.318295,0.0011409810389939,2.8573960981057,0.057360531353555,12.727114403402,13.829704577194
0.05,0.0016996018213462,-0.00068672745125974,2.8382822955237,0.13411797910931,5,0.36511205,0.0020252481235175,2.8677869495944,0.065200989976965,12.726234691901,13.82484711958
0.075,2.6971545210311e-05,-0.0017828556447386,2.8212893534053,0.43502249824147,5,0.399873709625,0.0040250453775375,2.8848971591459,0.084297041948126,12.726642380844,13.81859292062
0.1,-0.00092502039025666,-0.0021430225742928,2.7975511232878,0.026551176001815,5,0.42747446736725,0.0050428905830273,2.9086572007699,0.094750967491863,12.727060988653,13.809747344382
0.125,-0.00095908810299437,-0.002110798863826,2.766941969076,0.0044892277128342,5,0.4910045140365,0.0050897838295286,2.9392663909019,0.10544752648366,12.72710786399,13.797938739195
0.15,-0.00073071590564717,-0.0019071382784099,2.7296234315831,0.0030211029524142,5,0.53834138975958,0.0053957764676315,2.9765861828641,0.11516316388314,12.727090341803,13.783551064168
0.175,-0.00080218821002556,-0.0016255277334858,2.6858700522038,0.00023657287980984,5,0.58103038937293,0.0056863152590271,3.0203405268759,0.12439491413667,12.727339988168,13.767041986241
0.2,-0.0011259124707812,-0.001383462748476,2.6359096304983,0.008122503172139,5,0.62291854721128,0.0060905340784424,3.0703025837776,0.13287749093541,12.727740069496,13.748443378002
0.225,-0.0014243168636417,-0.0012213996234206,2.5798987550976,0.015357055286898,5,0.66618924570302,0.0064301068072962,3.1263144885192,0.14212650881572,12.728065683002,13.727664660039
0.25,-0.0015896460939487,-0.0011244519323744,2.5179526633442,0.015840005074473,5,0.71249991270016,0.0066217643383069,3.1882608767604,0.15184441783423,12.728251147989,13.70475181352
0.275,-0.0016752621085684,-0.0010368365115527,2.4501241907885,0.010305023338369,5,0.75547002004091,0.0067442656196272,3.2560894599375,0.16333768005781,12.728373640897,13.679865907559
0.3,-0.0017233810774031,-0.00093149802376926,2.3763740656515,0.0042485811783209,5,0.79759297431549,0.006860074221079,3.3298396760006,0.17344103312878,12.728482145672,13.653115282629
0.325,-0.00077084619259515,-0.00083780155482019,2.2961538839314,0.0081754523490964,5,0.83960611579435,0.0078172062574615,3.4100655674381,0.55384839964432,12.727874767596,13.623733792957
0.35,0.0070384250596589,-0.0021131091861708,2.2501983392236,7.2044298675553,5,0.88164350409947,0.015729925578015,3.4566973507671,2.0153278566499,12.721451426163,13.601404076071
0.375,0.012530835867191,-0.0022840645511283,2.2494518139554,5.6247278445057,5,0.92344163022838,0.021224996297806,3.4622428987284,2.9650609083693,12.717448408831,13.597395901966
0.4,0.014693993786137,-0.0024259409385423,2.2491284708421,0.73259561002293,5,0.96436432342885,0.023392801891397,3.4644346860951,3.2437063197601,12.715819398434,13.595757885638
0.425,0.017102861176991,-0.0025536968501964,2.2487950061705,2.0541152604855,5,1.0048898182861,0.025805054713902,3.4668698785653,3.5976890823153,12.714026938179,13.593963422619
0.45,0.019676577583987,-0.0026860528184118,2.2484252009844,2.4397910754247,5,1.0451054060164,0.028382172143505,3.4694733935204,3.934058266643,12.712114970977,13.592044334007
0.475,0.022716345274639,-0.0028757375173477,2.2479586733306,3.1722115111032,5,1.0849722683195,0.031427852346373,3.4725545971732,4.5260167572197,12.709833469088,13.589745407289
0.5,0.025507833209696,-0.0031229241877303,2.2475210971965,1.1481183541205,5,1.1244180485782,0.034230263119544,3.4753909643946,5.5313288011098,12.70768691655,13.587582950137
0.525,0.026911224768836,-0.0032794731093973,2.2473498456193,0.4503097963455,5,1.163407473738,0.035642359232823,3.4768134068489,6.2682630002294,12.706585001768,13.586491770077
0.55,0.028369942766462,-0.0034298264567961,2.2471779602875,1.6327045466955,5,1.202021844898,0.037108805387877,3.4782898921665,7.0170233734391,12.705448467935,13.585367992742
0.575,0.030071791513726,-0.0036125912716441,2.2469565810755,2.2714507269355,5,1.2402654580607,0.038820439734374,3.480015783499,7.6379625314756,12.704117382696,13.584044746942
0.6,0.031778791565366,-0.0037889487100372,2.2467300633245,3.5840015243985,5,1.2781265081573,0.040536525723588,3.4817467547332,8.189983236435,12.702787289519,13.582720614641
0.625,0.033417752236044,-0.0039604728276676,2.2465147385326,3.3711961839228,5,1.3155984306859,0.042184437311921,3.4834086745174,8.7829209216118,12.701508744254,13.581448658762
0.65,0.034891320218542,-0.004139984335437,2.2463292660392,2.8859344231547,5,1.3526874248147,0.043668899160694,3.4849046782026,9.3601110636237,12.700341375795,13.5802912515
0.675,0.036463660671412,-0.004323956237962,2.2461269282019,2.9025623651961,5,1.3894077353236,0.045251965855641,3.4865006233023,9.9342307771325,12.699101196178,13.579059783197
0.7,0.038090884537008,-0.0045418015639354,2.2459127841548,2.0568729889624,5,1.4257605980662,0.046893707033419,3.4881562717456,10.512549318362,12.697798360095,13.577765542645
0.725,0.039547159345653,-0.0047487902341607,2.2457256310743,2.4248647029666,5,1.4617466552273,0.048364618529022,3.4896390417558,11.077300861358,12.696623938527,13.576600957498
0.75,0.041090223051356,-0.0049769921386371,2.2455166461112,3.0919480750462,5,1.4973689637588,0.049924465223112,3.4912128258655,11.638440313331,12.695373303037,13.575357370669
0.775,0.042762098541359,-0.0052211209447987,2.2452842619588,3.9043498692056,5,1.532632447175,0.051614070658731,3.492918337203,12.207463820901,12.694020557192,13.574010009792
0.8,0.044257273890271,-0.0054532374778755,2.245086545931,2.6318612081792,5,1.5675417815129,0.053127156052528,3.4944442857725,12.744637387659,12.692801079331,13.57279956137
0.825,0.046198319587751,-0.0058331810168211,2.2447910980818,1.5342858215215,5,1.6020997864736,0.055105037619379,3.4964441119959,13.349763826849,12.69116233053,13.571162413346
0.85,0.047867026909376,-0.0061341316023295,2.2445563241471,2.7071983516344,5,1.6363095890246,0.056800665933652,3.4981559163599,13.894596817184,12.689771787807,13.56977887583
0.875,0.049413806402509,-0.0064463660390072,2.24433224137,2.9679991123088,5,1.6701747981813,0.058378644749677,3.4997497263344,14.484093421306,12.688459330271,13.568472152166
0.9,0.051073454657941,-0.0067727838879582,2.2440864008179,1.6369744642292,5,1.7036991300593,0.060070088199477,3.5014589420964,15.055758352419,12.687057266149,13.567073930426
0.925,0.052780611696962,-0.0071872258302997,2.2438334512163,0.79228606838434,5,1.7368860665388,0.061826831572725,3.5032338028741,15.618648706994,12.685559363847,13.56558357412
0.95,0.054608747490555,-0.0076022170115654,2.2435530383553,0.62648338641323,5,1.7697388578339,0.063701477715427,3.5051293053228,16.209932948847,12.683975817856,13.564003405972
0.975,0.056169385241863,-0.0080174872799676,2.2433260272672,2.3724358456545,5,1.8022608376778,0.065316420310885,3.5067601252457,16.698115711074,12.682580793141,13.562618455995
1,0.057699669806392,-0.0083585740921888,2.243102836847,2.7416433960977,5,1.8344553799165,0.06688425673791,3.5083437682059,17.231529158553,12.681259824145,13.561304115749
1.025,0.059150473689011,-0.008710156683977,2.2428994939043,3.7105490001468,5,1.8663258127731,0.068377053517338,3.5098503506222,17.767508118023,12.67998751177,13.5600423129
1.05,0.060620296532281,-0.0090675536356732,2.2426903428195,3.2847140866013,5,1.8978753892196,0.069889704095522,3.5113773921894,18.296559733962,12.678697714586,13.558762106725
1.075,0.06245094835155,-0.0095597083845183,2.2424035526256,3.2004580804487,5,1.9291073178196,0.071785357645147,3.5132946170055,18.858649107581,12.677058006009,13.557127191562
1.1,0.064197750092377,-0.010024518281166,2.2421251745886,2.1002231531989,5,1.9600247990569,0.073592942929934,3.5151235125447,19.374353307675,12.675496874338,13.555568740696
1.125,0.065886017684296,-0.010511389598442,2.2418573659709,1.225248263898,5,1.9906310075644,0.07535001183624,3.5169008736777,19.874756965595,12.673961421969,13.55403805458
1.15,0.067466194498537,-0.010960864202432,2.2416227446477,2.2863786503425,5,2.0209290793281,0.076992870985375,3.5185604017279,20.371756414364,12.672528744151,13.552615239776
1.175,0.069151764530484,-0.011422825124008,2.2413551731655,1.1886038055242,5,2.0509221130398,0.078740599289678,3.5203284935591,20.901658196439,12.671012975832,13.551103056001
1.2,0.070790959984685,-0.011921811058324,2.2411064273486,1.9246474871511,5,2.0806131774609,0.080454060319208,3.5220599158592,21.36021867557,12.669503684471,13.549603608748
1.225,0.072492226934454,-0.012402910269429,2.2408374607801,1.6939165974556,5,2.1100053142313,0.082222043827418,3.5238482415287,21.890585802038,12.667963391385,13.548068011246
1.25,0.074144924624763,-0.012945340296154,2.2405774356912,1.2136909610235,5,2.1391015341751,0.08396148051481,3.5256070061623,22.352429915628,12.666413868302,13.546526960177
1.275,0.075641196888531,-0.013364353528136,2.2403519035606,2.5171475677429,5,2.1679048163376,0.085515315376015,3.5271771232018,22.806710990254,12.665062190495,13.545183136656
1.3,0.077085804998882,-0.013810837633757,2.240130617066,2.4497276490122,5,2.1964181093175,0.087027347336348,3.5287052620573,23.261918915315,12.663727468371,13.543856677816
1.325,0.078718438006908,-0.014314551166839,2.2398719690208,3.2853554794456,5,2.2246443325954,0.088735919214351,3.5304333004463,23.76165926185,12.662219698526,13.542355173735
1.35,0.080396856436315,-0.014858668106419,2.2396031789834,1.6018225329235,5,2.2525863766914,0.090500331770448,3.5322180692695,24.208443237456,12.660651049325,13.540793156925
1.375,0.082096817807683,-0.015414230979007,2.2393288731677,2.2516530681872,5,2.2802471028087,0.092288772088026,3.5340274234222,24.651270656923,12.659059151764,13.539207453675
1.4,0.083707497362686,-0.015972210148041,2.2390713504549,1.2660463872218,5,2.3076293431236,0.093993362766747,3.5357513571012,25.142623808311,12.657528483927,13.537684959056
1.425,0.085323338196957,-0.016529848138029,2.2388093015454,2.0822968494488,5,2.3347359013201,0.095702719876767,3.5374806839531,25.574052833277,12.655994467204,13.536157734568
1.45,0.08696877232616,-0.017097807822359,2.2385473157566,1.6447187033663,5,2.3615695529686,0.097443418494153,3.5392409874014,25.982070201993,12.654432324673,13.534604242325
1.475,0.088521673450344,-0.017661166978799,2.2382921822123,1.7672499646013,5,2.388133045721,0.099095349316142,3.5409125042473,26.420985970876,12.652938665613,13.533117217352
1.5,0.090017238366168,-0.018208791205228,2.2380558867607,1.9717429236058,5,2.4144290995128,0.10068802213591,3.542522610533,26.814119616395,12.65149659649,13.531685116038
1.525,0.091590211861335,-0.018794329816578,2.2378008280681,3.3038943347699,5,2.4404604068733,0.10236644433603,3.544220301912,27.223679005188,12.649973132127,13.530170263811
1.55,0.09317108518739,-0.01936308059479,2.2375489831512,2.3876376195084,5,2.4662296332408,0.10404651514429,3.5459191438066,27.603457897938,12.648456063723,13.528662538436
1.575,0.094740587285623,-0.01994404761959,2.2372859745653,1.789088079867,5,2.4917394172334,0.10572009200845,3.5476132609916,28.029980008492,12.646938369251,13.527150273276
1.6,0.096399551277191,-0.02057768705451,2.2370135004517,1.9662914361809,5,2.5169923709008,0.10749594686142,3.5494098974605,28.408843201459,12.645320321159,13.525540832769
1.625,0.097970929636651,-0.021202085265224,2.2367491142512,2.1593834386773,5,2.5419910799857,0.10918683511146,3.5511213305259,28.781787987544,12.643770543759,13.523998097199
1.65,0.099536815107034,-0.021844172602168,2.2364900685729,1.7886592836442,5,2.5667381041974,0.11087925156571,3.552833457308,29.149972833714,12.642212107328,13.522449168364
1.675,0.10116139963328,-0.022478104069575,2.2362156121848,2.3823954123759,5,2.5912359774783,0.1126231391734,3.5545988100482,29.518986834727,12.640618174254,13.520861591417
1.7,0.1027649877522,-0.023153207715882,2.2359454908078,1.9245950172118,5,2.6154872082603,0.11436304140871,3.5563595557274,29.864112200558,12.639009818625,13.519262076717
1.725,0.10436952656238,-0.023844236878686,2.2356704028159,1.827625899789,5,2.6394942797195,0.11611005775014,3.5581280973583,30.221397570597,12.637389516976,13.517649638448
1.75,0.10600372658739,-0.024532602072676,2.235389247016,1.5880853348618,5,2.6632596500304,0.11788331925426,3.5599235095522,30.607331536857,12.635750263547,13.516017336189
1.775,0.10757891946138,-0.025191861584132,2.2351266550734,1.5710736288948,5,2.6867857526191,0.11959090693685,3.561651169884,30.940123953023,12.634173253323,13.514449820675
1.8,0.10911873076746,-0.025852688877203,2.2348635464009,1.7430858683955,5,2.7100749964129,0.12126652967769,3.5633473236928,31.271062209161,12.632620064948,13.512904399016
1.825,0.11062871733652,-0.026500815713337,2.234608728282,2.0032499383462,5,2.7331297660862,0.12290973624853,3.5650101706816,31.594820982721,12.631096920356,13.511390014179
1.85,0.11215719109224,-0.027168809987433,2.2343489485257,2.2146716131686,5,2.7559524223044,0.12457780350501,3.5666983454042,31.91058379966,12.629546680713,13.509848544855
1.875,0.11376601556483,-0.027893381998536,2.2340714800731,1.6401939862144,5,2.7785453019659,0.12634226398427,3.5684844891624,32.221588934675,12.627899729999,13.508210392861
1.9,0.11543053979025,-0.028639708117558,2.233779887096,1.7134881995861,5,2.8009107184413,0.12816644697206,3.5703318305053,32.565223600934,12.626198160177,13.506516173696
1.925,0.11719027909684,-0.02944380822707,2.233468838662,1.2590291454219,5,2.8230509618109,0.13010119745036,3.5722914249893,32.882881610531,12.624388576384,13.504714080352
1.95,0.11891006236591,-0.03024801826387,2.2331718656389,1.3508511121109,5,2.8449682990981,0.13199972537374,3.5742130392202,33.171771672826,12.622607064082,13.502943236597
1.975,0.12048690641666,-0.031021749171953,2.23288988093,1.4284870931905,5,2.8666649745024,0.13375616970207,3.5759919748723,33.458674798898,12.6209478108,13.501292012982
2,0.12203691250922,-0.031769921814461,2.2326186882023,0.83446713638615,5,2.8881432096288,0.13547729758517,3.5777343372587,33.74004752108,12.6193256285,13.499679284104
2.025,0.12358176184069,-0.032490017556269,2.2323512593439,1.5976836778011,5,2.9094052037154,0.13718173219356,3.5794596243446,34.015065274826,12.617727054583,13.498089968594
2.05,0.12513553500522,-0.033234957719839,2.2320771074833,1.3746742322589,5,2.9304531338586,0.13890485345863,3.5812044183544,34.298485147883,12.616104572945,13.496475923978
2.075,0.12670932737576,-0.034008118446524,2.2317982164932,1.3551864473728,5,2.9512891552358,0.14065830717483,3.5829799126854,34.564616386789,12.614447977655,13.494828315123
2.1,0.1283862251232,-0.034840018450671,2.2314976678592,1.702526370816,5,2.9719154013266,0.14253021627312,3.5848757958974,34.825612060773,12.612677133161,13.493066224539
2.125,0.13010083154949,-0.035704877094796,2.2311902489612,1.1638837361498,5,2.9923339841304,0.1444505953168,3.5868206254658,35.079119537903,12.610856366997,13.491255037832
2.15,0.1317611245615,-0.036544020544335,2.2308890202715,0.90451166304901,5,3.0125469943838,0.14631090029573,3.5887051607768,35.322983570962,12.609092110357,13.489498881753
2.175,0.13338619554043,-0.037367691177204,2.2306003492292,1.0985746888652,5,3.0325565017734,0.1481327918946,3.5905497799702,35.54436077515,12.60736365227,13.487780658951
2.2,0.13500627351428,-0.038208026855429,2.2303060025352,0.81147572147772,5,3.0523645551489,0.1499578444126,3.5923984164054,35.78776005205,12.605626884076,13.486052660253
2.225,0.13662332012141,-0.039047329560806,2.2300162396245,0.90113375666361,5,3.071973182732,0.15177973045757,3.5942432012995,36.008450650199,12.603893006975,13.484329001723
2.25,0.13828285973048,-0.039915944908404,2.2297120368839,1.316414633824,5,3.0913843923247,0.15365284666757,3.5961408587089,36.246458294518,12.602108432657,13.482552832926
2.275,0.13997811826946,-0.04081315753353,2.2294007831608,1.3503494965497,5,3.1106001715144,0.15557089046494,3.598083993004,36.479143492314,12.600278434343,13.480731709538
2.3,0.14165364784933,-0.041710162156452,2.2290936939593,1.0024907004319,5,3.1296224878777,0.15747142109258,3.6000091736304,36.710705488738,12.598462482123,13.478925204788
2.325,0.14327157796959,-0.042608115915218,2.2287961301542,1.2489235923457,5,3.148453289182,0.15932183154082,3.6018833569312,36.939677653362,12.596686378039,13.477159340854
2.35,0.14491473869761,-0.043493340773173,2.2284962398948,1.1452184660703,5,3.1670945035844,0.16118827206418,3.6037737363627,37.171034733585,12.594901608258,13.47538455955
2.375,0.14655261492478,-0.044391819874136,2.2281956805793,1.2231926615231,5,3.1855480398297,0.16305640033343,3.6056658883472,37.389160473852,12.593111151587,13.473604234409
2.4,0.14819529768733,-0.04529973137845,2.2278928931457,1.1811564488664,5,3.2038157874457,0.16493328870466,3.6075670433088,37.581880914911,12.591310630301,13.471813719554
2.425,0.14983994268227,-0.046219379950125,2.2275875008744,1.0033604058281,5,3.2218996169364,0.16681759511678,3.6094759369921,37.770708560661,12.589500404389,13.470013217597
2.45,0.15148931743094,-0.047144651307208,2.2272824666413,1.1923424116049,5,3.2398013799738,0.16870877573898,3.6113915596139,37.944242501106,12.587682876294,13.468206027724
2.475,0.15317928383662,-0.048090884791111,2.226969615897,1.6905631092784,5,3.2575229095874,0.17064561446701,3.6133535024893,38.095029210087,12.585821927506,13.466355485941
2.5,0.15490532791311,-0.049068415848808,2.2266474475255,1.6179409984127,5,3.275066020352,0.17262924626821,3.6153631262308,38.256429187933,12.583913381072,13.464457155195
2.525,0.15662724788741,-0.050051748597368,2.2263248457108,1.3986456722697,5,3.2924325085733,0.17461216121654,3.6173721119508,38.399443450707,12.582003629613,13.462557554655
2.55,0.15831930125703,-0.05102912232368,2.2260073325982,1.2602202504837,5,3.309624152472,0.17656620932406,3.6193517883343,38.550731341149,12.580119130915,13.460683375795
2.575,0.15998420398202,-0.051997713298436,2.2256936883171,1.3481293300254,5,3.3266427123659,0.17849236340929,3.6213033114049,38.709206544853,12.57825998287,13.458834275759
2.6,0.16164367089457,-0.052966912044592,2.2253821533386,1.3910667857024,5,3.34348993085,0.18041412734989,3.6232501628851,38.866856591153,12.576404242756,13.456989121213
2.625,0.1632856821364,-0.053933622505567,2.2250730815666,1.2314637361402,5,3.360167532975,0.18231957481274,3.6251805139915,39.031770855253,12.574562559631,13.455157990263
2.65,0.16492597123986,-0.054904047687147,2.2247623066848,1.2906424214421,5,3.3766772264238,0.18422542721415,3.6271115381765,39.211068502275,12.57271946278,13.453324942056
2.675,0.16658480939204,-0.055890702730887,2.2244504498322,1.4746497688694,5,3.3930207016868,0.18615551327194,3.6290666563026,39.394622593855,12.570851802927,13.451468563774
2.7,0.16825522176377,-0.056880333523704,2.2241309794216,1.5964874834297,5,3.4091996322345,0.18809707104798,3.6310343219096,39.59142391419,12.568973911852,13.449599924856
2.725,0.16990272087687,-0.057874329789897,2.2238144962839,1.4263782703247,5,3.425215674689,0.19002120251565,3.6329843074176,39.794877079153,12.567109033529,13.447744519954
2.75,0.17155078892788,-0.058849950375925,2.2234878241664,1.4423673400702,5,3.4410704689938,0.19193639541159,3.6349271606033,39.991472474862,12.565256849041,13.445897360797
2.775,0.1732062289892,-0.059829006143615,2.2231563812195,1.3814206619248,5,3.4567656385814,0.19385968217983,3.6368787974598,40.191009321117,12.563397059528,13.444041405802
2.8,0.17485033312638,-0.06080842336288,2.2228253526313,1.3978782941028,5,3.47230279054,0.19577340538428,3.6388209396867,40.394387612489,12.561544996,13.442192827379
2.825,0.17647573609093,-0.061785868039893,2.2224971587994,1.5372570478465,5,3.4876835157775,0.19767006900596,3.6407457887938,40.592653387096,12.559707492795,13.440358873594
2.85,0.17809561127182,-0.06275662866628,2.2221728609361,1.6377189600055,5,3.5029093891848,0.19955855299991,3.6426619153292,40.812084320802,12.55787864738,13.438534406372
2.875,0.17970854365277,-0.063727916239514,2.2218482569874,1.680039718188,5,3.517981969797,0.20144135687059,3.6445724959056,41.015557389223,12.556054321717,13.4367140627
2.9,0.1813230733627,-0.064704236603043,2.2215216186999,1.8740079438145,5,3.5329028009529,0.20332812862056,3.6464873327674,41.240029790555,12.554225309265,13.434888623964
2.925,0.18295441355821,-0.065698755131171,2.2211901616539,1.7803490071251,5,3.5476734104529,0.20523871437793,3.6484264567216,41.465612741099,12.552371553115,13.433038356579
2.95,0.18458259201632,-0.066697403575882,2.2208595525687,1.6019514553685,5,3.562295310716,0.20714875725902,3.6503649009882,41.689727129215,12.550517095174,13.431187744557
2.975,0.18621529489727,-0.067708999668779,2.2205267988925,1.7048530057715,5,3.5767699989341,0.20906944602938,3.6523142009553,41.896279773173,12.548650259789,13.429324812147
3,0.187852042586,-0.068724273905285,2.2201931411117,1.7927214366472,5,3.5910989572255,0.21099551061083,3.6542689521636,42.122334454687,12.546777981573,13.427456481185
3.025,0.18948180599054,-0.069743545850481,2.2198611681864,1.9572344883758,5,3.6052836527866,0.21291776034825,3.6562196571839,42.352235769684,12.544907779009,13.425590699286
3.05,0.19111898197949,-0.070758192451746,2.2195287638914,1.9606874023458,5,3.6193255380423,0.21484385820253,3.6581742276123,42.609015342356,12.543035679105,13.423723000293
3.075,0.19275043928695,-0.071785845564338,2.2191916010845,2.1111213075759,5,3.6332260507947,0.21677199820416,3.6601316245124,42.849038078139,12.541158352088,13.421848731322
3.1,0.19434830571558,-0.07280991125474,2.2188620674932,1.7967334643138,5,3.6469866143699,0.21866986217768,3.6620578851515,43.089148412043,12.539307183479,13.420001631659
3.125,0.19595345634139,-0.07381690443324,2.2185370913136,1.7754304283765,5,3.6606086377645,0.2205647352059,3.6639804233983,43.340508101373,12.537463068679,13.418162755926
3.15,0.19756648584806,-0.074831157028981,2.21820575679,2.095870618075,5,3.6740935157891,0.22247014133515,3.6659144231614,43.586374598456,12.535608267914,13.416311639269
3.175,0.19917000389713,-0.075868066565157,2.2178750742264,1.9876632921236,5,3.6874426292115,0.22437970974709,3.6678524124487,43.816812224824,12.533744029046,13.414451945691
3.2,0.20078937186734,-0.07690946869369,2.2175439784169,1.9525691536932,5,3.7006573448984,0.22630503336048,3.66980599773,44.056271306063,12.531865475983,13.412578739971
3.225,0.20239202122394,-0.077938818287881,2.2172124194271,2.3723510330359,5,3.7137390159545,0.22820977626893,3.6717393825627,44.318753423294,12.530007257717,13.410724378193
3.25,0.20399996488675,-0.078996046647361,2.2168786061702,2.4727446823387,5,3.7266889818619,0.23013415009614,3.6736924944175,44.559883162634,12.528125484423,13.408847214284
3.275,0.20558869773452,-0.080034648505774,2.216551234768,1.7093789484634,5,3.7395085686168,0.23203224542616,3.6756186143298,44.832339951669,12.526270475496,13.40699736245
3.3,0.20718168203517,-0.081074567518074,2.2162193140119,2.4781839611934,5,3.7521990888654,0.23393462039821,3.677549728496,45.089309168256,12.524411556752,13.405142245299
3.325,0.20877245754439,-0.082115804462423,2.2158920281066,1.9901056135144,5,3.7647618420382,0.23583586764542,3.6794789400341,45.351360646682,12.522553263143,13.403289373871
3.35,0.21035231949834,-0.083150764779963,2.215564576644,2.0269193088207,5,3.7771981144833,0.23772454619203,3.6813957945181,45.618834785949,12.520707113857,13.40144779911
3.375,0.21191692504258,-0.084207104284377,2.2152369674673,2.3362263788454,5,3.7895091795979,0.23961236071089,3.6833118246405,45.894356836397,12.518856461021,13.399601969839
3.4,0.21348899132013,-0.085232374297834,2.2149126861182,2.4863285298587,5,3.8016962979587,0.24148921205863,3.6852164845511,46.165398661837,12.51702271013,13.397773127411
3.425,0.21504434708679,-0.086292505927318,2.2145870487893,2.330802210463,5,3.813760717451,0.24337150072744,3.6871267333052,46.441378079663,12.515175872258,13.395931584075
3.45,0.21660682705559,-0.087317460154027,2.2142653070937,2.5355348529314,5,3.8257036733967,0.2452401566133,3.6890228853399,46.73836118961,12.513349099526,13.394110185155
3.475,0.21815957845648,-0.088375732811678,2.2139376395255,2.3162581036375,5,3.8375263886802,0.24711924626813,3.6909303296945,47.013300418587,12.511505435758,13.392270901723
3.5,0.21973339555434,-0.089440107567995,2.213610473765,1.8051285862638,5,3.8492300738744,0.24901919202509,3.6928582382282,47.28967610286,12.509642650442,13.390413942697
3.525,0.22130388120058,-0.090510755669589,2.2132790946311,2.777948119514,5,3.860815927364,0.25091990571276,3.6947876227552,47.553974165401,12.507777745909,13.388553510519
3.55,0.22288541925979,-0.091588681033447,2.2129490913525,1.9302106166826,5,3.8722851354687,0.25283385078062,3.6967298091228,47.854571246579,12.505899911295,13.386681499265
3.575,0.22444519968273,-0.092655315804371,2.2126203231353,2.8838103351511,5,3.8836388725641,0.25472346044992,3.6986478063186,48.165845762106,12.504045400447,13.384831727349
3.6,0.22598701690331,-0.093731510152713,2.2122959582371,2.0825401541858,5,3.8948783012026,0.25660372495713,3.7005558438456,48.457334661006,12.502196696613,13.382988960699
3.625,0.22749588658022,-0.094783293051634,2.2119767690536,2.9638472448974,5,3.9060045722319,0.25844300062119,3.7024226102217,48.758080933353,12.500388514669,13.381185904895
3.65,0.22904021582264,-0.095833510757836,2.2116529212023,2.7193277235695,5,3.9170188249133,0.26031059534152,3.7043180751964,49.059061163531,12.498556572813,13.379358999981
3.675,0.23061158728004,-0.096937586303664,2.2113190959909,2.4279970711622,5,3.9279221870378,0.26223106170884,3.7062673392472,49.348697230917,12.496667294736,13.377474982692
3.7,0.23217303465853,-0.09802604475987,2.2109800593455,2.0086707338207,5,3.9387157750422,0.26413444283901,3.7082006797691,49.641976402327,12.494796116542,13.375606023297
3.725,0.23367922796571,-0.099104473764522,2.2106395041454,2.489373023849,5,3.949400694123,0.26598690806046,3.710084188527,49.954087876128,12.492970865537,13.373779433505
3.75,0.23517591966978,-0.10018864470871,2.2103052787229,2.8183754066347,5,3.9599780383496,0.26783501863433,3.7119622778024,50.246201909391,12.491148198581,13.371957525162
3.775,0.23674958661969,-0.10131267131054,2.2099507036397,2.708508082668,5,3.9704488907764,0.26976889129581,3.7139283874027,50.584048743418,12.489243130846,13.37005138914
3.8,0.23828460047061,-0.10242397160366,2.2096085649451,2.3145541779886,5,3.9808143235538,0.27166395220882,3.7158540859124,50.859739901904,12.487374260566,13.368183514237
3.825,0.23980733720096,-0.10349382066922,2.2092692861547,2.8512454807502,5,3.9910753980379,0.27352494768787,3.7177457556168,51.183592775056,12.485543547969,13.366352312553
3.85,0.24133496670836,-0.10460110833637,2.2089273648096,2.4723996982709,5,4.0012331648991,0.27541167445392,3.7196632143767,51.525037546123,12.483682734162,13.364492058538
3.875,0.24282934199263,-0.10568786743319,2.2085892488994,2.1152650522666,5,4.0112886642297,0.27725943061336,3.7215416512784,51.85318474018,12.481859887252,13.362668636448
3.9,0.24430824340838,-0.10678118142979,2.2082581202912,2.5483536663466,5,4.0212429256504,0.27909858392199,3.7234103757224,52.183209234479,12.480043232754,13.360853501935
3.925,0.2457747663189,-0.10788123221633,2.2079239330282,2.4780503934323,5,4.0310969684159,0.28093183272672,3.7252738354904,52.509057009651,12.478230468395,13.359040917446
3.95,0.24725557031127,-0.10897817877915,2.2075846247036,2.1985481301186,5,4.0408518015192,0.282774676243,3.7271476557498,52.854623186402,12.476409903369,13.357219226247
3.975,0.24870096621554,-0.11008415035636,2.2072395648124,2.6259869483773,5,4.0505084237946,0.28459466043241,3.7290000619629,53.175966439959,12.47460775305,13.355412689449
4,0.25015405356721,-0.11116075408187,2.2069199708156,2.3973478917075,5,4.0600678240203,0.28640312343545,3.7308365473988,53.507209845908,12.472821141429,13.353629769759
4.025,0.25160711463341,-0.11226371160628,2.2065828162534,2.9738288568904,5,4.0695309810197,0.28822737719048,3.7326916956305,53.835022665659,12.471015772934,13.351823066705
4.05,0.25309503749285,-0.11337381238793,2.2062392883447,2.2876250465282,5,4.0788988637613,0.29008378182877,3.7345796176641,54.16572663713,12.469180864094,13.349986503816
4.075,0.25459032445125,-0.11451261480382,2.2058934119791,1.9770410998804,5,4.0881724314583,0.29196334401993,3.7364907389294,54.495352861931,12.46732034022,13.348125185578
4.1,0.2560682482693,-0.1156580492581,2.2055456035554,2.8524519953204,5,4.0973526336665,0.2938331779433,3.7383926457622,54.845166770112,12.465467274701,13.346270151961
4.125,0.257524706807,-0.11676152963793,2.205206665689,2.4677522927159,5,4.1064404103817,0.29566045472056,3.7402510911604,55.181300592256,12.463659172707,13.344460291894
4.15,0.25894248752717,-0.11787476451352,2.2048758329711,2.4342368927253,5,4.1154366921358,0.29746306229258,3.7420838061808,55.544542679435,12.461871253356,13.342672186314
4.175,0.26037526199575,-0.11897247981067,2.2045410859098,2.468770481373,5,4.1243424000923,0.29926800593475,3.7439195286942,55.890380410151,12.460083883165,13.340883203069
4.2,0.26184069761502,-0.12009628972859,2.2042024736846,2.330501538622,5,4.1331584461405,0.30111474638372,3.745797055931,56.21578204799,12.458255010135,13.339054084211
4.225,0.263282050592,-0.12122790454012,2.2038615910635,2.673261451746,5,4.1418857329889,0.30294724481098,3.747660990331,56.568963081312,12.456437470265,13.337234747202
4.25,0.26470940124466,-0.12232366194338,2.2035306954923,2.4330084057611,5,4.1505251542574,0.30474669310767,3.7494906094311,56.919064628934,12.4546553147,13.335452035003
4.275,0.26616992091497,-0.12347016916418,2.2031882288171,2.6224163374578,5,4.1590775945693,0.30660346356056,3.7513786983957,57.288525330132,12.452813725743,13.333609687733
4.3,0.26761974014852,-0.12459668954687,2.2028480034976,2.42727996849,5,4.1675439296414,0.30843949841386,3.7532459898166,57.633583861263,12.450993893093,13.331788469149
4.325,0.26905277181902,-0.12573992893536,2.2025109956037,2.633109910537,5,4.1759250263739,0.31027268582056,3.7551098971074,57.993561640228,12.449173920794,13.329968278587
4.35,0.27050897864975,-0.12688110995608,2.2021627562508,2.5013877250459,5,4.1842217429392,0.31212277567133,3.7569924759511,58.358646346155,12.447339166613,13.328130276272
4.375,0.27197378933825,-0.12801881545773,2.2018219923258,2.2777909012935,5,4.1924349288695,0.31397751127557,3.7588782554224,58.739963285001,12.445500860667,13.326291637755
4.4,0.27336717501691,-0.12914359716556,2.2014943481604,2.5354191849903,5,4.2005654251443,0.31576822552964,3.7606986971926,59.105059843542,12.443721862119,13.324513085723
4.425,0.27479197989438,-0.13025810526597,2.2011568637782,2.175855600684,5,4.2086140642758,0.31757714709918,3.7625388311424,59.488780034236,12.441928157376,13.322717289407
4.45,0.27620183249798,-0.13139126440699,2.2008273880291,2.5778532273199,5,4.2165816703949,0.3193859406205,3.7643773871714,59.867205650464,12.440131646102,13.32092174391
4.475,0.27767149258386,-0.13253266299079,2.2004796361981,2.2970751620667,5,4.224469059335,0.32124677148201,3.766270433085,60.23137311789,12.438287324395,13.319075022337
4.5,0.27906815224463,-0.13367722333895,2.2001516643358,2.6401499960963,5,4.2322770387158,0.32305250584747,3.7681057102143,60.597624171448,12.436491943998,13.317281087592
4.525,0.2805176624229,-0.13483538266343,2.1998059071496,2.4875728535745,5,4.240006408026,0.32490787987385,3.7699930259826,60.967136337705,12.434649811225,13.315437140422
4.55,0.2819637139262,-0.13597626753239,2.1994656046382,2.3558152243089,5,4.247657958705,0.32674980366012,3.7718661220917,61.325767031824,12.432822423531,13.313608922362
4.575,0.28341370078214,-0.13714449389932,2.1991225147102,2.3031048104689,5,4.2552324742243,0.32861184950455,3.7737595120213,61.708799894976,12.430972787104,13.311758939074
4.6,0.28490924629353,-0.13834791549806,2.1987618519255,2.3834082675694,5,4.2627307301672,0.33053145360982,3.7757127036568,62.139416748505,12.429066115847,13.309849417644
4.625,0.28636011951274,-0.13952716713059,2.1984212215793,2.3689331988052,5,4.2701534943086,0.33240112403828,3.7776131500633,62.532112232402,12.427208004569,13.307992417937
4.65,0.287831334697,-0.14070486492297,2.1980688019128,2.0897039472473,5,4.2775015266936,0.33428565215125,3.7795303474527,62.929710174496,12.425336741638,13.306118928189
4.675,0.28922939812146,-0.14185497426126,2.1977402899402,1.9124898745893,5,4.2847755797152,0.33609599267967,3.7813702531418,63.344156010259,12.423536444007,13.304320268587
4.7,0.29063785429788,-0.14299815994883,2.1974016071833,2.4347325619439,5,4.2919763981911,0.33790999993355,3.7832156063132,63.754299734002,12.421733799259,13.302515786457
4.725,0.29203633420593,-0.14414425103515,2.1970704147125,2.0729940732603,5,4.2991047194407,0.33971811243873,3.7850538008851,64.160036236551,12.419936080804,13.300718592917
4.75,0.29344819463076,-0.14530996214776,2.196732007786,2.5302545796691,5,4.3061612733598,0.34154902266516,3.7869157223402,64.558104214465,12.418114994073,13.298897005305
4.775,0.29489429752278,-0.14648099164916,2.1963861888055,2.1203306803731,5,4.3131467824957,0.3434098084313,3.7888083698073,64.966633908271,12.41626611033,13.297046817648
4.8,0.29628393820547,-0.1476518862416,2.1960520638462,1.9424552179013,5,4.3200619621213,0.34522697528484,3.7906559993324,65.362107932508,12.414456911662,13.295237880174
4.825,0.29767703187648,-0.14878780592621,2.1957232479657,2.6062862079006,5,4.3269075203081,0.34702448008486,3.7924833316474,65.779643757575,12.412670234323,13.293451880658
4.85,0.29909614293928,-0.14994076686022,2.1953844747158,2.2000473875342,5,4.3336841579987,0.34885292071116,3.7943428913907,66.216548201702,12.41085316809,13.291633949898
4.875,0.30052866516468,-0.15115008082215,2.1950375913762,2.5623505007756,5,4.340392569079,0.35072763673893,3.7962494296767,66.604289286145,12.408986517752,13.289766826277
4.9,0.30194766889151,-0.15232579151377,2.1946953299479,2.2870433764958,5,4.3470334404485,0.35257042462882,3.7981237322383,67.02202148541,12.407153309854,13.287932592026
4.925,0.30340947323324,-0.15352880157369,2.1943406848495,2.4981871717201,5,4.3536074520914,0.35446359792723,3.8000498366704,67.418986938143,12.405270632067,13.286047742108
4.95,0.3049017264362,-0.15476248436415,2.1939847118673,2.1303169640752,5,4.3601152771456,0.35639977789025,3.8020184680766,67.848450726937,12.403344738213,13.284122074853
4.975,0.30636012530967,-0.1559950705532,2.193632471975,2.1911563587198,5,4.3665575819721,0.35830927939263,3.8039601861121,68.242281790865,12.40144336208,13.282220645873
5,0.30785302146495,-0.15727398107323,2.1932621872363,1.0201724552466,5,4.3729350262229,0.36027507466393,3.8059605515378,68.642062888917,12.399484769226,13.28025934212
5.025,0.30922272590905,-0.15844319128256,2.1929337855372,1.3381826532203,5,4.3792482629088,0.36207594744616,3.8077911226109,69.056250753036,12.397690770044,13.278466723751
5.05,0.3105906554018,-0.15958500208644,2.1926079520666,1.7147888472141,5,4.3854979384661,0.36385779003434,3.8096025117076,69.483000770167,12.39591755754,13.276694441403
5.075,0.31200274547227,-0.1607719686934,2.1922657442578,2.1546342874067,5,4.3916846928228,0.36570248190377,3.8114786764865,69.907179460755,12.394081187572,13.274857335247
5.1,0.31339923826902,-0.16196511805191,2.191930719182,1.7799550075738,5,4.3978091594642,0.36753927190894,3.8133457703043,70.324357507607,12.392251343813,13.273028903768
5.125,0.31489504005972,-0.16321424386549,2.1915619635498,1.9647838837115,5,4.4038719654976,0.36948805057651,3.8153291308392,70.776067507183,12.390311968026,13.271086135106
5.15,0.31627183495785,-0.16441356681032,2.1912241592345,1.8519180765195,5,4.409873731717,0.37131395849246,3.8171860238014,71.203132751004,12.38849153298,13.269265510031
5.175,0.31762341105944,-0.16553274850644,2.1909051234705,1.9978364110727,5,4.4158150726657,0.37306875922968,3.8189695902975,71.643083596089,12.386745934663,13.267521486529
5.2,0.31910210470689,-0.1668101742663,2.1905446320123,1.5254222759932,5,4.4216965967005,0.37502281948334,3.8209566246622,72.088272606751,12.384798374053,13.265574064383
5.225,0.32044365336528,-0.16796313113198,2.1902171404604,1.8873330055329,5,4.4275189060527,0.37679173506554,3.8227556002188,72.49539827177,12.38303571938,13.263811104202
5.25,0.32179760434326,-0.16912784801884,2.1898895904884,1.7289863152407,5,4.4332825968909,0.37857772181725,3.8245713748914,72.951874911046,12.381255985748,13.262032186401
5.275,0.32329889718483,-0.17039612825487,2.1895246970573,1.7955575898237,5,4.4389882593812,0.38054302458102,3.8265702651258,73.370734374773,12.379299114228,13.260074521999
5.3,0.32474186558075,-0.17162251038714,2.1891767660048,1.4630097576779,5,4.4446364777481,0.3824367433896,3.82849568117,73.806347385494,12.377413009103,13.25818901195
5.325,0.32610926045219,-0.1728140242804,2.1888403127727,1.954652521287,5,4.450227830334,0.38425043412736,3.8303403152448,74.222571111068,12.375604745286,13.256380294538
5.35,0.32747109615898,-0.1739670984719,2.1885119699207,1.8615670662428,5,4.4557628896589,0.38603486024895,3.8321546982285,74.666405980409,12.373827797687,13.254603727934
5.375,0.32889004293597,-0.1752223217292,2.1881631108538,1.44178054998,5,4.4612422224785,0.3879293246539,3.8340810154481,75.105131941113,12.371937962922,13.252714430356
5.4,0.33033510519489,-0.17643984183977,2.187810556271,1.6229996313527,5,4.4666663898425,0.38981891724274,3.8360032159802,75.533549006405,12.370056719874,13.25083183791
5.425,0.33168229982092,-0.17762161451888,2.1874832320777,1.1932565827413,5,4.472035947152,0.391610988677,3.8378249352651,75.984461609684,12.368269568854,13.249046137025
5.45,0.33299080128035,-0.17878264756308,2.1871614696582,2.1726923058872,5,4.4773514442164,0.3933603239219,3.8396036159148,76.407496883777,12.366524331017,13.247301565247
5.475,0.33446683504227,-0.1800505616303,2.1867941264002,2.3027454891173,5,4.4826134253096,0.39530616095212,3.8415838236861,76.872391332602,12.364585441024,13.245359882649
5.5,0.33588134570519,-0.18128020797601,2.1864540339542,1.3165605344313,5,4.4878224292258,0.39718042628847,3.8434886946588,77.285853918705,12.3627169678,13.243493715005
5.525,0.33721004588387,-0.18241381013272,2.1861338261125,2.4145500854346,5,4.4929789893348,0.39892699378345,3.8452643722975,77.762132737239,12.360977146038,13.24175478186
5.55,0.33855135477874,-0.18355794254538,2.1858093028308,2.9385871639904,5,4.4980836336363,0.40068998797775,3.8470569860008,78.202945253287,12.35922097813,13.239999050269
5.575,0.34001228292775,-0.18481541224762,2.1854524357128,2.3611256501689,5,4.5031368848143,0.40261756186963,3.8490173163935,78.661174827092,12.357300132957,13.238078005432
5.6,0.34135439295685,-0.18600827300071,2.1851251252058,2.1467331040704,5,4.5081392602902,0.40441316096365,3.8508425035824,79.081208498395,12.355508646429,13.236288322528
5.625,0.34270222335591,-0.18716092734523,2.1847961790912,2.1761443097698,5,4.5130912722765,0.40618664872018,3.8526462398073,79.523785941021,12.353741834521,13.234521093975
5.65,0.3440814381674,-0.18836275575597,2.1844593044751,2.4616722247543,5,4.5179934278283,0.40801602703674,3.8545063767732,79.971991575196,12.351917951202,13.232697756556
5.675,0.34542553215742,-0.18956323250678,2.1841289263403,2.3216864371294,5,4.5228462288961,0.40981817383522,3.8563385565666,80.405786653601,12.350119645308,13.230900633275
5.7,0.34680805268483,-0.19076159895832,2.1837941493541,2.2338138268157,5,4.5276501723764,0.41164777629501,3.8581985352738,80.842686832088,12.348295918201,13.229078211642
5.725,0.3482083470957,-0.19199219005405,2.1834429656856,2.2503039748166,5,4.5324057501635,0.41351195946251,3.860095508877,81.292280382784,12.346436748525,13.227216829495
5.75,0.3496137585055,-0.19325125460327,2.1830993689335,1.8535443536301,5,4.5371134491989,0.41539886824937,3.8620134461799,81.743944256829,12.344553681344,13.225335872499
5.775,0.35099531852213,-0.19444645730683,2.1827571159345,1.8986262416735,5,4.5417737515219,0.41722567354335,3.8638720356175,82.169204862074,12.342732889173,13.223513534278
5.8,0.35233509206751,-0.19561789455427,2.1824218344156,2.1523424373104,5,4.5463871343184,0.41900535283401,3.8656830221096,82.637012994917,12.340958334691,13.221736863927
5.825,0.35379555559596,-0.1968833027491,2.1820555592593,2.2109107840103,5,4.5509540699704,0.42093776366442,3.8676498391086,83.092399691794,12.339032169496,13.219807568168
5.85,0.35519656988522,-0.19811865985316,2.1817048516971,1.0477362632518,5,4.5554750261036,0.42280563630817,3.8695503506206,83.54932024353,12.337169102811,13.217942763248
5.875,0.35656320791923,-0.19933220114973,2.1813595497846,1.3679783230892,5,4.5599504656359,0.42463330750247,3.8714103547618,83.984834923041,12.335345689701,13.216116918418
5.9,0.35790403647771,-0.20049726825573,2.1810260329599,2.0414335939495,5,4.5643808468247,0.42640959649492,3.8732176831927,84.449763120306,12.333574946815,13.214344472101
5.925,0.35921603820208,-0.2016227443986,2.1807027802215,2.5972064925725,5,4.5687666233135,0.42813819276731,3.8749762443676,84.8578189344,12.331852651015,13.212620936064
5.95,0.36061487104148,-0.20286515703094,2.1803469810283,1.8416894367067,5,4.5731082441785,0.4300091076402,3.8768806906198,85.330143791138,12.32998608482,13.21075107091
5.975,0.36204862733209,-0.20413594316463,2.1799896385532,1.7678240464129,5,4.5774061539749,0.43192497676371,3.8788296000951,85.769901667778,12.328074806023,13.20883892912
6,0.36347730960825,-0.20540648424668,2.1796288980691,1.1112350579439,5,4.581660792782,0.43383688881383,3.8807752468729,86.219727147096,12.326167258681,13.206929059232
6.025,0.36480145785743,-0.20656893989352,2.1792969765765,2.2510983665289,5,4.5858725962483,0.43559889667893,3.8825682453654,86.651112637338,12.324410073958,13.205169880906
6.05,0.36620365282837,-0.20779796337207,2.1789450047695,1.3138999064387,5,4.5900419956364,0.43746347423092,3.8844657525723,87.129192596603,12.322550710682,13.203308147485
6.075,0.36762941405461,-0.20906757528037,2.1785822148108,1.6943502104502,5,4.5941694178671,0.4393725864518,3.886409029708,87.59875199008,12.320645877107,13.201400100866
6.1,0.36895570414749,-0.21022858908612,2.1782516936637,1.9696319451806,5,4.5982552855627,0.44113525444879,3.8882024183152,88.014810689262,12.318888224718,13.199641013509
6.125,0.37027288645799,-0.21138181494264,2.1779212726245,2.9249847288667,5,4.6023000170907,0.4428859397761,3.8899840123145,88.483996356412,12.317142511838,13.19789311274
6.15,0.37170952774676,-0.21267748869208,2.1775569432194,1.3867215117992,5,4.6063040266066,0.44482054791667,3.8919526272014,88.941492876484,12.315211463524,13.195960073904
6.175,0.37307444360011,-0.21389908567387,2.1772133120201,1.3142256562561,5,4.6102677240961,0.44665229420714,3.8938163269824,89.398896181691,12.313383524945,13.194130706914
6.2,0.37442444663528,-0.21508630716906,2.1768759503277,2.3415368768727,5,4.6141915154173,0.44845007146632,3.8956454841613,89.848459945788,12.31159056407,13.192336243375
6.225,0.37575874271295,-0.21627656774097,2.1765417670146,3.5139714860751,5,4.6180758023421,0.45023810565278,3.8974644796914,90.325829049105,12.309806440327,13.190551177059
6.25,0.37717916026444,-0.21756060006971,2.1761761872907,2.2205928708209,5,4.6219209825973,0.45215287066233,3.8994138317829,90.776559200004,12.307895069736,13.188636088754
6.275,0.3785334990161,-0.21875840507874,2.1758382394223,2.2462917008708,5,4.6257274499055,0.45396090005753,3.9012531737999,91.240977244922,12.306091523143,13.186831560949
6.3,0.3799806810171,-0.22005215762333,2.1754692804301,0.93807514855334,5,4.6294955940255,0.4559020675904,3.9032290943774,91.709684398346,12.304154468085,13.184891307291
6.325,0.38135806709101,-0.22130590924896,2.1751154062476,1.4394375009466,5,4.6332258007918,0.45776461572007,3.9051249615859,92.173137279836,12.302294855298,13.183028752664
6.35,0.38266876530165,-0.22246417407883,2.1747896064631,1.8484546707025,5,4.6369184521545,0.45951376042979,3.9069041897093,92.63574121995,12.300550100863,13.181283480545
6.375,0.38398051906067,-0.22363438933441,2.1744613050584,1.9033493299303,5,4.6405739262181,0.46127162893132,3.9086924524085,93.098921555559,12.29879608043,13.179528670408
6.4,0.38539561905139,-0.22490147463013,2.1741062082107,1.4622084712691,5,4.6441925972805,0.46317110599893,3.9106248361441,93.584218758589,12.296900535103,13.177632170585
6.425,0.3868416812733,-0.22620177899814,2.1737323607089,1.3707124856704,5,4.6477748358712,0.46511581353455,3.9126051516123,94.051227528507,12.294959595147,13.175686579457
6.45,0.38813505691764,-0.22736135201881,2.1734124741526,1.7246081009878,5,4.6513210087893,0.46685288870495,3.9143714351559,94.515707790997,12.293226047134,13.173953923355
6.475,0.38946745904006,-0.22856451671595,2.1730771498902,1.5908981626368,5,4.6548314791408,0.46864813261715,3.9161977273191,94.975713156455,12.291434052882,13.172161186722
6.5,0.39079554388306,-0.22974714147998,2.172742088323,1.795154185512,5,4.6583066063762,0.47042644942882,3.9180073341649,95.43041805975,12.289659741816,13.170385053556
6.525,0.3920988305294,-0.23092390438637,2.1724124949655,2.7206929330116,5,4.6617467463269,0.47218238992337,3.9197939395499,95.849744125754,12.28790698671,13.168631008896
6.55,0.39353210659726,-0.23221143043592,2.1720479351846,1.3903487670559,5,4.6651522512419,0.47410904599413,3.9217547831053,96.342862037848,12.285984128296,13.166705673404
6.575,0.3949333372413,-0.23347142161358,2.1716897770505,1.7935910307566,5,4.6685234698238,0.4759934623721,3.9236729338644,96.78762390015,12.284103369241,13.164821932348
6.6,0.39623549734632,-0.23465043987523,2.1713630249331,1.9117896889099,5,4.6718607472644,0.47775007986046,3.9254596828526,97.230533621751,12.282349796692,13.163068171664
6.625,0.39760928988233,-0.23587749471961,2.1710176655232,1.6327046174597,5,4.6751644252804,0.47959208135968,3.9273337806742,97.684517312589,12.280511765276,13.161228919601
6.65,0.39902714471327,-0.23717170041088,2.1706392404415,0.97040600882912,5,4.6784348421478,0.48151178985133,3.9292904324663,98.152301989037,12.278594946714,13.15930426881
6.675,0.40038269797483,-0.23838613780013,2.170280249788,1.7994134093897,5,4.6816723327371,0.48333178513082,3.9311454950277,98.609806260922,12.276778698485,13.157480455956
6.7,0.40171926345163,-0.2395635887724,2.1699299511189,1.9215019646569,5,4.6848772285472,0.48511302011415,3.9329608482229,99.058440965605,12.275002148255,13.155696818036
6.725,0.40306827473892,-0.24074381790438,2.1695728335482,1.6519056226381,5,4.6880498577395,0.48690544089544,3.9347884984128,99.512463864777,12.27321489881,13.153900751531
6.75,0.40445261895397,-0.24198306787554,2.1692023394232,1.2515344084521,5,4.6911905451717,0.48876343696562,3.9366830736405,99.984482638788,12.271360778788,13.152037486912
6.775,0.40585219430128,-0.24322236921634,2.1688318387015,1.4257106608931,5,4.6942996124306,0.49063284301196,3.938588841137,100.4442358629,12.269495954651,13.150164240514
6.8,0.4072682260911,-0.24449355941894,2.1684531198787,1.4358181383074,5,4.6973773778655,0.49253575408738,3.9405290726974,100.90617045886,12.267596845731,13.148256056688
6.825,0.40865412604831,-0.24576387200537,2.168078638014,0.58330380976936,5,4.7004241566204,0.49441575748063,3.9424460102095,101.41255315938,12.265719469748,13.146369682882
6.85,0.41002724675612,-0.24699869596469,2.1677106937549,1.6490032004191,5,4.7034402606666,0.49626244388843,3.9443289955166,101.88368185135,12.263876374537,13.144517653911
6.875,0.4113652513892,-0.2481638594337,2.167357461178,1.6869345863184,5,4.7064259988344,0.49803666549455,3.9461380382361,102.36390582533,12.262107595204,13.142740263635
6.9,0.41270190502964,-0.24934927869214,2.1670064927792,1.5224303037871,5,4.709381676845,0.49982324372479,3.9479587635283,102.8534664835,12.260325306378,13.140951091263
6.925,0.4140926704561,-0.25059543824868,2.1666371878517,1.8523152012493,5,4.7123075973414,0.50169063284113,3.9498623202628,103.32539221039,12.25846176552,13.139079520129
6.95,0.41544133403915,-0.25181129824904,2.1662732711253,1.2196622016975,5,4.7152040599197,0.50350645469382,3.9517142501709,103.82139386898,12.256649340287,13.137257585887
6.975,0.41683390890236,-0.25306721862223,2.1659015611225,1.0381812080852,5,4.7180713611598,0.50538171487136,3.9536259952008,104.33443640205,12.254777567517,13.135377484798
7,0.41818099745942,-0.25429369843344,2.1655433074593,1.5886236980349,5,4.7209097946555,0.50720349979496,3.9554826712617,104.79606424908,12.252958667425,13.133551563793
7.025,0.41953747299331,-0.25549729945975,2.1651812343045,1.2373486989153,5,4.7237196510447,0.50901697196309,3.9573319355138,105.31568951941,12.251149523907,13.131733377814
7.05,0.42093153101265,-0.2567884911407,2.164802521035,1.0135844874064,5,4.7265012180395,0.51091712293557,3.9592694590514,105.81159148097,12.249251539756,13.12982632567
7.075,0.42222787947454,-0.25796079162888,2.164457461567,1.4171665872987,5,4.7292547804549,0.51266492377355,3.9610509959737,106.3141749106,12.247506851289,13.128074412915
7.1,0.42356462272983,-0.25916359033255,2.1641027356315,1.5631144847186,5,4.7319806202387,0.51446314713346,3.9628838728767,106.80319215777,12.24571210347,13.126272325291
7.125,0.42488272316268,-0.2603648744563,2.1637528839918,1.4407389692029,5,4.7346790165001,0.51624653500407,3.9647012524372,107.27446487344,12.243931494383,13.124485190685
7.15,0.42616953765086,-0.26152328084478,2.1634162627615,1.9689910824905,5,4.7373502455379,0.51797794971115,3.9664650865395,107.72018017944,12.242203403323,13.122751822421
7.175,0.42747663570925,-0.26269789557832,2.1630716313571,1.7601797717848,5,4.7399945808696,0.51973528437093,3.9682558952706,108.20186272287,12.240449538119,13.120991532001
7.2,0.42894248618605,-0.26402860722809,2.1626706046796,1.2504542826749,5,4.7426122932586,0.52171505989234,3.9702758788129,108.67188312734,12.238473069809,13.119003273935
7.225,0.43029145080702,-0.26526379574155,2.1623080029948,1.3624833904959,5,4.7452036507426,0.5235441023228,3.9721405171677,109.13241788727,12.236646647513,13.117168839298
7.25,0.43160405077863,-0.26645591062298,2.1619563603431,1.529952065365,5,4.7477689186603,0.52531725109715,3.9739481977619,109.60959719298,12.234876440068,13.115390801016
7.275,0.43298718152475,-0.26769967870682,2.1615897421715,1.1864337157131,5,4.7503083596794,0.52717736123025,3.975844092957,110.09525439964,12.233019967824,13.113526902519
7.3,0.4342904229144,-0.26889721961098,2.161241491674,1.777454830612,5,4.7528222338228,0.52894726019257,3.9776479279677,110.54741743783,12.231252442849,13.111752603703
7.325,0.43566437210397,-0.27014453870629,2.1608735235221,1.0082453817314,5,4.7553107984958,0.53080293831688,3.9795397371182,111.02001340515,12.229399867628,13.109891870021
7.35,0.43698582145898,-0.27133730933156,2.1605194306516,1.5691428871063,5,4.7577743085118,0.53258308723267,3.9813547610639,111.48711647376,12.227622998333,13.108106764569
7.375,0.43824678466374,-0.27248211838134,2.1601904718978,1.9635604475542,5,4.760213016119,0.53428620671297,3.9830893589498,111.96069170026,12.22592272568,13.106402174226
7.4,0.43963398686946,-0.27373783763007,2.1598177743209,1.8663523814053,5,4.762627171026,0.53615734561514,3.9849972541972,112.41276985491,12.224054875743,13.104525511048
7.425,0.44092519755889,-0.27493783304054,2.1594704440636,2.5096901319277,5,4.7650170204272,0.53792007475759,3.9867938766777,112.85846820628,12.222294027354,13.10275780936
7.45,0.44229442629008,-0.27617145912864,2.1591034127608,3.1772324290637,5,4.7673828090285,0.53976306706456,3.9886730607083,113.34568178976,12.220454537243,13.100909658042
7.475,0.44362604403407,-0.2773823736465,2.1587513011221,2.2116985716725,5,4.7697247790718,0.54156293366675,3.9905070460931,113.7931372108,12.21865759934,13.099106584175
7.5,0.44504873348884,-0.27867289159594,2.1583642383176,0.90506323897966,5,4.7720431703605,0.54348373606745,3.9924664591371,114.29744015114,12.216740060432,13.09717842597
7.525,0.4463501936809,-0.27988040120636,2.1580151860211,1.7200085322828,5,4.7743382202833,0.54525908901568,3.9942758003422,114.76861561692,12.21496667316,13.095398438026
7.55,0.44770540519373,-0.28111509765519,2.1576485520417,0.83385113813717,5,4.7766101638392,0.54709241210921,3.9961454243793,115.26820728741,12.213136238358,13.093558907791
7.575,0.4490543154107,-0.28235901113742,2.1572879099842,1.3598852175724,5,4.7788592336612,0.54892731797184,3.9980154356677,115.74369065263,12.211303636856,13.091719524511
7.6,0.45038009136458,-0.28357532485415,2.1569342084599,0.78984009184836,5,4.7810856600399,0.55072651249645,3.9998490675025,116.23764467502,12.209506939251,13.089916140696
7.625,0.45169182644616,-0.28481411806314,2.1565777214229,1.1664442497056,5,4.7832896709477,0.55253074572386,4.0016881815681,116.7165073089,12.207704026014,13.088105962709
7.65,0.45296563046485,-0.28601279416517,2.1562352271057,0.6987799409083,5,4.7854714920616,0.55427986009279,4.0034705124669,117.20213192483,12.205956313926,13.086352325514
7.675,0.45422991024932,-0.28718557224119,2.1558990149271,1.9213935187138,5,4.7876313467866,0.5560043344443,4.0052274559544,117.64458289571,12.204233760439,13.084624426939
7.7,0.4556307376756,-0.28848982577576,2.1555088585273,1.0746508201379,5,4.7897694562784,0.55791833412054,4.0071808163351,118.13796554006,12.202321730169,13.082700355099
7.725,0.45695670786261,-0.28973038178131,2.155156847606,1.4860881463882,5,4.7918860394662,0.5597341469247,4.0090304346277,118.58766678913,12.200507592449,13.080881353034
7.75,0.45829489435785,-0.29094907654007,2.1547971620752,1.414123455953,5,4.7939813130749,0.56154410825331,4.0108757892528,119.06885150242,12.198700508627,13.079066170091
7.775,0.45965491422603,-0.29219918619126,2.1544296700305,1.3321852496913,5,4.7960554916475,0.56339138413466,4.0127592643879,119.54311536497,12.196855709447,13.077213002587
7.8,0.46092652673425,-0.29339808499212,2.1540881767882,1.8172849944726,5,4.7981087875672,0.56513905593044,4.0145399873704,119.99682521384,12.195109375822,13.075461057522
7.825,0.46225039683228,-0.29461698288313,2.1537347328386,1.8648154559411,5,4.8001414110786,0.56693859590088,4.0163739085058,120.46466917147,12.193312173528,13.073657365351
7.85,0.46358685089103,-0.29586839976185,2.1533733911737,2.3407877809024,5,4.8021535703099,0.56876948466197,4.0182401136001,120.94569734673,12.191482943701,13.071820961069
7.875,0.46494906128258,-0.29712355383524,2.1530041929059,1.4306443438863,5,4.8041454712936,0.57062178833545,4.0201288529309,121.42783507346,12.189633011855,13.069962422504
7.9,0.46631381528042,-0.29841007528201,2.1526310105399,1.160700617024,5,4.806117317988,0.57249733916324,4.0220411698466,121.90245705238,12.187758904623,13.068079907558
7.925,0.46758070496983,-0.29959442479589,2.1522927151133,1.5117146383496,5,4.808069312298,0.57423160940059,4.02380812685,122.34799145132,12.186026267789,13.066341928633
7.95,0.46887554864082,-0.30079391548502,2.1519438881603,1.2772114703802,5,4.8100016540958,0.57599665842133,4.0256073150805,122.85716959919,12.184263248364,13.064571821235
7.975,0.47027244402698,-0.30208544005469,2.1515648564471,1.538923539942,5,4.8119145412411,0.57789911799618,4.027547164939,123.31567644835,12.182363065975,13.062662901226
8,0.47156115639723,-0.30329136914264,2.1512187240696,1.5733852797086,5,4.8138081696018,0.57966406687317,4.0293457344153,123.77462705986,12.180599743818,13.060893499305
8.025,0.47290535244175,-0.30456079467123,2.1508437423149,1.5810857753182,5,4.8156827330736,0.58151293251966,4.0312322432266,124.2630077158,12.178752239125,13.059035184278
8.05,0.47423619983662,-0.30583742929359,2.1504649155305,1.3069513888404,5,4.8175384236002,0.58335709920069,4.0331149169849,124.74849378167,12.1769089338,13.057179405332
8.075,0.47549788502555,-0.30706216076573,2.1501077545216,1.131010940951,5,4.8193754311928,0.58511545544867,4.0349091802546,125.22890685827,12.175151111382,13.055411173895
8.1,0.47686688336095,-0.30838822715369,2.149708681353,1.134697221465,5,4.8211939439497,0.58702139576977,4.0368564521671,125.70765018728,12.173245801093,13.053490276953
8.125,0.47814542710935,-0.30961067559662,2.1493487000745,1.5791203766218,5,4.8229941480751,0.5887903090837,4.03866162275,126.16363443243,12.171477805558,13.051711554572
8.15,0.4794921717054,-0.310911147063,2.1489562588047,1.1068392520682,5,4.8247762278989,0.59066245946277,4.0405744628353,126.64747349836,12.169606351327,13.049824639424
8.175,0.48080463996748,-0.31217905224498,2.1485821778041,1.3383293525564,5,4.8265403658951,0.59248733109921,4.0424372814213,127.11401036087,12.16778214806,13.047988424321
8.2,0.48208837596906,-0.31341420074701,2.1482135889194,1.4121213626931,5,4.8282867427003,0.59426878273869,4.0442564646748,127.5712595216,12.166001450049,13.046194769763
8.225,0.4834283284665,-0.3147221048767,2.1478255699456,1.0073824617774,5,4.8300155371327,0.59614123725292,4.0461687001812,128.0689162595,12.164129444884,13.044308959595
8.25,0.48476305561182,-0.3160399174581,2.1474396983693,0.55976460811488,5,4.8317269262102,0.59801690421487,4.0480836475501,128.54895319367,12.162254023587,13.042420746889
8.2750000000001,0.4860517164719,-0.31730208794646,2.1470665871713,1.893924477342,5,4.8334210851684,0.59982071161978,4.0499256391679,129.00669259799,12.160450584027,13.040604273799
8.3000000000001,0.48736314922402,-0.31857212209807,2.1466901089883,0.798422379235,5,4.8350981874787,0.60164631908295,4.0517896612793,129.49290393873,12.158625586488,13.03876648892
8.3250000000001,0.4887106402041,-0.31990022248746,2.1462982971186,0.62725371500693,5,4.8367584048659,0.60353829756742,4.0537217842379,129.97696933517,12.15673388348,13.036860970688
8.3500000000001,0.49000086690082,-0.32116844493973,2.145923053582,1.0701059148011,5,4.838401907326,0.60534746121876,4.0555694532637,130.43669368097,12.154925026772,13.035038697597
8.3750000000001,0.4912566521784,-0.32240039026648,2.1455624039131,0.77274014956768,5,4.8400288631436,0.60710663316928,4.0573652133076,130.9112518231,12.153166186058,13.033268342014
8.4000000000001,0.49255093568718,-0.32365518231112,2.1451907865296,1.4767528491443,5,4.8416394389086,0.60890931807697,4.0592058035271,131.39408323328,12.151364078873,13.031453686634
8.4250000000001,0.49379419421915,-0.32486864921094,2.144838489386,1.5603949248558,5,4.8432337995342,0.61064661301286,4.060978458872,131.85596599374,12.149627202665,13.029706843469
8.4500000000001,0.49515264238716,-0.32621254450476,2.1444390757312,0.74269878956391,5,4.844812108273,0.61255748610804,4.0629306287553,132.32545160731,12.147716550834,13.027780947073
8.4750000000001,0.49649675612477,-0.32752204993246,2.1440481701714,0.53717901116383,5,4.846374526734,0.61443403778727,4.0648474629583,132.81257552378,12.145840490184,13.0258903868
8.5000000000001,0.49779682622686,-0.32882541468013,2.1436711220454,0.8431370372866,5,4.8479212148991,0.61627494569801,4.0667265870162,133.29364672379,12.143999649918,13.024037682002
8.5250000000001,0.49911659531046,-0.33012914887069,2.143285900628,0.34824825114165,5,4.8494523311397,0.6181300773035,4.0686212924851,133.78488564831,12.142144754342,13.022168925676
8.5500000000001,0.50035555547034,-0.33136040807359,2.1429291246867,0.70737649205389,5,4.8509680322325,0.61987679465398,4.0704040741809,134.2696197247,12.140398183673,13.020411460361
8.5750000000001,0.50165295455584,-0.33265143507118,2.1425528459756,0.67773038452544,5,4.852468473376,0.62170709383597,4.072272651384,134.7608407058,12.138568023074,13.018569013647
8.6000000000001,0.5029464845363,-0.33394566434069,2.1421729363973,0.96133065296374,5,4.853953808206,0.62353691601651,4.0741414960807,135.24411683862,12.13673828478,13.016725655761
8.6250000000001,0.50426040411446,-0.33525957231726,2.1417883396411,0.01727049253436,5,4.8554241888115,0.62539507070027,4.0760390348796,135.75056819982,12.134880220267,13.014854199887
8.6500000000001,0.50553787338817,-0.33651428744526,2.1414208466462,0.99269998038477,5,4.8568797657505,0.62718566775089,4.0778669541609,136.22996066849,12.133089940822,13.013052135607
8.6750000000001,0.50677869347764,-0.33774471176734,2.141066135376,1.001433053532,5,4.8583206880651,0.62893311689373,4.0796500409766,136.69659743544,12.131342664358,13.011294793806
8.7000000000001,0.50808926379915,-0.33905930059689,2.140679213858,0.69948995346356,5,4.8597471032966,0.63078938690598,4.0815462072719,137.20305141328,12.129486458634,13.009424252627
8.7250000000001,0.50931548214216,-0.34029288640121,2.1403282106093,1.0871375050258,5,4.8611591575012,0.63252873890065,4.0833206222859,137.68467905243,12.127747147558,13.00767569215
8.7500000000001,0.51059524112838,-0.34155760617483,2.1399570170312,1.0855983471634,5,4.8625569952644,0.63432798851329,4.0851577624115,138.165070889,12.125948121576,13.005864163558
8.7750000000001,0.51194371320236,-0.34289540956002,2.139560506867,0.79333012719977,5,4.8639407597163,0.63622748708705,4.087098204408,138.64154108207,12.124048804655,13.003949982934
8.8000000000001,0.51323884705289,-0.34418127191064,2.1391853754101,1.001090093834,5,4.8653105925456,0.63805253877825,4.0889614105924,139.12007617165,12.122223918107,13.00211293438
8.8250000000001,0.51451965967966,-0.34547397009361,2.1388083469348,0.24846120137822,5,4.8666666340149,0.63987230513061,4.0908198239071,139.61021908986,12.120404176771,13.000280004169
8.8500000000001,0.51574417566015,-0.34670182257933,2.1384565317911,0.88531533590647,5,4.8680090229742,0.64160639310794,4.09258924048,140.08865706857,12.118670151473,12.99853611377
8.8750000000001,0.51698507773485,-0.34795118294769,2.1380915628011,1.0424330476354,5,4.869337896876,0.64336728472557,4.0943875568184,140.56547038182,12.116909296682,12.996762459572
8.9000000000001,0.51830628018416,-0.34926463324926,2.1377103882745,0.37994272805357,5,4.8706533917886,0.64523027361624,4.0962891407967,141.0446760425,12.115046460593,12.99488787405
8.9250000000001,0.51960630657582,-0.3506479765473,2.1372913344589,0.19884203247363,5,4.8719556424107,0.64712861692008,4.0982331864236,141.53884690173,12.113148542847,12.992966888342
8.9500000000001,0.52089928349435,-0.35193971105336,2.1369169544573,1.3282361459266,5,4.8732447820845,0.64895628410697,4.1000988036758,141.99562724351,12.111320973449,12.991127654074
8.9750000000001,0.52209929109299,-0.35314454036259,2.1365627749136,0.73738638329811,5,4.87452094281,0.65065676401016,4.1018357766319,142.48384589663,12.109620546076,12.989414265635
9.0000000000001,0.5233646653436,-0.35444839057852,2.1361805431719,0.36649221112461,5,4.8757842552581,0.65247368376063,4.1036924668279,142.97957984245,12.10780365004,12.987582155383
9.0250000000001,0.52459759222047,-0.35571934489525,2.1358052101971,0.85669244795906,5,4.8770348487843,0.65424439931061,4.1055025243963,143.44589158769,12.106032959562,12.985795623365
9.0500000000001,0.52591043077577,-0.35704965977398,2.135408440536,0.57267129313469,5,4.8782728514414,0.65611343188092,4.1074132072358,143.93345902143,12.104163936879,12.983909671824
9.0750000000001,0.52722234528197,-0.35839174835611,2.1350084489836,0.16109085645049,5,4.8794983899934,0.65799021674708,4.1093321430543,144.41136867913,12.102287154136,12.982015327462
9.1000000000001,0.5284652802405,-0.35968701648381,2.134630239734,0.27850011133011,5,4.8807115899277,0.65978537881045,4.1111667135954,144.91790124398,12.100492095829,12.980205058483
9.1250000000001,0.52968874229498,-0.36094716615048,2.1342610812231,0.72118626689123,5,4.8819125754686,0.66154174909634,4.1129614599807,145.40225632982,12.098735746699,12.978434157137
9.1500000000001,0.53095878347372,-0.3622388837822,2.1338774355985,0.82942624772903,5,4.8831014695894,0.66335325096932,4.114813141109,145.89151708717,12.096924246604,12.976606606906
9.1750000000001,0.53222252482916,-0.3635455042761,2.1334918390933,0.042318902455046,5,4.8842783940256,0.66517102414783,4.1166713617615,146.38758394151,12.095106515683,12.974772549031
9.2000000000001,0.53352786796092,-0.36488786680184,2.1330908984099,0.27724833070154,5,4.8854434692869,0.66704341776087,4.118586201513,146.86903001075,12.093234137959,12.972882002644
9.2250000000001,0.53470870257003,-0.36611267858808,2.1327394580015,0.80553715372386,5,4.8865968146698,0.66874475085165,4.1203234535518,147.36074182952,12.091532865157,12.971168883044
9.2500000000001,0.53602908260952,-0.36745219205968,2.1323377218782,0.53672864371445,5,4.8877385482698,0.67062562825044,4.1222467558427,147.84727580342,12.089651994446,12.969270145617
9.2750000000001,0.53730296321226,-0.36877209586976,2.1319494006514,0.52239813765611,5,4.8888687869933,0.67245999949365,4.124121778838,148.33112957454,12.087817680189,12.967419670411
9.3000000000001,0.53854046227447,-0.37003903119168,2.1315750326026,0.38011563343063,5,4.8899876465696,0.67423102434918,4.1259319391831,148.81793393731,12.086046658512,12.965633252753
9.3250000000001,0.53983462235138,-0.37138348585454,2.1311784888148,0.15969325311469,5,4.8910952415632,0.67609714563279,4.1278397273319,149.28992041621,12.084180616217,12.963750238923
9.3500000000001,0.54112000041034,-0.37270492891617,2.130789376325,0.044428213605886,5,4.8921916853847,0.67794062292302,4.1297238231493,149.79796853514,12.082337153507,12.961890970519
9.3750000000001,0.54242101113279,-0.37405908742718,2.1303897148632,0.60391045482718,5,4.8932770903034,0.67981848718139,4.131643745923,150.28933208291,12.080459386138,12.959995912814
9.4000000000001,0.54357400928363,-0.37527553371623,2.1300442464385,0.69463447086649,5,4.894351567458,0.68149453798908,4.133355030453,150.76257748129,12.078783575169,12.958308736375
9.4250000000001,0.5448727934988,-0.37660598796825,2.1296446602775,0.27180855610604,5,4.8954152268681,0.68335382520582,4.1352567712488,151.25773795132,12.076924292421,12.95643094984
9.4500000000001,0.546067630464,-0.37784399029765,2.1292881333837,0.49831427547878,5,4.896468177446,0.68507437312466,4.1370138701552,151.74224016824,12.075203798046,12.954698131322
9.4750000000001,0.54725281043085,-0.37908407323525,2.1289301313144,1.5953550306893,5,4.8975105270073,0.68678973234241,4.1387661893977,152.21269107046,12.073488578995,12.952969702169
9.5000000000001,0.54853423259111,-0.38039385825462,2.1285367201333,0.63765723345067,5,4.8985423822821,0.68862210226952,4.1406403163697,152.69528375326,12.071656210168,12.951119259038
9.5250000000001,0.54975115985552,-0.38165161611037,2.1281733483388,1.3052842114091,5,4.8995638489259,0.69037220706368,4.1424277463268,153.160831382,12.069906144062,12.949356417308
9.5500000000001,0.55104306991381,-0.38298619177824,2.1277768285748,0.36340467023598,5,4.9005750315307,0.69222965795455,4.1443270492872,153.65361628388,12.068048731155,12.947481518635
9.5750000000001,0.55229922226798,-0.38430599451526,2.1273926467894,0.91111077850813,5,4.9015760336352,0.69405168923901,4.1461891431746,154.1195961882,12.066226900993,12.94564426245
9.6000000000001,0.5535959675226,-0.38564711840997,2.1269963099806,0.17026785002308,5,4.902566957736,0.69591720835077,4.1480962992832,154.62382234249,12.064361427295,12.9437619311
9.6250000000001,0.55488674689796,-0.38699298148455,2.1265986673963,0.34850905067069,5,4.9035479052973,0.69778200292695,4.1500030185693,155.10308119032,12.062496746475,12.941879872892
9.6500000000001,0.55616014073963,-0.38833628188134,2.1262077759959,0.19085611025415,5,4.9045189767623,0.69963294534421,4.1518947859755,155.58527754603,12.060646067388,12.940013318366
9.6750000000001,0.55734777405707,-0.38959442277507,2.1258456683927,0.67801157427916,5,4.9054802715625,0.701363087363,4.1536624152696,156.0615607721,12.058916237064,12.938269836674
9.7000000000001,0.55865577933378,-0.39097132854494,2.1254393076414,0.14127875715443,5,4.9064318881287,0.7032622311972,4.1556045471815,156.55243744974,12.057017330904,12.9363527414
9.7250000000001,0.5599179483886,-0.39228962967194,2.125054554155,0.04949200561201,5,4.9073739239004,0.70508733080665,4.1574697613327,157.05251332518,12.055192360862,12.934512394041
9.7500000000001,0.56106969149169,-0.39350001379498,2.1247132275308,1.3656207485777,5,4.9083064753363,0.70675812160769,4.159175060651,157.49517769457,12.053521757744,12.932831664565
9.7750000000001,0.56226369633201,-0.3947460830934,2.1243493310825,0.60367030990672,5,4.9092296379239,0.70848390729982,4.1609387944405,157.9789556618,12.051796086255,12.931091437137
9.8000000000001,0.56349558952475,-0.39603255184639,2.1239751308503,1.1086476265751,5,4.9101435061893,0.71026507621117,4.1627588462268,158.42581083788,12.050015042184,12.929295874304
9.8250000000001,0.5647729049648,-0.39735518750921,2.1235839170461,0.52911808267866,5,4.9110481737069,0.71210379854745,4.1646387260289,158.88429548047,12.048176372991,12.927440445174
9.8500000000001,0.56599961238405,-0.39863206222702,2.1232115199823,0.72367807575997,5,4.911943733109,0.7138744538322,4.1664481181121,159.36688823872,12.046405810002,12.925655317894
9.8750000000001,0.56725829538851,-0.39996167612677,2.1228247240898,0.78504636879101,5,4.9128302760955,0.71570534324124,4.1683194190207,159.83899161484,12.044575203335,12.923809018389
9.9000000000001,0.56844716361748,-0.40122610051957,2.122463630205,1.2493702902783,5,4.9137078934428,0.71744090560283,4.1700921472865,160.31310412129,12.042840022482,12.922060977576
9.9250000000001,0.56970619689506,-0.40254442687414,2.1220785739353,0.69080912839963,5,4.9145766750134,0.71926385627994,4.1719553213262,160.77402883345,12.041017230224,12.920222605457
9.9500000000001,0.57093061672292,-0.40382768824533,2.12170495336,0.6593730785058,5,4.9154367097653,0.72103754274086,4.1737679315976,161.2640571465,12.039243708866,12.918434304706
9.9750000000001,0.57217232991565,-0.40512465609932,2.1213236042643,0.78229252956221,5,4.9162880857606,0.72283308646556,4.1756035253435,161.74473001187,12.037448293298,12.916622804149
10,0.57343323529784,-0.4064491140729,2.1209389853275,0.5671115978379,5,4.9171308901751,0.72466176667451,4.1774722155354,162.22012777555,12.035619812415,12.914779310125
10.025,0.57469482961071,-0.40779760925364,2.1205474631268,0.54599714056397,5,4.9179652093065,0.72650840130614,4.1793598990619,162.69229129474,12.033773686493,12.912916875958
10.05,0.57590929165327,-0.40908070068762,2.1201791017467,0.96836027070754,5,4.9187911285841,0.7282751049261,4.1811645962074,163.16660711503,12.032007258548,12.911137120492
10.075,0.57713501141684,-0.41039413995836,2.1198011490578,0.26846901317532,5,4.9196087325768,0.73007163259266,4.1830004502027,163.6519912164,12.030211280221,12.909326354956
10.1,0.57836317865846,-0.41170587121072,2.119422108572,0.2968048926701,5,4.9204181050022,0.73186858380286,4.1848369428767,164.14085936749,12.028414807994,12.907514741512
10.125,0.57968096146126,-0.41309781854076,2.1190129770391,0.31038389224315,5,4.9212193287351,0.73378536988507,4.1867969065233,164.63993753685,12.026498317662,12.905580376304
10.15,0.58092515028862,-0.41442011599917,2.1186306891433,0.18742880521963,5,4.9220124858157,0.73560099000134,4.1886523365117,165.11299392059,12.024683083957,12.903750115573
10.175,0.58211203116137,-0.41569599866543,2.1182667530928,0.087629712307645,5,4.9227976574585,0.73734356361074,4.190432508479,165.60856709482,12.022941114521,12.90199479252
10.2,0.58336799170732,-0.41703177664986,2.117877252627,0.24593112906639,5,4.9235749240601,0.73917706837394,4.1923069284772,166.11154585406,12.021108014075,12.900145279579
10.225,0.58459157194112,-0.41831286393884,2.1175065691261,0.55395693703834,5,4.9243443652079,0.74094860251997,4.1941168288856,166.59437693189,12.01933663362,12.898360115104
10.25,0.58585025833842,-0.4196724968962,2.1171150491919,0.47802098480113,5,4.9251060596878,0.74280140937052,4.1960105503763,167.11744417836,12.017484592693,12.896492233885
10.275,0.58705273886799,-0.42095136309078,2.1167481740136,0.62059961532907,5,4.9258600854926,0.74455681763291,4.1978038868099,167.58391533656,12.015729571401,12.894723709346
10.3,0.58827179534635,-0.42225401117454,2.1163736746863,0.21542447996444,5,4.9266065198299,0.74634091144422,4.1996268625293,168.10341423735,12.013945964494,12.892925787905
10.325,0.58956255118953,-0.42364125176985,2.1159690719768,0.075910098304276,5,4.92734543913,0.748235769517,4.2015644358747,168.58404052405,12.012051758909,12.891013890295
10.35,0.59081132863776,-0.4249789960424,2.1155833812078,0.056472132779843,5,4.9280769190535,0.75006579816539,4.2034346664014,169.08349710035,12.010222284741,12.88916918152
10.375,0.59197972379357,-0.42624269168185,2.1152227573837,0.27957009909584,5,4.9288010344996,0.75178686583091,4.2051931098756,169.55922457467,12.008501960987,12.887435284857
10.4,0.59318417552794,-0.42751338146228,2.1148483880267,0.64123560267401,5,4.9295178596131,0.75353768178312,4.2069835033837,170.05291845285,12.006751397926,12.885668228371
10.425,0.59441939972021,-0.42882494110412,2.1144571979407,0.091190021558636,5,4.9302274677925,0.75533933865924,4.2088271403281,170.53120044811,12.004950108936,12.883847806512
10.45,0.59566710295445,-0.43014347309848,2.1140608714966,0.50836263083272,5,4.9309299316972,0.75715463201869,4.2106851943185,171.00602550648,12.003135104465,12.882012746727
10.475,0.59694213975215,-0.43147893900159,2.1136569148464,0.063071127013803,5,4.9316253232552,0.75900103067929,4.2125752654783,171.47568175629,12.001288871427,12.880145825512
10.5,0.59813275744583,-0.43272465930433,2.1132855318531,0.39508127882294,5,4.9323137136704,0.76072422235905,4.2143380232304,171.96454621702,11.999565822345,12.878405515498
10.525,0.59938785590755,-0.43405101919235,2.1128903792574,0.37924076483287,5,4.9329951734295,0.76255028443389,4.2162063508985,172.45991058667,11.997740051246,12.876560869536
10.55,0.60064408335084,-0.43538948546999,2.1124885087329,0.34871960376752,5,4.9336697723099,0.764385931286,4.2180854728435,172.92330769767,11.995904846244,12.874705000938
10.575,0.60184010923054,-0.43664684218222,2.1121146395087,0.82288300322855,5,4.9343375793863,0.76612127672904,4.2198606353722,173.38671029981,11.99416970267,12.872952538029
10.6,0.60305233843056,-0.43792099434028,2.1117311390985,0.92002441503398,5,4.934998663038,0.76787995900713,4.2216606453499,173.86175812052,11.992411222531,12.871174840324
10.625,0.60437249790158,-0.43930921730768,2.1113125364515,0.16451197829098,5,4.9356530909558,0.76979567924665,4.2236215666161,174.35410597497,11.990495729154,12.869238108188
10.65,0.60560847158801,-0.44065811857448,2.1109170113762,0.13770539448624,5,4.9363009301492,0.77162520530035,4.2254933587163,174.84525169165,11.988667256013,12.867390842757
10.675,0.60682474186554,-0.44193587253333,2.1105358972706,0.79461700903117,5,4.9369422469528,0.77338928255698,4.2272981347492,175.3141593535,11.986903375084,12.865608999188
10.7,0.60808884935053,-0.44325767766063,2.1101356379233,0.35572096296566,5,4.9375771070335,0.77521825399693,4.2291703911614,175.79806089142,11.985074548425,12.863759698031
10.725,0.60930012924745,-0.44452629322002,2.1097545432254,0.73550804395912,5,4.9382055753971,0.77697227350258,4.2309653333875,176.3062507062,11.983320686206,12.861987208603
10.75,0.61061564211533,-0.44590209462979,2.1093324108061,1.7596163836778,5,4.9388277163947,0.77887579750418,4.2329151024518,176.8111757838,11.981417315117,12.860060522894
10.775,0.61184387908447,-0.44718809245723,2.1089525008751,2.0893727513667,5,4.9394435937299,0.78065409907157,4.2347335325495,177.28750811259,11.979639169635,12.858265852681
10.8,0.61302463959284,-0.44845275556481,2.1085782865952,1.4992053325117,5,4.9400532704646,0.78238429216882,4.2365037315443,177.79437637149,11.977909499152,12.856518420736
10.825,0.614349889794,-0.44985075195298,2.1081532888461,0.086375963412035,5,4.9406568090258,0.78431060522672,4.2384763706608,178.2848476857,11.975983464195,12.854569599247
10.85,0.61550040610226,-0.45108184830152,2.1077960782561,0.75403224738825,5,4.9412542712123,0.78599562332601,4.2401988355807,178.76131838521,11.974298935825,12.852870415056
10.875,0.61671933418019,-0.45239073214822,2.1074038012232,0.083232020824165,5,4.9418457182005,0.78778418771774,4.2420299128194,179.26445732806,11.972510969624,12.851062127633
10.9,0.61792826213965,-0.45369145614227,2.1070189020282,0.3491058879808,5,4.9424312105508,0.78955996634128,4.2438469260582,179.76208089128,11.970735831412,12.849268478618
10.925,0.61916330091901,-0.4549921458622,2.1066308342906,0.63881628733368,5,4.9430108082141,0.79135359800193,4.2456820585066,180.22351033642,11.968942434649,12.847456674409
10.95,0.62035283412327,-0.4562704717525,2.1062584939192,1.113030610316,5,4.9435845705375,0.79309976704466,4.2474674838559,180.70083724745,11.967196867957,12.845695152001
10.975,0.62158624648543,-0.45756695706768,2.105872002442,1.7017549426679,5,4.9441525562708,0.79488923071505,4.249298209365,181.19128953804,11.965407611864,12.843887791245
11,0.62285366182711,-0.45891489456354,2.1054673911126,0.29823268017087,5,4.9447148235721,0.79673944074126,4.2511921437537,181.66112941085,11.963557813187,12.842017449351
11.025,0.6240866580406,-0.46026091831031,2.1050686462181,0.16669788233136,5,4.9452714300142,0.79856483373712,4.2530605808226,182.16809609721,11.96173348204,12.840172972029
11.05,0.6252858842925,-0.4615325675686,2.1046939325944,0.98776633099053,5,4.9458224325901,0.80031275691602,4.2548482177374,182.64237680523,11.959985895248,12.838408731058
11.075,0.62653342121184,-0.46281867068173,2.1043031465211,2.1223682331692,5,4.946367887719,0.80210451850248,4.2566820997777,183.12184147856,11.958194161149,12.836597526829
11.1,0.62779497090624,-0.46414138266035,2.1038991277418,1.1776712073772,5,4.9469078512522,0.80393237916726,4.2585540788865,183.62142752722,11.956366479177,12.83474803018
11.125,0.6290605393257,-0.46548382417508,2.1034990222705,2.2777318191937,5,4.9474423784786,0.80577732161753,4.2604419075421,184.10458782177,11.954521897997,12.832884220367
11.15,0.63027264826152,-0.46677153624489,2.1031093391841,1.4420582434452,5,4.9479715241305,0.80754577021645,4.2622527811862,184.57290121434,11.952753823161,12.831095476455
11.175,0.63153365128255,-0.46806805903587,2.1027123070043,2.549597356853,5,4.9484953423891,0.80935438846433,4.2641044654245,185.08179835082,11.95094522098,12.829266313439
11.2,0.63282520835989,-0.46939950357888,2.1022859024711,0.80792229252024,5,4.9490138868901,0.81120934513637,4.2660078006764,185.56665656436,11.949090292713,12.827383321051
11.225,0.63405706122141,-0.47067306984349,2.1018849709229,0.018268605611222,5,4.9495272107293,0.8129811895152,4.2678244400488,186.0643311772,11.94731849146,12.825587033446
11.25,0.63530512978065,-0.47199026774193,2.1014706971966,0.74409287036496,5,4.9500353664678,0.81479576534228,4.2696857052509,186.57452745967,11.945504186319,12.823746305969
11.275,0.63654337972563,-0.47328588553973,2.101067169053,0.53056885351697,5,4.9505384061377,0.81658793955374,4.2715227472664,187.05222506582,11.943712162847,12.821930248298
11.3,0.63779624643714,-0.47460403923177,2.1006482033736,1.6646922517381,5,4.9510363812471,0.81840651156294,4.2733889563632,187.56671016961,11.941893815638,12.820084060718
11.325,0.63902674343125,-0.47586954260974,2.100247284934,1.993283522784,5,4.9515293427856,0.82017162392542,4.2751990274247,188.06725786654,11.940128720063,12.818294047234
11.35,0.64029457327893,-0.4772002606536,2.0998261991336,0.0023955253342207,5,4.9520173412293,0.82200961278145,4.2770846350949,188.57012120399,11.938290925361,12.816428984788
11.375,0.64153957622032,-0.47850250680856,2.099414547751,0.42109978422164,5,4.9525004265463,0.82381124464512,4.2789326973864,189.06696117513,11.936489441304,12.814601183057
11.4,0.64282136995995,-0.47983732427441,2.0989937406271,2.6480626896079,5,4.9529786482015,0.82566184802188,4.2808305412929,189.57990720933,11.934638941972,12.812724399868
11.425,0.64405560575779,-0.48110414865254,2.0985909019354,1.8831789785233,5,4.9534520551619,0.82743051475412,4.2826445040878,190.07206967318,11.932870285299,12.810930393717
11.45,0.64531930246623,-0.48238937394802,2.0981777451924,2.4327766872404,5,4.9539206959014,0.82923293907459,4.2844936746925,190.59103663423,11.931067862299,12.809101187098
11.475,0.64659716547666,-0.48371300266665,2.0977493962372,1.2207403290269,5,4.9543846184058,0.83107275614654,4.2863826981666,191.12820779728,11.929228103141,12.807231681461
11.5,0.64783737424442,-0.48503287724977,2.0973386969367,0.13254943976825,5,4.9548438701781,0.83288388471812,4.2882398089921,191.62623287585,11.927417391396,12.805395660127
11.525,0.64905188393174,-0.48630873289374,2.0969376060189,0.60326249441487,5,4.9552984982426,0.83464537312422,4.2900463845729,192.14552869938,11.925656100562,12.803609173543
11.55,0.65031946968318,-0.48763219854182,2.0965158732258,1.5245929963112,5,4.9557485491506,0.83647794916873,4.2919268615091,192.66943995621,11.923823654586,12.801748904661
11.575,0.65157102626941,-0.48895644680561,2.0961042338643,1.5656174855897,5,4.9561940689844,0.83830004339041,4.2937948749771,193.18377285777,11.922001874425,12.799902249565
11.6,0.65278844482509,-0.49020652224489,2.0957095611818,1.7245987389825,5,4.9566351033625,0.84004497792889,4.295583886735,193.68985580654,11.920256951127,12.798133361078
11.625,0.65406203804636,-0.49151341323626,2.0952905927438,1.4947057156973,5,4.9570716974441,0.84186980771728,4.2974561950186,194.19441593793,11.918432131028,12.796281218744
11.65,0.65531095300458,-0.49286281284374,2.0948705099502,0.78953209500721,5,4.9575038959338,0.84370846697706,4.2993422325121,194.71694511012,11.916594245511,12.794416507625
11.675,0.65657240324054,-0.49419637744008,2.0944521206769,0.54080871565398,5,4.9579317430858,0.84554412795622,4.3012249700972,195.25325034358,11.914758886688,12.792554772368
11.7,0.65783652911658,-0.49553248150022,2.0940322592464,2.2453100849183,5,4.9583552827093,0.84738347248349,4.3031116263751,195.76547942819,11.912919841423,12.790689073756
11.725,0.65908001245688,-0.49679804454261,2.093628330552,2.7143289520425,5,4.9587745581719,0.84915770488987,4.3049312579373,196.31086513404,11.911145609633,12.788889547149
11.75,0.66026361140233,-0.498032848273,2.0932404043627,1.2698524923284,5,4.9591896124049,0.8508681570863,4.3066851488816,196.82998109012,11.909435271261,12.787155360489
11.775,0.66156940675697,-0.4994183499792,2.0928011130665,1.2407911162474,5,4.9596004879073,0.85277202590691,4.3086390407233,197.34631944557,11.907531782322,12.785222584974
11.8,0.66280818901493,-0.50068085462436,2.0924000686758,2.2135093370338,5,4.9600072267502,0.85454078238016,4.3104526934092,197.87120155207,11.905763025867,12.783429225279
11.825,0.66406838335574,-0.50197358049494,2.0919863058961,2.6333919656407,5,4.9604098705811,0.85634611613132,4.3123048353019,198.39091977572,11.903957700865,12.781597182165
11.85,0.66529272205997,-0.50325788244247,2.0915791274157,0.18722464410779,5,4.9608084606282,0.85812049961725,4.3141253382736,198.9398575435,11.902183498049,12.779796527686
11.875,0.66655461725568,-0.5045701596004,2.0911648531724,1.6079671935537,5,4.9612030377047,0.85994106294329,4.3159924413701,199.44220998819,11.900363024729,12.777950201836
11.9,0.66776204564079,-0.50583593314514,2.0907695471441,1.9678551852227,5,4.9615936422129,0.86169036736841,4.3177858551059,199.95950031289,11.898613890816,12.776177229904
11.925,0.66900020591868,-0.50712574944774,2.0903621091736,2.180910382374,5,4.9619803141481,0.86347828989699,4.3196196142689,200.47571364823,11.896826072725,12.774363817923
11.95,0.67022026217824,-0.50836601690312,2.0899647363106,2.0561785842478,5,4.9623630931033,0.86521806017993,4.3214041886803,200.97914367391,11.895086304164,12.772598826432
11.975,0.67146174280146,-0.5096725905569,2.0895491112697,0.62491469795262,5,4.9627420182727,0.86702039445818,4.3232538245972,201.46806828926,11.893284198284,12.770769137389
12,0.67270952683637,-0.51098642303335,2.0891382197823,2.1324765559365,5,4.9631171284557,0.86883233286054,4.3251117677041,201.9863454824,11.891472496473,12.768932241944
12.025,0.67393536597576,-0.51228451353027,2.0887329239533,1.4485417649965,5,4.9634884620614,0.87061775172844,4.3269426104726,202.46980756393,11.889687399978,12.76712216797
12.05,0.6752081718854,-0.51358965175199,2.0883115702229,1.328406104561,5,4.963856057112,0.87244077686853,4.3288136956196,202.98380588537,11.887864382651,12.76527093491
12.075,0.67642504580062,-0.51487643738842,2.0879102595735,1.5790049646539,5,4.964219951247,0.87421182158837,4.3306296388007,203.49868385738,11.88609363462,12.763475686746
12.1,0.67766600335568,-0.51620130886133,2.0874969880417,0.2645496356369,5,4.9645801817268,0.87602710671011,4.3324913727861,204.00623885193,11.884278833125,12.761635061242
12.125,0.67886516068918,-0.51749127185941,2.0870978615545,0.56040393901033,5,4.964936785437,0.87778835139694,4.3342972755519,204.51458324455,11.882518223717,12.759850062158
12.15,0.68013450385469,-0.51883773903853,2.0866745926382,2.1546057610789,5,4.9652897988913,0.87963881240336,4.3361955280409,205.00135129173,11.880668128128,12.757972938155
12.175,0.6813760473321,-0.52014178377531,2.0862641132701,1.8461094435961,5,4.9656392582363,0.88143935756575,4.3380422700893,205.49702621744,11.878867784144,12.756146811354
12.2,0.68249251202692,-0.52130064191568,2.0859036255831,1.6066735418366,5,4.9659851992545,0.88304853300811,4.3396913295111,205.97209329403,11.877258674343,12.754516991342
12.225,0.68373324824759,-0.52259246961411,2.0854929982545,2.2398854859477,5,4.9663276573679,0.88483969050306,4.3415289529695,206.47420060528,11.875467617005,12.752699469714
12.25,0.68500650115691,-0.52394007012263,2.0850660413389,1.0472060563938,5,4.9666666676423,0.88669365924651,4.3434314493057,206.95057475323,11.87361397472,12.750817722353
12.275,0.68626327121246,-0.52527613785671,2.0846500433645,2.2785607728906,5,4.9670022647901,0.88852792966347,4.3453123007824,207.44903038207,11.871780108104,12.74895839082
12.3,0.68752640655838,-0.5265691490443,2.0842389937893,2.2866313290129,5,4.9673344831745,0.89033552166206,4.3471660404045,207.9508212277,11.869972520086,12.747125339688
12.325,0.68874901226729,-0.52784241824823,2.0838370532085,1.7323828369704,5,4.9676633568125,0.89210073529931,4.3489764368847,208.43485726742,11.868207407655,12.745335167737
12.35,0.68995050026348,-0.52911257152573,2.0834389698356,2.1537167388584,5,4.9679889193787,0.89384912391553,4.3507695718839,208.93332412947,11.866459308233,12.743562249777
12.375,0.69123786916635,-0.53044189147655,2.083008745031,1.0613446080049,5,4.9683112042088,0.89569964012019,4.3526694412494,209.44272058316,11.864608830485,12.741682287576
12.4,0.69244533812877,-0.53173220743785,2.0826141024145,1.7414291937006,5,4.9686302443027,0.89746681203463,4.354480142597,209.92824840499,11.862842149608,12.739893333235
12.425,0.69368348746459,-0.5330514054352,2.0822000047903,0.75476179221668,5,4.9689460723282,0.89927603759658,4.3563361528276,210.42232062647,11.861033366002,12.738058086939
12.45,0.69484288468382,-0.53427794775664,2.0818214116905,1.373737095689,5,4.969258720624,0.90096381956658,4.358065875555,210.90913936289,11.859345874707,12.736348733852
12.475,0.69613741045245,-0.53565258614836,2.0813812927033,0.60098051319921,5,4.9695682212034,0.90285205357581,4.3600047237689,211.43732375336,11.85745803486,12.734430397752
12.5,0.69734674819732,-0.53691308520201,2.0809907623973,2.0246023593917,5,4.9698746057574,0.90459886657251,4.3617946594005,211.94303667743,11.855711330287,12.732661567346
12.525,0.69860143737073,-0.53826347684129,2.0805696838537,0.32511380519313,5,4.9701779056579,0.90644217948716,4.3636854554342,212.43775208727,11.853868696885,12.730792280256
12.55,0.6998725113225,-0.53961797027738,2.0801440672911,2.0303869753717,5,4.9704781519608,0.90829967281401,4.3655910868041,212.92950558936,11.852011661197,12.72890793402
12.575,0.70103568230703,-0.54084716281862,2.0797656685702,1.4220102528884,5,4.9707753754095,0.90999197333185,4.3673251763734,213.4223760073,11.850319635737,12.727194458473
12.6,0.70232503966236,-0.54221385540822,2.0793285063392,1.0421972283311,5,4.9710696064379,0.91187088020134,4.3692542699016,213.95160827913,11.848441087969,12.725285882904
12.625,0.70354007704961,-0.54351247622471,2.0789274773908,1.5113402171923,5,4.9713608751733,0.91364928731936,4.3710773321866,214.42891032232,11.846663179684,12.723484198847
12.65,0.70479249889455,-0.54485143233762,2.0785065115945,0.36271379661605,5,4.97164921144,0.91548268960745,4.3729584425373,214.96434717101,11.844830297967,12.721624062822
12.675,0.70598172046787,-0.54612152852671,2.0781185725132,1.0719626395042,5,4.9719346447618,0.91722262991676,4.3747411059971,215.44814958002,11.843090831014,12.719862957992
12.7,0.70724619455538,-0.54748172242381,2.077688164567,0.59886059842733,5,4.9722172043652,0.91907978423338,4.3766474829681,215.98706850434,11.841234349107,12.717977415623
12.725,0.70850152287633,-0.54880579176645,2.0772731256165,0.79579454277156,5,4.9724969191826,0.92090434138992,4.3785186500232,216.49909908067,11.839410058843,12.716127459285
12.75,0.70974409070592,-0.55014501117136,2.0768590159303,0.17973688293167,5,4.972773817855,0.92273121944431,4.3803918745847,217.02608339979,11.837583890888,12.714276099949
12.775,0.71092136850445,-0.551433674461,2.0764585318631,0.62214524654453,5,4.9730479287353,0.92447668101335,4.3821826910402,217.54055966298,11.835839535755,12.712505889991
12.8,0.71211727442589,-0.55273990268278,2.0760430055035,0.4022076292884,5,4.9733192798906,0.92624767597108,4.3840017801792,218.03965856119,11.834069596914,12.710706376747
12.825,0.71339366848654,-0.5541476379861,2.0755849189502,1.0281895430772,5,4.9735878991055,0.92814791292533,4.3859564524721,218.58132114112,11.832170832709,12.708771396596
12.85,0.71456696512353,-0.55546174259138,2.0751716744617,0.64185021729579,5,4.9738538138852,0.92990958710405,4.3877659460254,219.08377291979,11.830411106815,12.706982235319
12.875,0.71582257569743,-0.55681358494829,2.074732343658,2.2940436056578,5,4.9741170514575,0.93175458999598,4.3896625343376,219.60146855657,11.828566795544,12.705104808104
12.9,0.71701921008373,-0.55811054454927,2.0743118315737,1.313482747901,5,4.9743776387764,0.93351925372061,4.3914766094392,220.1112785145,11.826802963784,12.703309182052
12.925,0.71820680361035,-0.55941131462535,2.0738950002183,0.85589085937203,5,4.9746356025243,0.93528061148532,4.3932866176033,220.63470311227,11.825042744254,12.701518267566
12.95,0.71946849666277,-0.5607952820226,2.073446275996,1.2636028485939,5,4.9748909691153,0.9371533728463,4.3952123872009,221.15228171425,11.823171243355,12.699612114105
12.975,0.72063791805122,-0.5620989077779,2.0730397067212,0.30993270907816,5,4.9751437646972,0.9389046542325,4.3970102428872,221.69040619642,11.821421713404,12.69783490821
13,0.72183761585466,-0.56341794036919,2.0726144751001,0.58395441481375,5,4.9753940151547,0.94068766342946,4.3988432578157,222.19742504248,11.81963998213,12.696020915669
13.025,0.72311064636854,-0.56480762165644,2.072163546368,1.5774910177624,5,4.975641746112,0.9425722909177,4.4007810806896,222.71483568557,11.817756463556,12.694102785607
13.05,0.72427390166818,-0.56609235448017,2.0717589955812,0.19396056234598,5,4.9758869829351,0.94430540987511,4.402560789278,223.22788217274,11.816024738793,12.692342908626
13.075,0.72550837944388,-0.56745016155345,2.0713209241394,1.7377159499827,5,4.9761297507348,0.9461405053568,4.4044474482337,223.74935295787,11.814190973424,12.690475802146
13.1,0.72672261906492,-0.56875421330365,2.0708940726006,1.5135290129336,5,4.9763700743689,0.94792233835248,4.4062796957772,224.25799207448,11.81240975151,12.688661713114
13.125,0.72790569221242,-0.57005616351039,2.0704823043632,2.1958160065268,5,4.9766079784453,0.9496815246454,4.4080864302609,224.79034916646,11.810651858526,12.686874855045
13.15,0.72916613455003,-0.57141477460893,2.0700382982122,2.0168903580953,5,4.9768434873236,0.95153477557376,4.409992127106,225.28897075197,11.808799334884,12.684988134554
13.175,0.73027231397099,-0.57262779114512,2.0696575055595,0.21121229026199,5,4.9770766251187,0.95317643389035,4.4116773704335,225.80389739329,11.807158775406,12.683321828227
13.2,0.73150091721819,-0.57399161564198,2.0692180127829,1.2744866543332,5,4.9773074157023,0.95501204909984,4.4135648653601,226.32776800323,11.805324831415,12.681454062782
13.225,0.73272404290401,-0.57533823883885,2.0687878047532,1.65499112347,5,4.977535882706,0.95683123311407,4.4154342260601,226.83216472187,11.803507001766,12.679604694976
13.25,0.73394545790634,-0.57668292279192,2.0683548229465,1.0483387948408,5,4.9777620495234,0.95864783145756,4.4173017117458,227.36166966595,11.801691754831,12.677756723681
13.275,0.73518847341631,-0.57805018201908,2.0679150635997,0.1871934784008,5,4.9779859393126,0.96049566406694,4.4192011520938,227.86947709573,11.799845266212,12.675877199315
13.3,0.73638933977319,-0.57939813253712,2.0674905946366,0.33477294683969,5,4.9782075749984,0.96230094814601,4.4210556667221,228.39902187743,11.798042081385,12.674043577102
13.325,0.73747654368761,-0.58061956793593,2.0671149143134,0.47058063965492,5,4.9784269792751,0.96393615968737,4.4227334785382,228.89045541068,11.796408806325,12.672385949455
13.35,0.73876757812016,-0.58203070303357,2.0666498638938,1.7431401134939,5,4.9786441746082,0.96584876842149,4.4247018138914,229.44219958754,11.794497370087,12.670436743425
13.375,0.73999932873671,-0.5834057296453,2.0662161852093,0.025050760066874,5,4.9788591832372,0.96769482036126,4.4265981221379,229.96585247979,11.792653229916,12.668561648657
13.4,0.74120202233253,-0.58472507127858,2.0657967902567,0.94998259829817,5,4.9790720271777,0.96948007502958,4.4284319777366,230.46728830378,11.790869186022,12.666747719614
13.425,0.74235910123372,-0.58603049297535,2.0653792085206,0.36888887029055,5,4.9792827282235,0.97122448249057,4.430225669989,231.01775512691,11.789127027822,12.664973447624
13.45,0.74357104984475,-0.58741320009592,2.0649304036438,0.0045783954061827,5,4.9794913079492,0.97306315005624,4.432118320045,231.51634366697,11.787291278105,12.663100652012
13.475,0.74475266723391,-0.58877094628055,2.0644981788904,0.36039027967602,5,4.979697787712,0.9748630651532,4.4339694042121,232.03270852754,11.785494589506,12.661270279965
13.5,0.74588698984077,-0.59006538941173,2.0640843403408,0.28053787565915,5,4.9799021886541,0.97658419001685,4.4357395830566,232.5555316298,11.78377620879,12.659519523419
13.525,0.74713710427433,-0.59148059542064,2.0636138553303,1.226210238138,5,4.980104531705,0.97847246810671,4.4376855918669,233.09551078004,11.781890533901,12.657592347824
13.55,0.74832505637201,-0.59281995705564,2.0631781487645,1.2631542398738,5,4.9803048375833,0.9802627529376,4.4395281335861,233.6013216587,11.780102531378,12.655768803261
13.575,0.7495463407118,-0.59414866004474,2.0627346373668,2.5054906049703,5,4.9805031267991,0.98206746539997,4.4413865440445,234.14202818072,11.778298787749,12.65392775885
13.6,0.75069707153525,-0.59546717208068,2.062311059329,0.12698796742648,5,4.980699419656,0.98381750980425,4.4431871199999,234.6761405093,11.776551738992,12.652146777016
13.625,0.75194428592264,-0.59684019370508,2.0618480554584,1.9373767315107,5,4.9808937362531,0.98567243085626,4.4450989528099,235.22093501013,11.774698203888,12.650252271204
13.65,0.75310040073043,-0.59815458766475,2.0614278207895,0.13696798627405,5,4.9810860964873,0.9874229259091,4.4468991833804,235.73394677833,11.772950324078,12.648471747589
13.675,0.75432398331631,-0.59952827649276,2.0609712560033,1.1271545187148,5,4.9812765200551,0.98926253873268,4.4487946059572,236.26263484652,11.77111286793,12.646594571391
13.7,0.75554306228037,-0.60091163293937,2.0605168555529,0.55269019083687,5,4.9814650264546,0.9911064011405,4.4506936342214,236.80500557667,11.769271668018,12.644714706753
13.725,0.75669616082917,-0.60222947159734,2.0600969934858,0.087282660001636,5,4.9816516349878,0.99285749650961,4.4524943616153,237.34283445097,11.767523445169,12.642934014687
13.75,0.75794815662944,-0.60363320539945,2.0596254989485,0.25922419371251,5,4.9818363647622,0.99473844363036,4.4544335029639,237.87536345173,11.765644646099,12.641012913955
13.775,0.75914598487977,-0.6050268360741,2.0591762785952,0.7935618166561,5,4.9820192346929,0.9965761049089,4.4563252740653,238.4326775592,11.763811003308,12.639141992057
13.8,0.76038590097101,-0.6064262687136,2.0587145666394,0.50590900012324,5,4.9822002635048,0.99844581173773,4.4582511457007,238.99862626748,11.761943737472,12.637235212941
13.825,0.76156797822061,-0.60774674616434,2.0582869231726,1.4337699659789,5,4.9823794697341,1.0002180891771,4.4600742875648,239.5733448008,11.760173334352,12.635431051016
13.85,0.76275331606271,-0.60909433582042,2.0578518703707,0.38239785926107,5,4.9825568717303,1.0020128102365,4.4619209858676,240.12842207426,11.758381300043,12.633604051594
13.875,0.76393315977519,-0.61042284535744,2.0574186852542,0.4385658562083,5,4.9827324876583,1.003789596317,4.4637498155811,240.69909936639,11.756606731126,12.631793995542
13.9,0.76518913390558,-0.61181724023905,2.0569492063144,1.5954246901144,5,4.9829063355002,1.0056662444198,4.4656842970561,241.26933060451,11.754731813678,12.629877274153
13.925,0.76637345582484,-0.61315544436275,2.0565160478907,1.9564193142402,5,4.9830784330568,1.0074532555236,4.4675230561227,241.78634102174,11.752947190784,12.628057880248
13.95,0.76755797838097,-0.61448836690178,2.0560778469338,0.37508572370147,5,4.9832487979498,1.0092364482168,4.4693593012751,242.37867606719,11.751166196942,12.62624002426
13.975,0.76868743765329,-0.61576818439324,2.0556719289184,0.33075832431414,5,4.9834174476237,1.0109433785198,4.4711138326925,242.91072685442,11.749461674344,12.624505153401
14,0.76989393679323,-0.61712857382091,2.0552188171518,0.73140251030307,5,4.983584399347,1.0127617018051,4.4729877616779,243.47217799073,11.747645685816,12.622649283121
14.025,0.77107677015286,-0.61848250492745,2.054781888722,0.14847588209572,5,4.9837496702146,1.0145595405625,4.4748379321162,243.99001228468,11.745850886289,12.620819058247
14.05,0.77221596413194,-0.61979934837575,2.0543621937747,0.7450674611339,5,4.9839132771492,1.0163007584091,4.476629016547,244.53308681815,11.744113125408,12.619048227461
14.075,0.7734185754275,-0.62117459414,2.05391420814,0.39955300496791,5,4.9840752369032,1.0181276614827,4.4785100444493,245.06789531975,11.742289262193,12.617186918321
14.1,0.77460939588052,-0.62253435942935,2.0534718262775,1.2977216919749,5,4.9842355660601,1.0199351500701,4.4803708820848,245.63451250326,11.740484706744,12.615345633409
14.125,0.77576258408432,-0.62387681243278,2.0530455207973,0.17482043933872,5,4.9843942810368,1.0217049023408,4.4821912555251,246.14659254188,11.738718870756,12.613546270194
14.15,0.77702953737341,-0.62532366323131,2.0525688555115,0.9505715082013,5,4.9845513980846,1.0236280632467,4.4841726080088,246.7232120885,11.736798838476,12.611584982299
14.175,0.77817195103472,-0.62663813687578,2.0521459923464,0.27078823278608,5,4.9847069332914,1.025369599906,4.4859647472868,247.26864869095,11.735060517849,12.609812495499
14.2,0.77933507939886,-0.62797700009648,2.0517110074828,0.39007120733606,5,4.984860902583,1.0271431337554,4.4877908453529,247.78999372731,11.733290282257,12.608005876278
14.225,0.78048510889971,-0.62931911046444,2.0512835473622,0.56805339791981,5,4.9850133217248,1.0289105692119,4.4896092375678,248.35777555084,11.73152690827,12.606208401307
14.25,0.78165900273751,-0.630652787265,2.0508524786617,0.33643108407684,5,4.9851642063238,1.0306872854387,4.4914374992491,248.87489301834,11.72975283263,12.604399651353
14.275,0.78278503295872,-0.63194816239269,2.0504363595106,0.47986583286708,5,4.9853135718295,1.0324036597512,4.493203595489,249.41346661861,11.72803962184,12.602653019231
14.3,0.78400481508868,-0.63333774495066,2.0499861103907,1.6287818446263,5,4.985461433536,1.0342526616793,4.4951066279112,249.92390370739,11.726193507211,12.600770218798
14.325,0.78516518354282,-0.63465159696736,2.049556606832,0.42378296510334,5,4.9856078065834,1.0360055627236,4.4969113814617,250.47536791434,11.724443055676,12.598984040738
14.35,0.78639967898503,-0.63604797682515,2.04909298543,0.54350436804407,5,4.9857527059595,1.0378693909625,4.4988320064924,251.0064947273,11.722581783863,12.597082250021
14.375,0.78759019640451,-0.63742517569415,2.0486535526258,0.61770617558561,5,4.985896146501,1.0396898327909,4.5007047343531,251.5785593486,11.720765012332,12.595230730647
14.4,0.7887770780456,-0.63880679446908,2.0482082909471,0.19049699942426,5,4.9860381428954,1.0415112494015,4.5025797854008,252.11302666265,11.718947635955,12.593376519518
14.425,0.78991770339656,-0.64014403147297,2.0477827416161,0.15882887794165,5,4.9861787096822,1.0432688696665,4.5043881883507,252.63586686162,11.717194337021,12.591589158729
14.45,0.79103086529435,-0.64144475911726,2.0473697490335,0.73389830596062,5,4.9863178612546,1.0449808923927,4.5061493200006,253.18979350765,11.715486330897,12.589848547811
14.475,0.79217902749552,-0.64276843985406,2.0469444026276,1.0647064161716,5,4.9864556118608,1.0467331501173,4.5079524635607,253.70251071244,11.713737425202,12.588065358943
14.5,0.79342758105727,-0.64421265978021,2.046466592113,0.43395317127699,5,4.9865919756057,1.0486422486458,4.5099204473207,254.26684651107,11.711832177005,12.586117480125
14.525,0.7945922957621,-0.64552362148835,2.0460440052005,0.00095558371741311,5,4.986726966452,1.0503958680298,4.5117242656714,254.79617650465,11.710080749161,12.584332964578
14.55,0.79585111093998,-0.64694119924174,2.0455714945325,2.2352341899597,5,4.9868605982219,1.0522916903682,4.5136780846677,255.36605512483,11.70818732011,12.582398034814
14.575,0.79695689923208,-0.6482114601208,2.0451720377245,0.86467945899149,5,4.9869928845986,1.0539758312316,4.5154089504018,255.86881405427,11.706506222093,12.580687443603
14.6,0.79817623370865,-0.649627033697,2.0447139162576,1.1765173172851,5,4.9871238391274,1.0558441527017,4.5173326188747,256.46886476577,11.704641889851,12.578784869058
14.625,0.79929854113681,-0.65092368086523,2.0443028308644,0.25914699323479,5,4.9872534752171,1.0575590485709,4.5190960981184,256.98063788309,11.702930393715,12.577041742651
14.65,0.80053606021633,-0.65233539679278,2.0438330766876,1.034809658452,5,4.9873818061417,1.0594363858694,4.5210313149845,257.54329393655,11.701056073169,12.575125623087
14.675,0.80169980294133,-0.65367455031507,2.0434046409778,0.077537557768004,5,4.9875088450415,1.0612105418056,4.5228564687982,258.07987219647,11.699285218899,12.573320918485
14.7,0.80280646370051,-0.65497158231327,2.0429947823581,0.76727723433012,5,4.9876346049245,1.0629155315535,4.524610029213,258.61725502834,11.697584415748,12.57158820555
14.725,0.80406527319031,-0.65639905640603,2.0425202344049,1.2970773896364,5,4.9877590986677,1.0648187613392,4.5265715284806,259.1785995922,11.695683936909,12.569646004896
14.75,0.80523525921381,-0.65772850964692,2.0420886220078,0.88210706845587,5,4.9878823390185,1.0665897252617,4.5283943292038,259.70087244894,11.6939156306,12.567842522037
14.775,0.80644136655773,-0.65911397029526,2.0416395063473,0.048954737349875,5,4.988004338596,1.0684266237709,4.5302853344945,260.27966783404,11.692082057537,12.565971902902
14.8,0.80767184427068,-0.66050795536011,2.0411789190636,1.40458233234,5,4.9881251098922,1.0702859972576,4.5322009050124,260.81642286756,11.690225326048,12.564075537713
14.825,0.8088171879132,-0.66180508078231,2.0407572452294,0.012604402137971,5,4.9882446652732,1.0720164152477,4.5339819595435,261.38882965108,11.688497353034,12.562313239257
14.85,0.81000287690236,-0.6631258284602,2.04030154702,1.4288354475056,5,4.9883630169808,1.0737913047676,4.5358144151816,261.95585469239,11.686724255686,12.560496491676
14.875,0.81122064873613,-0.66452980852957,2.0398335206036,0.28179225380596,5,4.9884801771336,1.0756498332915,4.5377309685988,262.5289975966,11.684869300791,12.558599067621
14.9,0.81242665928344,-0.66589224383337,2.0393684001022,0.12187379308189,5,4.9885961577279,1.0774693638346,4.5396090070643,263.0963308523,11.683052225382,12.556737957179
14.925,0.8135651762867,-0.66719193077674,2.0389379556406,0.47654742842653,5,4.9887109706395,1.0791971969045,4.5413896500808,263.65535167172,11.681327212326,12.554975216294
14.95,0.81480858560944,-0.66857886988839,2.0384598261708,1.3317827127406,5,4.9888246276245,1.0810599010794,4.5433127399469,264.25753434101,11.679466449178,12.553068698954
14.975,0.8159944648236,-0.66989523353421,2.0380108640065,0.91849346374747,5,4.9889371403206,1.0828316580488,4.5451404953418,264.82236533784,11.677696349028,12.551257230108
15,0.81725102263245,-0.67130908684713,2.0375240028047,1.0372078963294,5,4.9890485202485,1.0847231967657,4.5470936856928,265.42240248954,11.67580717353,12.549321086225
15.025,0.81837225441134,-0.67257375647043,2.0371077006166,0.0093577789630872,5,4.9891587788128,1.0864133298842,4.5488343342702,265.9655032719,11.674119256236,12.547598060363
15.05,0.81952922177608,-0.67392787317017,2.0366572464983,1.320141523462,5,4.9892679273033,1.0881943985295,4.5506714827215,266.58416421975,11.672342490458,12.545779855937
15.075,0.82065886011269,-0.67521051378443,2.0362288169201,0.52575851790339,5,4.9893759768961,1.0899035649102,4.5524335274487,267.12192330078,11.670635864102,12.544034986151
15.1,0.82194142704337,-0.67664251653337,2.0357285132276,1.6031386543876,5,4.9894829386548,1.0918259618008,4.5544199598259,267.72236684675,11.668715517155,12.542064930729
15.125,0.82308515550504,-0.67794730798449,2.0352929923681,0.39862679689685,5,4.9895888235316,1.093561068577,4.5562088907759,268.29569932024,11.666983216873,12.540293583383
15.15,0.82430160214747,-0.67934493743098,2.0348262085733,0.31485229469295,5,4.9896936423685,1.0954139340615,4.5581196491633,268.85943132615,11.665133731034,12.538401753302
15.175,0.82543545462361,-0.68065470413868,2.0343904650382,0.16021356259376,5,4.9897974058983,1.0971463053457,4.5599059813537,269.4230700398,11.663404805557,12.53663347273
15.2,0.82667640963304,-0.68203830938003,2.0339102372199,1.006275544136,5,4.9899001247458,1.0990048888922,4.5618256041179,269.99556690766,11.661548147629,12.53473004943
15.225,0.827844081356,-0.68337827023189,2.03346190654,0.77461526406521,5,4.9900018094286,1.100782233073,4.5636586215034,270.56877637272,11.659773983859,12.532915074723
15.25,0.82898218391732,-0.68468413222765,2.0330348540804,0.31520082273601,5,4.9901024703587,1.1025144435082,4.5654426973973,271.11813979983,11.658044867454,12.531149816545
15.275,0.83015519654979,-0.68601181951813,2.0325832860174,0.33579957605182,5,4.9902021178432,1.1042860846054,4.5672709823567,271.66395054078,11.656275716439,12.529338326743
15.3,0.83137886393006,-0.68739806815225,2.0321198518143,1.1169650698436,5,4.9903007620853,1.1061351511627,4.5691772400502,272.22973195767,11.654429292849,12.527450601397
15.325,0.83252527194555,-0.68871373079446,2.0316827797491,0.35698722038492,5,4.9903984131856,1.1078802068999,4.5709761985033,272.77758744654,11.652687367388,12.525669765279
15.35,0.83368734040569,-0.69004757996589,2.0312354124799,0.36645936366434,5,4.9904950811429,1.1096492622179,4.5728009434695,273.34055575182,11.650921494778,12.523862879155
15.375,0.83485139869322,-0.69137392403473,2.030794152677,0.56821969596487,5,4.9905907758554,1.1114139775734,4.5746199900603,273.86348949285,11.649159581345,12.522061920855
15.4,0.83606341374063,-0.69274047559474,2.0303209906495,0.046407423016058,5,4.9906855071218,1.113240571026,4.5765068726601,274.43289038299,11.647335377256,12.52019131598
15.425,0.8373010736974,-0.69411770511891,2.0298552933167,2.5033973140285,5,4.9907792846419,1.1150922090389,4.5784161755006,274.98829947399,11.645485582743,12.518299647585
15.45,0.83844829859363,-0.69539390271203,2.02942384932,1.8201436892209,5,4.9908721180178,1.1168082525288,4.5801856243361,275.55555521065,11.64377123641,12.516546554093
15.475,0.83962304109666,-0.6967232717197,2.0289810146019,0.53642780048369,5,4.9909640167553,1.1185822992889,4.5820141058084,276.09644072322,11.641999679514,12.514736064676
15.5,0.84080041718211,-0.69804555278325,2.0285288665043,0.30382302261097,5,4.9910549902641,1.1203527912142,4.5838414206581,276.67342335637,11.640231332577,12.5129251487
15.525,0.84203409713084,-0.69948539634054,2.0280443186388,0.3584216946705,5,4.9911450478594,1.1222488702435,4.5857984342808,277.21325205888,11.638339673593,12.510987637539
15.55,0.84313692469012,-0.70077201342659,2.0276224997167,0.36574433996907,5,4.9912341987624,1.1239434534229,4.5875447284583,277.75539099106,11.636649019476,12.509260132478
15.575,0.84431521641244,-0.70211027368277,2.0271728166787,0.04329891864155,5,4.9913224521018,1.1257265159277,4.5893836212586,278.30562104408,11.634868636962,12.507438937919
15.6,0.84551170570746,-0.70346580200494,2.0267128246301,1.2934137694581,5,4.9914098169141,1.1275345656132,4.5912492676212,278.84735620785,11.633063183885,12.505590643216
15.625,0.84668836592052,-0.70477413219944,2.0262744686721,1.4892387584991,5,4.991496302145,1.1292941840818,4.5930626658402,279.37245863988,11.631305292195,12.503794535952
15.65,0.84794715754257,-0.70616848318953,2.0257921357447,2.0543412857217,5,4.9915819166499,1.1311726864191,4.5950021028936,279.9383755127,11.629428480173,12.501871671506
15.675,0.84908332416636,-0.70745249810614,2.0253625193449,1.643229349921,5,4.9916666691952,1.132887203524,4.5967696263458,280.50406319376,11.627716316094,12.500121317206
15.7,0.85029677508054,-0.70881326829877,2.0249010715118,1.8569149206558,5,4.9917505684592,1.1347104310573,4.5986503423639,281.04306643792,11.625895237538,12.498257970981
15.725,0.85143159636288,-0.71008464539093,2.0244719790767,0.52213640024021,5,4.9918336230325,1.1364146080004,4.6004077095342,281.58155780811,11.624193030716,12.496517079764
15.75,0.85270069804443,-0.71153227669186,2.0239799554506,0.95825204004322,5,4.9919158414195,1.1383397717497,4.6023947532454,282.15288454141,11.622270996495,12.494548610833
15.775,0.85385309532444,-0.71283953445003,2.0235463368395,0.93265830458295,5,4.9919972320387,1.1400824542616,4.6041905726788,282.67895428465,11.620530881777,12.492770805412
15.8,0.85507152888298,-0.71420034820396,2.0230769601452,0.85331343371981,5,4.9920778032241,1.1419090342378,4.6060764965613,283.23187374539,11.618706282083,12.490901291227
15.825,0.85616626869004,-0.71548590032488,2.0226578056569,0.055095105897805,5,4.9921575632257,1.143597554152,4.607816263783,283.78515728138,11.617022067248,12.489180801173
15.85,0.8573413518251,-0.71681906850262,2.0222145277301,0.47267909454633,5,4.9922365202105,1.1453746747907,4.6096478349896,284.32105732977,11.61524757397,12.487367484874
15.875,0.85853774224911,-0.7181470907465,2.0217594768619,1.4895026601509,5,4.992314682263,1.1471621291613,4.6114923035904,284.86427415327,11.613461813985,12.485539370697
15.9,0.85976093437642,-0.71954994026288,2.0212814428938,0.70748103380275,5,4.9923920573866,1.1490233614805,4.6134139440929,285.43101263738,11.611603904599,12.483635712206
15.925,0.86098402045434,-0.72090490521856,2.0208203337429,1.5055719443559,5,4.9924686535041,1.1508487024308,4.6152966260188,285.99233539263,11.609780217719,12.481770104846
15.95,0.86221153514686,-0.72228120961096,2.0203535229369,1.7248782916844,5,4.9925444784585,1.1526928841195,4.6171989715262,286.54356467164,11.607938209323,12.479885366911
15.975,0.86342121426838,-0.7235899965258,2.0199018541483,1.8645167734712,5,4.9926195400136,1.1544750869041,4.6190375175441,287.09170615178,11.606156852379,12.478062607906
16,0.86453958405006,-0.72484573522117,2.0194770874194,1.7557620273393,5,4.9926938458554,1.1561566429215,4.620771892767,287.65475093263,11.60447733788,12.476344458863
16.025,0.86569814779565,-0.72613151935098,2.0190423311077,1.3393842202196,5,4.9927674035923,1.1578873973181,4.6225564161856,288.19914246107,11.602748220049,12.474576508179
16.05,0.86695674235179,-0.72756174864689,2.0185453165708,0.50109742794806,5,4.9928402207562,1.1597925524549,4.624525334555,288.74493721832,11.600845971447,12.472624664913
16.075,0.86809727573615,-0.72884937346171,2.0180964402479,0.32413881802834,5,4.9929123048032,1.1615126670048,4.626303053323,289.28079570348,11.599128182919,12.470862073792
16.1,0.86934749374981,-0.73022259379663,2.01760711585,1.9016420798483,5,4.992983663114,1.1633697559014,4.6282235265814,289.84719254545,11.597272460607,12.468956337565
16.125,0.8706091919338,-0.73162901281927,2.0171043963022,1.8566620324037,5,4.9930543029955,1.1652591729477,4.6301786797003,290.41536422541,11.595385016977,12.467016181299
16.15,0.87174861023715,-0.73287931889553,2.016663269798,1.0196768365998,5,4.9931242316807,1.1669507814586,4.6319268593098,290.95977091856,11.593694622989,12.465281927634
16.175,0.87282392241584,-0.73407983483208,2.0162417254342,0.97950899475272,5,4.9931934563298,1.1685624683995,4.6335927628023,291.49854461975,11.592084677615,12.463629694589
16.2,0.87407488061265,-0.73548986284158,2.0157361478117,0.64590641416002,5,4.9932619840311,1.1704474287168,4.6355443478325,292.06314696572,11.590202192071,12.461693111158
16.225,0.8752350702603,-0.73677254020416,2.0152876866515,1.3173733215196,5,4.9933298218013,1.1721769665843,4.6373310819054,292.62240133125,11.588474153911,12.459921162019
16.25,0.87653326503877,-0.73821594108567,2.0147649845434,1.8367048815955,5,4.9933969765867,1.1741182846385,4.6393415378938,293.17015604148,11.586534755057,12.457925362021
16.275,0.87773547581118,-0.73952728305661,2.0142950037775,1.7146459515871,5,4.9934634552633,1.1758973092325,4.641181595074,293.74173267383,11.584756816967,12.456099104191
16.3,0.87892394297996,-0.74083380149601,2.0138265519511,1.5277573244596,5,4.9935292646384,1.1776635041945,4.6430088585354,294.28574581835,11.582991954517,12.454285572809
16.325,0.8801415636299,-0.74218635473261,2.013344684824,1.7413854040747,5,4.9935944114502,1.1794833943849,4.6448914621137,294.87099707597,11.581173827668,12.452417577589
16.35,0.88137460332346,-0.7435391419028,2.0128575469689,1.7027942444648,5,4.9936589023695,1.181313809642,4.6467855907534,295.43066569871,11.579344723811,12.450537440397
16.375,0.88258053037246,-0.74486532122212,2.0123822800348,1.8529916647706,5,4.9937227439998,1.1831062971969,4.6486400152714,295.98786144252,11.57755360215,12.448696993942
16.4,0.88377456199869,-0.74617691753172,2.0119118955121,2.0563950879006,5,4.9937859428779,1.1848799928878,4.6504750242641,296.54300103892,11.575781219302,12.446875773013
16.425,0.88491117590945,-0.7474347733511,2.0114713324038,0.89641666252859,5,4.9938485054752,1.1865753077389,4.6522266487378,297.09240949007,11.574087412966,12.445138593087
16.45,0.88605130478097,-0.74870468490911,2.0110204370957,1.3256098233634,5,4.9939104381975,1.1882819328322,4.6539918330873,297.62887755709,11.572382546627,12.443387333338
16.475,0.88730110214945,-0.75006962176094,2.010527821506,1.7713915125403,5,4.9939717473865,1.1901326208317,4.6559069613313,298.17074133328,11.570533032362,12.44148621993
16.5,0.88854172368981,-0.75144341866173,2.0100344341238,1.3871721250212,5,4.9940324393197,1.19198369072,4.6578226572466,298.71791821139,11.568683634877,12.439584935376
16.525,0.88972075397913,-0.75273855402302,2.0095753974464,1.1191347540166,5,4.9940925202118,1.1937351152908,4.6596332380093,299.26186095876,11.566933509221,12.437788603268
16.55,0.89093825069378,-0.75406044369052,2.0090956770767,1.8539167144323,5,4.9941519962146,1.1955322492711,4.6614932977332,299.82799482141,11.565137336857,12.435941848855
16.575,0.89217044694665,-0.75541280328559,2.0086094444227,1.785310852393,5,4.994210873418,1.1973617803804,4.6633863392736,300.37186036622,11.563309133012,12.43406291566
16.6,0.89335123507352,-0.7567334031205,2.008142729957,1.4910945879146,5,4.9942691578508,1.1991332894897,4.6652182964011,300.95158954611,11.561539620012,12.432245742602
16.625,0.89448889683275,-0.75799298183498,2.0077008446751,0.46899639640686,5,4.9943268554809,1.200830585226,4.6669721708033,301.45996787103,11.559843854095,12.43050628384
16.65,0.89575274144737,-0.75938667228123,2.0071945772913,2.0940508708914,5,4.9943839722162,1.202711987966,4.6689204990441,302.046078305,11.557963992189,12.428571956225
16.675,0.89700839243673,-0.76076543728998,2.0066960852212,1.6048844099764,5,4.994440513905,1.2045768344359,4.6708508219964,302.61960283484,11.556100517545,12.426655730743
16.7,0.89814102219343,-0.76202792696622,2.0062508470289,1.0311209641415,5,4.994496486337,1.2062729271068,4.6726043804917,303.17634870766,11.554406205961,12.4249164027
16.725,0.89941113763858,-0.76343109541628,2.0057393386314,0.86613917817993,5,4.9945518952432,1.208165564141,4.6745649201582,303.73877831936,11.552515190943,12.422969787709
16.75,0.90062846574913,-0.7647940155669,2.0052558550778,1.6280373619485,5,4.9946067462974,1.209992977358,4.6764552099276,304.32241650071,11.550689886577,12.421094588696
16.775,0.90186160154921,-0.76615066927192,2.0047691149569,1.7093614534031,5,4.9946610451158,1.2118263167093,4.6783520623526,304.8933394561,11.548857966119,12.419212043559
16.8,0.90298613766556,-0.76738521649752,2.004338885735,1.1969420150365,5,4.9947147972583,1.2134962533336,4.6800765290854,305.43167638069,11.547189253683,12.417502055159
16.825,0.90413495475299,-0.7686587917385,2.0038884502685,1.8737853232125,5,4.9947680082288,1.2152114135578,4.6818498498979,306.00974386222,11.545475690403,12.415742931563
16.85,0.90536156366717,-0.77000704388976,2.0034051123357,1.3021336292812,5,4.9948206834758,1.2170341459276,4.6837355775689,306.56434195268,11.543654337885,12.413871476426
16.875,0.90651844139861,-0.77129409143561,2.0029503450102,1.0985699701801,5,4.994872828393,1.2187647115781,4.6855248988903,307.10775867065,11.54192551826,12.412096580026
16.9,0.9077373833099,-0.77265433205492,2.0024643253768,1.844233517926,5,4.9949244483195,1.2205912038243,4.6874149488921,307.67849908119,11.540100995976,12.410221198612
16.925,0.90896678274348,-0.77401735029389,2.0019758695863,1.3749481710902,5,4.994975548541,1.2224267532481,4.6893143779501,308.21862810839,11.538267160887,12.408336265105
16.95,0.91018635247477,-0.77537308689821,2.0014921780274,1.9281506647076,5,4.9950261342899,1.2242503135212,4.6912009965109,308.8005197438,11.536445410585,12.406464325498
16.975,0.9113923197502,-0.77670337651013,2.0010166216329,1.6149546021385,5,4.9950762107457,1.2260458712399,4.6930584629051,309.37265661086,11.534651341193,12.404621122267
17,0.91254624466752,-0.7779867578064,2.000563355171,1.4682323990268,5,4.9951257830361,1.2277717363176,4.6948428565701,309.91744683167,11.532927208625,12.402851155097
17.025,0.91368242352857,-0.77922929274182,2.0001231790368,1.3219653890862,5,4.9951748562369,1.2294554214039,4.6965831296806,310.48723243358,11.531244640925,12.401124657152
17.05,0.91480977100647,-0.78049676339302,1.9996791628535,0.92711483582522,5,4.9952234353728,1.2311517097602,4.6983365676061,311.00787789076,11.529550489746,12.399385978956
17.075,0.91609259796156,-0.78192399297042,1.9991615216334,2.1644721012951,5,4.9952715254182,1.2330707275463,4.7003241746337,311.56528421371,11.527633414628,12.397412929292
17.1,0.91731339633165,-0.78325880988409,1.9986820305768,1.7709142629455,5,4.9953191312971,1.2348796180497,4.7021955368453,312.14913906108,11.525825719595,12.395555627486
17.125,0.91850132301338,-0.78459288382353,1.9982092595746,1.2332932980068,5,4.995366257884,1.2366659335529,4.7040433559645,312.69328738046,11.5240416066,12.393722729749
17.15,0.91969232168548,-0.78590400056571,1.9977410047633,1.4901805826824,5,4.9954129100045,1.2384372339082,4.7058755042983,313.26845961936,11.522271705881,12.391904712698
17.175,0.92091754544081,-0.78726062498966,1.9972547919822,2.2674043282164,5,4.9954590924355,1.2402652391265,4.7077670660728,313.83310481757,11.520445362459,12.390027609105
17.2,0.9221235430025,-0.78859449199304,1.9967781663372,1.9184095924328,5,4.9955048099056,1.2420634691734,4.7096273895143,314.4118165557,11.518648725933,12.388181659635
17.225,0.92326361421189,-0.78985695936009,1.9963334197824,0.85129890424224,5,4.9955500670962,1.2437645236156,4.7113856232056,314.96539896622,11.516949222484,12.386437761972
17.25,0.92439986266223,-0.7911137441059,1.9958866509212,1.429030798318,5,4.9955948686412,1.2454587988112,4.7131378135074,315.51195464004,11.515256451351,12.384699383268
17.275,0.92556207735832,-0.79242015266656,1.9954320752047,0.68157238499176,5,4.9956392191281,1.2472073543085,4.7149444915111,316.03381138445,11.513510095403,12.38290831177
17.3,0.92681808909813,-0.79381121639013,1.9949286539369,1.8262453130949,5,4.9956831230981,1.2490815538106,4.7168851245899,316.60821338603,11.51163761238,12.380981992929
17.325,0.9280000859468,-0.79514249741181,1.9944597270216,0.82755150122972,5,4.9957265850466,1.2508618419077,4.7187261346824,317.11918006529,11.509859653803,12.379156262874
17.35,0.92913424752115,-0.79642045401536,1.9940096858028,1.2132958795648,5,4.995769609424,1.252570495049,4.7204930621444,317.67742022283,11.508153255924,12.377404024287
17.375,0.93037896348838,-0.79780669737265,1.9935117097263,1.4988292540923,5,4.9958122006356,1.2544335539544,4.722421524915,318.20530785169,11.506292132854,12.375490283808
17.4,0.93158029650308,-0.79912398686669,1.9930413554907,1.2865696587524,5,4.9958543630425,1.2562163754887,4.7242653485861,318.73798070714,11.504510589093,12.373660706385
17.425,0.93272661930829,-0.80040887582484,1.9925924890635,0.64280214568876,5,4.9958961009619,1.2579382917493,4.7260448082451,319.26399864012,11.502790722363,12.371896388681
17.45,0.93389286797283,-0.80171160681751,1.9921285378039,1.6939962209747,5,4.9959374186674,1.2596867893864,4.7278538120478,319.83091779146,11.501044163168,12.370101703266
17.475,0.93517422911046,-0.80313188387816,1.9916130104216,1.5248786868556,5,4.9959783203899,1.2615996598195,4.7298349333909,320.39155958848,11.49913308158,12.368135067277
17.5,0.93641514280831,-0.80449269982884,1.9911223673244,1.5655240316888,5,4.9960188103173,1.263441313114,4.7317408236044,320.96846013301,11.497292753352,12.366243380333
17.525,0.93760643912596,-0.80580996677634,1.9906532213205,1.4427296117656,5,4.9960588925955,1.2652173702999,4.7335777985907,321.52614195267,11.495518267177,12.364420828768
17.55,0.93875557087404,-0.80708246883393,1.990200311389,1.7110152666319,5,4.9960985713288,1.2669319446672,4.7353511831139,322.09573010206,11.493805262775,12.362661421053
17.575,0.93983386730821,-0.80828307778709,1.9897892135358,0.46669740640374,5,4.99613785058,1.2685456934265,4.7370164718286,322.63304529554,11.492193185822,12.361011249213
17.6,0.94108126756736,-0.80968275064275,1.989281476137,1.9602785451487,5,4.996176734371,1.270420551157,4.7389588643676,323.21051966722,11.490320612632,12.359083303477
17.625,0.94231496946907,-0.81105536215078,1.9887908705599,1.2539741656717,5,4.9962152266834,1.2722661087243,4.7408685178876,323.7759227705,11.488476937044,12.357188537628
17.65,0.94349802801372,-0.81236114718309,1.988324813564,1.6704249223232,5,4.9962533314584,1.2740281252028,4.74269112898,324.32977342527,11.486716415442,12.355380125597
17.675,0.94468915761077,-0.81367845015928,1.9878584996678,1.3347303784174,5,4.9962910525978,1.2758040972882,4.7445273004039,324.90598493249,11.484942023576,12.35355872768
17.7,0.94579838417596,-0.81488978402996,1.9874286618542,1.8912355994466,5,4.996328393964,1.2774465689985,4.7462250853918,325.48741763905,11.483300610709,12.351874398251
17.725,0.94697484753021,-0.81623434282688,1.9869508361695,1.0645865488375,5,4.9963653593805,1.2792331591536,4.7480744695507,326.03005420744,11.481517079108,12.35004027019
17.75,0.94813754210652,-0.81752270015569,1.9864948145663,1.2877820786885,5,4.9964019526323,1.2809685908822,4.7498688159462,326.57276570633,11.479783264648,12.348260398821
17.775,0.94929447247213,-0.81887038424064,1.9860070134,1.0813664368303,5,4.9964381774664,1.2827447497331,4.7517107416346,327.12494839808,11.478011207558,12.346433270439
17.8,0.95049400584592,-0.82026037781248,1.9855003944572,0.33678931940392,5,4.9964740375919,1.2845807678279,4.753615374197,327.702527865,11.476179113133,12.344543398198
17.825,0.95165445028032,-0.8215960546598,1.9850226087894,0.96858575254276,5,4.9965095366808,1.2863501360558,4.755448116151,328.25766241392,11.474413151915,12.342725633508
17.85,0.9528652217692,-0.82299784975553,1.9844998377275,2.1172629788833,5,4.9965446783679,1.2882024311426,4.7573727685019,328.82874269338,11.472564765741,12.340814671129
17.875,0.95399176060199,-0.82435496480448,1.9839906544646,1.3470039583904,5,4.9965794662514,1.2899661916133,4.7592085567776,329.38039323881,11.470807309426,12.338993250468
17.9,0.95504765119646,-0.82555768970584,1.9835641418208,0.49695733086367,5,4.9966139038935,1.2915666453414,4.7608648674886,329.91813127467,11.46920944873,12.337350660631
17.925,0.95609842506094,-0.82682995939904,1.9831036765393,0.12295283795164,5,4.9966479948204,1.2932167350016,4.7625780003386,330.47059737286,11.467565611754,12.335652821411
17.95,0.95728703419829,-0.82825322224151,1.9825768900798,0.46665532803411,5,4.9966817425227,1.2950710458709,4.7645056861984,331.01406817764,11.465717476464,12.333740624217
17.975,0.9585464345168,-0.82974075234731,1.982011460297,1.9044992082059,5,4.996715150456,1.2970201058951,4.7665351062676,331.58570309248,11.463773882089,12.331725448491
18,0.95962213200729,-0.83101143642199,1.9815507350382,0.40058635541219,5,4.9967482220412,1.2986849671832,4.7682625410342,332.09103677534,11.462113697393,12.330012324503
18.025,0.96063890021423,-0.83223020809744,1.9811103613293,0.61926803092991,5,4.9967809606644,1.3002721728988,4.7699097055636,332.63741877429,11.460531849189,12.32837952597
18.05,0.96185678962294,-0.83367092364055,1.9805641421131,0.67309290706766,5,4.9968133696779,1.3021586818142,4.7718736992805,333.19246672477,11.458650743169,12.326429528329
18.075,0.96307027894443,-0.83511963333265,1.9800313468154,0.033605464983241,5,4.9968454524003,1.3040484744233,4.773837162276,333.76947917552,11.456767028406,12.324482056252
18.1,0.96410789227526,-0.83637611567855,1.9795803752466,0.41181233157285,5,4.9968772121165,1.3056780109555,4.7755279504549,334.30202364827,11.45514368708,12.322806787688
18.125,0.96529459786624,-0.83777813661391,1.9790516821388,2.447917813018,5,4.9969086520786,1.3075148378017,4.7774393502731,334.88340065249,11.45331203828,12.320909233477
18.15,0.96647038630577,-0.83917033116736,1.9785342615004,0.96026799224156,5,4.9969397755059,1.3093371122402,4.7793336597109,335.43216757869,11.451495052516,12.319029467763
18.175,0.96762713010143,-0.84050842823965,1.9780308595969,1.7261378193658,5,4.9969705855852,1.311105885822,4.7811726739741,335.97677454913,11.44972998069,12.317203130563
18.2,0.96870197606644,-0.84181077562173,1.9775603640235,0.92250174266107,5,4.9970010854712,1.3127944954726,4.782925605415,336.53429069638,11.448047841008,12.315466018082
18.225,0.9698371377431,-0.84317517703331,1.9770598426596,0.49326271656354,5,4.9970312782869,1.31456937103,4.7847697054339,337.08438217842,11.446279167788,12.313637400552
18.25,0.9709597342028,-0.84448465384971,1.9765729776695,1.5976557066991,5,4.997061167124,1.3162941760462,4.7865619079511,337.64647217179,11.444558451556,12.311858399401
18.275,0.97210162928808,-0.84586780481595,1.9760646404768,0.48694058808197,5,4.9970907550428,1.3180877844152,4.7884261605313,338.18708900035,11.442771696884,12.310010098184
18.3,0.97329282237603,-0.84727679465569,1.9755362943459,1.259644749466,5,4.997120045073,1.3199328300355,4.790345364266,338.76183679353,11.440931945357,12.308105159354
18.325,0.97443027404408,-0.84862193176959,1.9750431650805,1.0683131738302,5,4.9971490402136,1.3216944174311,4.792174671956,339.30878450767,11.439175400238,12.306290552271
18.35,0.97548874332243,-0.84988482724275,1.9745776484,1.2695296758342,5,4.9971777434336,1.3233422226955,4.7938869709863,339.84136323711,11.437532873734,12.304592114021
18.375,0.97668380479442,-0.85128824784884,1.9740508292879,1.6011971859276,5,4.9972061576721,1.3251855244395,4.7958040781029,340.40374539949,11.435694381536,12.302688917223
18.4,0.97779801337312,-0.85259532934278,1.9735674901258,0.11020659369183,5,4.9972342858384,1.326903058366,4.797588325713,340.96377544364,11.433981265582,12.300918297248
18.425,0.9790400673194,-0.8540759295139,1.9730124497082,1.7037234239162,5,4.9972621308127,1.3288356408021,4.7995990332346,341.53930793159,11.432054811091,12.298922936247
18.45,0.98017022606098,-0.85540937797523,1.9725208292233,1.163302801263,5,4.9972896954463,1.3305835949148,4.8014148069764,342.0644955565,11.43031171943,12.297121405007
18.475,0.98118881178641,-0.85660299403882,1.9720863814663,1.3305172423722,5,4.9973169825614,1.3321527463375,4.8030429903324,342.61132074854,11.428746548459,12.295506340621
18.5,0.98238974983145,-0.85801752368981,1.9715529841819,1.3831084150045,5,4.9973439949522,1.3340083180342,4.8049737049629,343.17957490479,11.426896025087,12.293589548829
18.525,0.98354747202835,-0.85937684470381,1.9710424095771,0.65488073340635,5,4.9973707353845,1.3357938359714,4.8068307888952,343.72249210028,11.425115163086,12.291745927563
18.55,0.98469066898164,-0.86073132450128,1.9705362201824,0.70354570765204,5,4.9973972065965,1.3375662678589,4.8086740855341,344.26312667182,11.423347943745,12.289916607189
18.575,0.98588331868797,-0.862151672099,1.970001663953,1.5858554527036,5,4.9974234112985,1.3394209378081,4.8106042541751,344.831926234,11.421499095548,12.288000953314
18.6,0.98698989329328,-0.86345841144593,1.9695132281814,0.860727418275,5,4.9974493521739,1.3411332681144,4.8123848845637,345.36619743199,11.419791591463,12.286233691285
18.625,0.98819834713428,-0.86489114682405,1.968963120299,1.8537453398965,5,4.9974750318787,1.3430075923525,4.8143382688147,345.96107199526,11.417922831141,12.284293798218
18.65,0.98927236687986,-0.86617126748061,1.9684821292013,0.53668463773208,5,4.9975004530424,1.3446785882559,4.8160771131853,346.48518469831,11.416257138922,12.282568150411
18.675,0.99046267026805,-0.86756245500501,1.96794128033,0.88793297330324,5,4.9975256182681,1.3465094964688,4.8179862340263,347.09004360249,11.41443071991,12.280671032825
18.7,0.99167443552508,-0.86891885763392,1.9674639627098,1.2955238565369,5,4.9975505301323,1.3483283431171,4.8198666688804,347.63996140816,11.412614025295,12.278806394625
18.725,0.99287572798449,-0.87028430745719,1.9669651708472,1.7711482534725,5,4.9975751911861,1.3501470120789,4.8217524976412,348.22113939634,11.410798234527,12.276934677795
18.75,0.99389241870027,-0.87146745691375,1.9665411816459,0.43441195073382,5,4.9975996039545,1.3517069808761,4.8233690586487,348.76121988586,11.409241863829,12.275331680312
18.775,0.99505796897188,-0.87286828754215,1.9660217810441,0.53618126033042,5,4.9976237709372,1.3535292964045,4.8252639493765,349.32477173126,11.407425949431,12.273452250934
18.8,0.99618011147911,-0.87421801104043,1.9655296159275,0.5164462204556,5,4.9976476946088,1.355284562005,4.8270869095599,349.85650903205,11.405676908451,12.271645028421
18.825,0.99729017416557,-0.87550701458788,1.9650447645786,0.74161082097214,5,4.9976713774189,1.3569856702653,4.8288557651628,350.43140312881,11.403979604792,12.269888593706
18.85,0.99853000179277,-0.87698997747239,1.9644913917245,1.2679993544156,5,4.9976948217924,1.3589186346887,4.8308663802372,351.00267877177,11.402053058914,12.267893813002
18.875,0.99965752268434,-0.87830270169713,1.9640029403483,1.6480399505833,5,4.9977180301301,1.3606491109963,4.8326644717249,351.58382855256,11.400326607585,12.266108964758
18.9,1.000903656087,-0.87975011481182,1.9634511637874,2.4215518773819,5,4.9977410048081,1.3625590463831,4.8346525136145,352.1680308457,11.398420965954,12.264134207884
18.925,1.0019376314813,-0.88097683368507,1.9630064918151,0.70739352701567,5,4.9977637481791,1.3641633980621,4.8363173491839,352.70130526766,11.396821435202,12.262483483137
18.95,1.0030174110283,-0.88225696622675,1.9625377164757,1.1405472085974,5,4.9977862625718,1.3658381109313,4.8380564332857,353.25552798605,11.395151709859,12.260758626164
18.975,1.0041691854804,-0.88362354996646,1.9620318085407,0.029318826943747,5,4.9978085502914,1.3676253253858,4.8399138719374,353.81069333053,11.393369874321,12.258915872058
19,1.0052873925557,-0.88496041924559,1.9615426864489,0.66732473055842,5,4.9978306136202,1.3693681984543,4.8417240782664,354.34694233775,11.391632765887,12.257120885381
19.025,1.006482315783,-0.88639619794152,1.961005042125,1.4096988333836,5,4.9978524548173,1.3712361657941,4.8436678795427,354.898339948,11.389771359631,12.255192470888
19.05,1.0075471145425,-0.88767210217392,1.9605438018922,0.62658521377762,5,4.9978740761191,1.3728980105548,4.8453925448902,355.4410902377,11.388115166616,12.253482982926
19.075,1.0087378626365,-0.88908152941631,1.9600195674634,0.29561497287107,5,4.9978954797394,1.3747431030118,4.8473106658226,355.97920853008,11.386275465863,12.251579696768
19.1,1.0098164507369,-0.89037521918518,1.9595488886695,0.42403457927273,5,4.99791666787,1.3764274383431,4.8490595294638,356.4941220979,11.384596929032,12.249845964474
19.125,1.0109632707143,-0.89174150165404,1.9590401172229,1.6942730457279,5,4.9979376426802,1.378211233131,4.8509144613305,357.05713174121,11.382818795794,12.248005611125
19.15,1.0121721922907,-0.89316360101208,1.9585094547196,0.69822488866728,5,4.9979584063178,1.3800777426975,4.8528549408213,357.59894299195,11.380957318502,12.246079722405
19.175,1.0132490914494,-0.8944553997852,1.9580396771996,0.54566281745859,5,4.9979789609089,1.3817595440735,4.8546011214496,358.13003718341,11.379281319192,12.244348689437
19.2,1.0143148252923,-0.89573960838705,1.9575722142882,0.4771229578395,5,4.9979993085582,1.3834283701151,4.8563341828826,358.63800967914,11.377618564735,12.242630822795
19.225,1.0154210950518,-0.89704936129684,1.9570805417621,0.6294462220454,5,4.998019451349,1.3851428045599,4.8581177263608,359.15268425015,11.375909165539,12.240860671149
19.25,1.0165685857993,-0.89838127276187,1.9565657983837,0.78428412313672,5,4.998039391344,1.3869008498284,4.8599495789508,359.68522407687,11.374155051993,12.239040448729
19.275,1.0178827237056,-0.89986677734535,1.9559668091232,1.8125469311891,5,4.9980591305847,1.3888842011095,4.8620214067522,360.24923957427,11.372174569416,12.236978749325
19.3,1.0190545034883,-0.90122430014225,1.955443674183,0.55772722057359,5,4.9980786710925,1.3906775042081,4.863889455512,360.78941674314,11.370385167394,12.235122638532
19.325,1.0201256721582,-0.90247892605397,1.9549639016392,0.54373940908456,5,4.9980980148681,1.3923271976638,4.8656074980585,361.33119550129,11.368739676461,12.233416282291
19.35,1.0212793021978,-0.9038307853965,1.9544390659158,0.35297971688502,5,4.9981171638922,1.3941043825023,4.8674605599805,361.88837866551,11.366967050407,12.231575138343
19.375,1.0225472966743,-0.90529871445188,1.9538603614178,1.2277854144474,5,4.9981361201256,1.3960441313788,4.8694847943049,362.41422003069,11.365031479765,12.229562676916
19.4,1.0236453338946,-0.90656599841169,1.9533749329247,0.88173661451152,5,4.9981548855093,1.3977209421529,4.871230456126,362.98476979387,11.363358117105,12.227828337237
19.425,1.0247371135443,-0.90784615640556,1.9528798416826,1.320758182906,5,4.9981734619646,1.3994034365192,4.8729842812686,363.50933790092,11.361679978616,12.226085992921
19.45,1.0259145064096,-0.90922234822426,1.9523469352208,0.19999244917153,5,4.9981918513938,1.401214557134,4.8748721761752,364.07660742704,11.359873347426,12.224210276516
19.475,1.0271033372571,-0.91060439818594,1.951808635641,0.9528374685472,5,4.9982100556798,1.4030375713634,4.8767730042364,364.59847875399,11.358054516396,12.222321233386
19.5,1.0283165099251,-0.91200052363443,1.9512635084598,1.688436153032,5,4.9982280766866,1.4048871535298,4.878701246398,365.16495540077,11.356208574856,12.220404477431
19.525,1.0293591835957,-0.91321015909582,1.9508008827758,0.91706070893253,5,4.9982459162594,1.4064841464329,4.8803638975509,365.70004647,11.354615139012,12.21875284645
19.55,1.0306368540632,-0.91469429350027,1.9502038858823,0.63835963645036,5,4.9982635762249,1.4084424867389,4.8824112133655,366.29287655116,11.352661243927,12.216716616617
19.575,1.0318128765887,-0.91606241357406,1.9496797173694,0.034798285475744,5,4.9982810583914,1.4102465880434,4.8842899188099,366.84663563554,11.35086133009,12.214850382187
19.6,1.0329909015723,-0.91741471840108,1.9491542956615,2.4372696766827,5,4.998298364549,1.4120400403587,4.8861587524511,367.42252725255,11.349071275164,12.2129928489
19.625,1.0342118451999,-0.91880044816406,1.9486077806615,1.7908763560898,5,4.9983154964696,1.413886916185,4.8880847921607,367.99680480115,11.347227287921,12.211077408505
19.65,1.0352871334516,-0.92007283491259,1.9481253124486,0.33005862943093,5,4.9983324559075,1.4155528131992,4.8898191474987,368.58442576783,11.345566272323,12.209355659193
19.675,1.036463270054,-0.92141831496618,1.9475955228021,1.9741598824039,5,4.9983492445992,1.4173398817155,4.8916830924956,369.15445426079,11.343782406718,12.207502270787
19.7,1.0375515059241,-0.9227187393399,1.9471035833835,0.3216397698268,5,4.9983658642638,1.41903557062,4.8934486986953,369.73031247037,11.342092337158,12.20575002847
19.725,1.0387392422725,-0.92410898862051,1.9465605982302,0.046173552777779,5,4.9983823166031,1.4208640975396,4.8953561429468,370.28907131614,11.340268448331,12.20385457804
19.75,1.0399196458632,-0.92549243470856,1.9460247849707,0.07529236541323,5,4.9983986033016,1.4226826892242,4.8972520257397,370.85430289346,11.338454553697,12.20197106688
19.775,1.0411544069853,-0.92694754770731,1.9454570728901,0.13241720733775,5,4.998414726027,1.4245910887808,4.8992430771891,371.4524253691,11.336551462897,12.199992887763
19.8,1.0423645229606,-0.92836947484611,1.9449076401343,0.7784105433449,5,4.9984306864302,1.426458241014,4.9011893900661,372.06157751102,11.334689308491,12.198059504792
19.825,1.0434694286392,-0.92969159819428,1.9444055221009,0.83182141235708,5,4.9984464861454,1.4281812693674,4.9029840903825,372.64253302237,11.332972091788,12.196278287366
19.85,1.0446116900279,-0.93104150323884,1.9438867434215,0.08324232522244,5,4.9984621267904,1.4299496032469,4.9048269512095,373.26277028434,11.331208866882,12.194448163993
19.875,1.0458610440098,-0.93244814555673,1.9433280514682,2.5919670297136,5,4.9984776099668,1.4318309665777,4.9067895170507,373.86638994286,11.329330053244,12.192495886809
19.9,1.0470140084108,-0.93376931904913,1.9428124722797,2.2163068456003,5,4.9984929372598,1.433584484843,4.9086172610718,374.4565607514,11.32757977596,12.19067898162
19.925,1.0481117586773,-0.93505680234042,1.942318985153,0.32573498983862,5,4.998508110239,1.4352764271805,4.9103797021112,375.05729291546,11.325892255534,12.188928557101
19.95,1.0492213192944,-0.93636320671714,1.941818812739,1.8744543153816,5,4.9985231304579,1.4369904333527,4.9121651963291,375.60951897588,11.324182971126,12.187155441046
19.975,1.0503957934924,-0.93771386348438,1.9412880093703,1.4788453884459,5,4.9985379994545,1.4387803113777,4.9140321230981,376.18745999896,11.32239660086,12.185299378598
20,1.0515820927851,-0.93909396371433,1.9407509858391,0.082828410627959,5,4.9985527187513,1.4406001967193,4.9159295890212,376.77282222824,11.320580963606,12.183413824998
20.025,1.0527696745369,-0.94050014815484,1.9402104202665,0.35802355142435,5,4.9985672898555,1.4424407686679,4.917847899798,377.35195445564,11.318745854018,12.18150887135
20.05,1.0539280785932,-0.94187371347579,1.9396818374324,0.46957624801031,5,4.9985817142591,1.4442375941043,4.9197208604119,377.91871836293,11.316954459118,12.179648968062
20.075,1.0550676888871,-0.94323251346335,1.939159912017,0.27070042817513,5,4.998595993439,1.4460110227124,4.9215694964408,378.51685111538,11.315186775316,12.177813559708
20.1,1.0560964218931,-0.94444585336919,1.9387124872533,0.7191217200126,5,4.9986101288573,1.4476017726376,4.9232219716279,379.0313495914,11.313600517411,12.176174268618
20.125,1.0572062350154,-0.9457469635926,1.9382096937496,1.5245426257738,5,4.9986241219615,1.4493119109303,4.9250044907125,379.61648644713,11.311894835418,12.174403547117
20.15,1.0584516606188,-0.94721509090065,1.9376365191974,0.097490013330978,5,4.9986379741842,1.4512371337034,4.9270132245908,380.15993130936,11.309975014073,12.172407840195
20.175,1.0595166681617,-0.94846965525144,1.9371665217502,0.96026677429884,5,4.998651686944,1.4528827863936,4.9287246773003,380.70638101316,11.308333937217,12.170709276045
20.2,1.0607048048278,-0.94989833648551,1.9366118201892,0.62550924577451,5,4.9986652616449,1.4547409572162,4.9306638762658,381.27511342295,11.306482432172,12.168783879529
20.225,1.0618268513178,-0.95120426363025,1.9361133803622,1.040363897981,5,4.9986786996768,1.4564627104021,4.9324563260683,381.79747722423,11.304764736352,12.167003614464
20.25,1.0629920192011,-0.95256063265036,1.9355834044331,1.6999712767554,5,4.9986920024158,1.4582508248042,4.9343213267654,382.34105165356,11.302980848362,12.165150190096
20.275,1.0640842467377,-0.95384521962277,1.935097042126,0.65239134634309,5,4.998705171224,1.4599369815826,4.9360762264706,382.88359490631,11.30129928781,12.163407969848
20.3,1.0651705470445,-0.95514482078329,1.9345978662287,0.33306957365232,5,4.9987182074497,1.4616307972553,4.9378420656788,383.43049029198,11.299611201367,12.16165495039
20.325,1.0663930052431,-0.95658181007343,1.9340415004647,0.51403378428307,5,4.9987311124278,1.4635174191748,4.9398090138557,383.94675564087,11.297729688982,12.159701069925
20.35,1.0674910555341,-0.9578843955655,1.9335485847247,0.78263434229604,5,4.9987438874796,1.465221075069,4.9415825440451,384.49963191768,11.296031229999,12.15794073281
20.375,1.0685917635346,-0.95916178327701,1.9330540849438,1.1050412440059,5,4.9987565339134,1.4669072771529,4.943339759883,385.05999570879,11.294348845373,12.15619474698
20.4,1.0698048100267,-0.96059616568312,1.9324998494691,1.196621928873,5,4.9987690530239,1.4687858230477,4.9452983592909,385.59302602175,11.292475803043,12.154249531404
20.425,1.0710191397465,-0.96203752342984,1.9319345608161,0.2201046685255,5,4.9987814460931,1.4706705269561,4.9472660127369,386.12994374183,11.290596895515,12.15229478111
20.45,1.0720845453888,-0.96330043012325,1.9314630414576,0.70564059702421,5,4.9987937143899,1.4723228049288,4.9489842539901,386.68955586071,11.28894961597,12.150589917363
20.475,1.0732361497312,-0.96463702898929,1.9309416412254,1.8350720959322,5,4.9988058591706,1.4740870863945,4.950823967906,387.22972378264,11.287189340745,12.148761624139
20.5,1.0744436642515,-0.96606508275174,1.9303911042882,0.91724139569892,5,4.9988178816786,1.475957227797,4.9527734600923,387.76973796722,11.285324695626,12.146825588288
20.525,1.0755114476201,-0.96733281483461,1.9299084314183,1.2167610185665,5,4.9988297831451,1.4776147277083,4.9544998085668,388.30556680674,11.283672315538,12.145111867346
20.55,1.0766620293738,-0.96869631094072,1.9293792811111,1.5432658571136,5,4.9988415647886,1.479398812909,4.9563607115871,388.86796991646,11.28189361511,12.143263595998
20.575,1.0777869641055,-0.96999723911841,1.9288822010266,0.93381255753439,5,4.9988532278155,1.4811186653079,4.9581509576273,389.39820456637,11.280177468722,12.141485307077
20.6,1.0788604044896,-0.97127619018625,1.92839650091,0.77334392849673,5,4.9988647734201,1.4827883928582,4.9598898925587,389.91899500205,11.278513133646,12.139759366119
20.625,1.0799391393855,-0.97255116279193,1.9279108370039,0.81186889346057,5,4.9988762027845,1.4844584898976,4.9616291721655,390.44493070619,11.276847913749,12.138032618741
20.65,1.0811794944365,-0.97401091234876,1.9273355956248,1.8011368574022,5,4.998887517079,1.4863740444964,4.9636292351808,391.0145159041,11.274937651022,12.136045077088
20.675,1.0823525864469,-0.97538374844712,1.9268086879835,0.60785360694749,5,4.9988987174622,1.4881798196258,4.9655103134568,391.55137234395,11.273136500106,12.1341767896
20.7,1.0835269055361,-0.97675096944268,1.9262729645891,2.1239528243128,5,4.9989098050809,1.4899821288595,4.9673905576242,392.10681919647,11.27133848581,12.132308156958
20.725,1.0846323984425,-0.97805415268008,1.9257773016711,0.85304680228934,5,4.9989207810704,1.4916910469723,4.9691699066188,392.64334465571,11.269634397136,12.130541608905
20.75,1.0857708939652,-0.97937173439791,1.9252620833053,1.8975745239897,5,4.9989316465546,1.493432366483,4.9709858481385,393.21510177163,11.267896880864,12.128736772307
20.775,1.0869531022655,-0.98076556625507,1.924726418951,1.0987041435319,5,4.9989424026459,1.495260038147,4.9728904005825,393.73754827572,11.266074387696,12.126845427095
20.8,1.088011642525,-0.98202521315126,1.9242509296214,0.79954007130041,5,4.9989530504459,1.4969054006554,4.9746030908308,394.28355064223,11.264434271252,12.125145782434
20.825,1.08921060723,-0.98342068422187,1.9236995752797,2.2118614103291,5,4.9989635910448,1.4987451984358,4.9765237280904,394.86100337402,11.262598844979,12.123236621045
20.85,1.0903564661411,-0.98476928696349,1.9231852728195,0.83535010213599,5,4.9989740255218,1.5005148656358,4.9783666141474,395.36887641511,11.260834081715,12.121406819952
20.875,1.0915317982629,-0.98612443808234,1.9226510881589,1.6632662256847,5,4.9989843549453,1.5023086995611,4.9802382961191,395.93506928699,11.259043956739,12.119546102332
20.9,1.0926876829141,-0.98748065868694,1.9221251060299,1.6124167709423,5,4.9989945803731,1.504090665794,4.9820962683619,396.48663410196,11.257266731976,12.117700406929
20.925,1.0938087121414,-0.98879643675797,1.9216239389206,0.71691193789931,5,4.9990047028522,1.5058192427986,4.9838960313831,397.0009052538,11.255542777313,12.115913385448
20.95,1.0950082986748,-0.99017502007536,1.9210797974556,1.9376812509166,5,4.999014723419,1.5076466726369,4.9858027536355,397.57908836521,11.253718941179,12.114017672464
20.975,1.0962029834794,-0.99155912550421,1.9205400068266,0.97187827289978,5,4.9990246430996,1.5094750652699,4.9877091621813,398.12934557666,11.25189461907,12.112123120791
21,1.0973200524135,-0.99286315264831,1.9200405639945,1.048531485268,5,4.9990344629097,1.5111921353897,4.9894973939725,398.68801429209,11.250181813918,12.110347102484
21.025,1.0985546625689,-0.99429929031003,1.9194739756086,1.9217341500756,5,4.9990441838548,1.5130860080409,4.9914742035278,399.27327475924,11.248292415898,12.108382182845
21.05,1.0996816102449,-0.99561670245301,1.9189672200323,0.80395713990797,5,4.9990538069303,1.5148196705856,4.9932804114431,399.80510230465,11.246563147627,12.106588168749
21.075,1.1008254070116,-0.99691424726556,1.9184584819196,1.8593035695782,5,4.9990633331214,1.5165493796895,4.9950833834482,400.42420913614,11.244836184495,12.104795564488
21.1,1.1019748777266,-0.99827302623608,1.9179396021599,0.90520409608333,5,4.9990727634037,1.5183291446222,4.9969372441281,400.96675050225,11.243061655738,12.102955021902
21.125,1.1030754929634,-0.99957578188329,1.9174317036978,1.0003485477218,5,4.9990820987426,1.5200345847929,4.9987167066941,401.51968397092,11.241361320572,12.101187469161
21.15,1.1042723154656,-1.0009472932004,1.9168736577023,1.7345246012878,5,4.9990913400942,1.5218548670223,5.0006206086684,402.09726758087,11.239544469171,12.099293115766
21.175,1.1053858034587,-1.0022168943287,1.9163665725983,0.65315424188091,5,4.9991004884047,1.5235435773396,5.0023838096888,402.61970203062,11.237858689163,12.097539389055
21.2,1.10655737283,-1.0035479982091,1.9158200492948,1.4416289527808,5,4.9991095446107,1.5253168264288,5.0042393689181,403.17260445331,11.236088337378,12.095692500858
21.225,1.1076880164806,-1.0048557587118,1.915297915314,0.56587393660159,5,4.9991185096397,1.5270455810664,5.0060452527713,403.69210455222,11.234363350195,12.093896785309
21.25,1.1088809290682,-1.0062219340452,1.914735975925,1.65447581262,5,4.9991273844094,1.5288592721876,5.007944002718,404.24081177025,11.232553047253,12.092007081087
21.275,1.1100368694406,-1.0075391479363,1.9142039235258,0.85302039839247,5,4.9991361698288,1.5306117705697,5.009775485815,404.81631858657,11.230803563119,12.09018494107
21.3,1.111271099496,-1.0089581915002,1.9136224246279,1.2585554900702,5,4.9991448667973,1.5324924641827,5.0117440257395,405.37616913581,11.228926611695,12.088226087036
21.325,1.1123602751706,-1.0102034238107,1.9131176426542,1.0715112216942,5,4.9991534762055,1.5341468242274,5.0134736823523,405.93762271022,11.227275259723,12.086505205269
21.35,1.1135932804563,-1.0116039184438,1.9125402606636,1.7785593318003,5,4.9991619989348,1.5360127522141,5.0154268994971,406.52423744547,11.225412371129,12.084560942645
21.375,1.1146989545181,-1.0128741950195,1.9120338735439,0.54895481281353,5,4.9991704358581,1.5376968299171,5.0171854630088,407.06180228054,11.223731607735,12.08281214965
21.4,1.1158249157974,-1.0141672952239,1.9115106300857,1.1681480118066,5,4.9991787878392,1.5394114426842,5.0189781371727,407.60154063763,11.2220203505,12.081028790373
21.425,1.1169454094692,-1.01545862851,1.9109870606039,1.1654088121671,5,4.9991870557332,1.5411211349737,5.0207662011332,408.14419280138,11.220314193031,12.079250049288
21.45,1.1181607979895,-1.0168552962786,1.9104140198659,1.2374527792852,5,4.9991952403867,1.5429725803849,5.0227042996339,408.71808600325,11.218466408868,12.077321432426
21.475,1.1193071550081,-1.0181797115473,1.9098857269217,0.52583614176078,5,4.9992033426379,1.544724211116,5.0245338634215,409.25498765973,11.216718541279,12.075502201681
21.5,1.120412309075,-1.0194627154491,1.9093691169345,0.77193707004304,5,4.9992113633163,1.5464175700631,5.0263042730923,409.7963734873,11.215029091763,12.07374156342
21.525,1.1215112987251,-1.0207385852996,1.9088615604867,0.37408385708937,5,4.9992193032432,1.5481015006217,5.0280630327899,410.32955155581,11.21334905103,12.071993019901
21.55,1.1226577010845,-1.0220702681308,1.9083229495522,1.1591808459192,5,4.9992271632315,1.549858662405,5.0299008900399,410.87878212044,11.211595983665,12.070165143245
21.575,1.1238985095053,-1.0234921167517,1.9077389159159,0.65458004010979,5,4.9992349440862,1.5517457922463,5.0318763277955,411.39862139782,11.209712427181,12.068199236269
21.6,1.1250698230465,-1.0248308444978,1.907192575354,1.507936804873,5,4.9992426466039,1.5535246029135,5.0337371489582,411.96153081753,11.207936846305,12.066347588181
21.625,1.1262648575586,-1.026205980891,1.9066340676495,1.0315297734048,5,4.9992502715733,1.5553464447248,5.0356426773472,412.48757019013,11.206118692594,12.064451890741
21.65,1.1274349116096,-1.0275397438917,1.9060890841719,1.2444164625414,5,4.9992578197752,1.5571206911069,5.0374987369408,413.03864356617,11.204347531479,12.062604854488
21.675,1.1285019188615,-1.0287686029254,1.9056030919763,0.49970011322466,5,4.9992652919824,1.5587481427959,5.0391972031354,413.59388573318,11.202723420092,12.060916260918
21.7,1.1297513249671,-1.0301921421666,1.9050095073759,2.1368735195447,5,4.9992726889601,1.5606422071,5.0411821016885,414.16768107276,11.200832625195,12.058940101957
21.725,1.1309484951156,-1.0315595040698,1.9044513462907,1.2030821791654,5,4.9992800114656,1.5624595939434,5.043083269418,414.72365358367,11.19901850716,12.05704828917
21.75,1.1321224266425,-1.0328959799853,1.9039063878932,1.4913030888614,5,4.9992872602488,1.5642384371356,5.0449437163421,415.2917456501,11.197242695194,12.055196949852
21.775,1.1333005256589,-1.0342176144833,1.9033637161812,1.3966420734631,5,4.9992944360518,1.5660089271918,5.046795506726,415.83807028082,11.195474515759,12.053353548992
21.8,1.1343636302408,-1.0354507235364,1.902874861365,0.83618446960202,5,4.9993015396095,1.5676370393774,5.0484954268184,416.38564712664,11.19385012757,12.051663647071
21.825,1.1354550550179,-1.0367028377445,1.9023768427163,0.38297803147397,5,4.9993085716492,1.5692980625664,5.0502295031168,416.91667747656,11.192192318131,12.049939309178
21.85,1.1367119556722,-1.0381426562206,1.9017787365494,1.8979703028286,5,4.9993155328908,1.5712093125497,5.0522321532324,417.48776680649,11.190284680506,12.047945842218
21.875,1.1379154188378,-1.0395228917065,1.9012143542091,1.3133266513998,5,4.9993224240473,1.5730405344334,5.0541483737347,418.03310470933,11.188456987137,12.046039126771
21.9,1.1390504833287,-1.0408044251109,1.9006949001725,1.3394173751562,5,4.9993292458242,1.5747524629556,5.0559373767424,418.58532621524,11.18674758377,12.044258930634
21.925,1.1402265390143,-1.0421551872071,1.9001424598327,1.6098466897478,5,4.9993359989201,1.5765434585492,5.0578116380755,419.1600154412,11.184960121633,12.042394011287
21.95,1.1412876853344,-1.0433661483364,1.8996625508449,0.42258080817554,5,4.9993426840263,1.5781535698401,5.0594917484903,419.66817716031,11.18335287354,12.040723355375
21.975,1.1423190583961,-1.0445672633561,1.8991859493785,0.69428097624469,5,4.9993493018275,1.5797367336608,5.0611450955927,420.19082436593,11.181773553749,12.039079866636
22,1.1435426612489,-1.0459808221729,1.8986051595327,1.1653786427554,5,4.9993558530012,1.5816063198369,5.063102816031,420.7446417093,11.179908004848,12.037131920089
22.025,1.1446759701213,-1.047271054971,1.8980892046062,0.66705584642866,5,4.9993623382183,1.5833236112139,5.0648959415592,421.26748297222,11.178193650474,12.035348431775
22.05,1.145922726203,-1.0487008373185,1.8974945540505,1.9959612160037,5,4.9993687581427,1.5852206294764,5.0668839776685,421.81646802146,11.176300291118,12.033369522078
22.075,1.1470362608076,-1.0499775570272,1.8969861456749,0.5978971726295,5,4.9993751134319,1.5869147288036,5.0686527206139,422.35090376729,11.174609448783,12.03161067219
22.1,1.1481904889219,-1.0512989202742,1.8964469473929,1.598584758996,5,4.9993814047366,1.5886692211434,5.0704881982513,422.88353000901,11.172858249038,12.029784353589
22.125,1.1493107244655,-1.052580001417,1.8959277621792,1.3267889302505,5,4.999387632701,1.5903710133068,5.0722674255706,423.42754388766,11.171159596697,12.028014259225
22.15,1.1504232693898,-1.0538671857036,1.8954115626575,0.84666025410221,5,4.9993937979627,1.5920723655914,5.0740453630112,423.94149533092,11.16946200818,12.026246261465
22.175,1.1515067388612,-1.0551252860341,1.8949099608731,0.68963649757169,5,4.9993999011531,1.5937327036706,5.0757798159183,424.47037788216,11.167805544992,12.024521872212
22.2,1.152619752406,-1.0564232448452,1.8943896446218,0.61481032318786,5,4.9994059428972,1.5954425271194,5.0775670554734,424.98809449757,11.166099964418,12.022744929438
22.225,1.1537567357722,-1.0577533865011,1.893854001659,0.51981184900267,5,4.9994119238134,1.5971923865423,5.0793970613159,425.49406367572,11.16435464463,12.020925399014
22.25,1.1549050498035,-1.0590912518509,1.8933140005835,0.64892653164213,5,4.9994178445143,1.5989554829119,5.081241000027,426.02469589666,11.162595868526,12.019091757342
22.275,1.1560266815045,-1.0604316148707,1.8927630131901,0.77460776525263,5,4.9994237056061,1.6007032330937,5.0830735441071,426.54287742021,11.160854069623,12.017269811732
22.3,1.1572797966904,-1.0619135903206,1.8921365239028,1.7418953491958,5,4.9994295076889,1.6026439929714,5.085112916003,427.11665840467,11.15891912485,12.015240494414
22.325,1.1583824528169,-1.0632224975592,1.8916027723357,0.65512513618356,5,4.9994352513569,1.6043554510318,5.0869056734958,427.63797390347,11.157213042671,12.013458113332
22.35,1.159412698587,-1.0644573465548,1.8911012940238,0.59456165537898,5,4.9994409371981,1.6059636358436,5.0885902324548,428.17599862621,11.155610536216,12.01178389304
22.375,1.1604989908244,-1.0657650342621,1.8905671336051,0.3826312174588,5,4.9994465657947,1.6076636587742,5.0903721991542,428.68330061727,11.153916826138,12.010012853579
22.4,1.1616016874066,-1.0670904572655,1.8900238639162,0.42947450329262,5,4.9994521377231,1.6093878066479,5.0921799125842,429.20044586092,11.152198972403,12.008216015325
22.425,1.1627122282217,-1.0684261775756,1.8894760224827,0.48599213752451,5,4.9994576535537,1.6111248874316,5.0940013350737,429.7189204911,11.150468282464,12.006405562186
22.45,1.1639494150843,-1.0698906266134,1.8888573402709,1.7199620019078,5,4.9994631138515,1.6130419795831,5.0960157853701,430.2624305282,11.148557011705,12.004401135072
22.475,1.1650724859847,-1.0712331728851,1.8883087675188,0.68075073038443,5,4.9994685191755,1.6147923277595,5.0978500838199,430.80750377245,11.146812663207,12.002577728973
22.5,1.166115254841,-1.0724846014835,1.8878000649081,0.58223814923403,5,4.9994738700791,1.6164212661944,5.0995566062401,431.32374155623,11.145189571925,12.000881721089
22.525,1.1671419184268,-1.0737182994029,1.8872998365167,0.48646286063122,5,4.9994791671103,1.6180262735697,5.1012377597484,431.85696317325,11.143590414372,11.99921108435
22.55,1.1682194815489,-1.0750165010968,1.8867698097149,0.44412996127744,5,4.9994844108114,1.619713422028,5.1030062049217,432.36016717768,11.141909600561,11.997453564691
22.575,1.1693334300792,-1.0763600709896,1.8862197063438,0.58175986062075,5,4.9994896017194,1.6214587189611,5.1048361434736,432.87927013385,11.140170943656,11.995634882662
22.6,1.1705736636925,-1.077834836258,1.8855996533624,1.6139610554092,5,4.9994947403658,1.6233856626584,5.106860390917,433.45009336815,11.138250205363,11.993621163724
22.625,1.1717057095046,-1.0791803431144,1.8850462091785,0.68006180948925,5,4.9994998272767,1.625144047264,5.1087038162304,433.9767852032,11.136497453666,11.991788156133
22.65,1.17272847693,-1.0804108355134,1.88454790084,0.59740420389127,5,4.999504862973,1.6267440987477,5.1103796670443,434.51289249487,11.134903323789,11.990122907745
22.675,1.1737717252081,-1.0816697574651,1.884036617282,0.56185269076338,5,4.9995098479704,1.6283791068365,5.1120927526601,435.02783671207,11.133274578443,11.988420701788
22.7,1.1748685401708,-1.0829883804793,1.8834964806518,0.39363018370698,5,4.9995147827792,1.6300942656384,5.1138909510071,435.54638751517,11.131565718588,11.986633395517
22.725,1.175995117941,-1.0843454600502,1.8829397552692,0.63548694422957,5,4.9995196679048,1.6318580236814,5.1157404875939,436.05958012962,11.129808587317,11.984795109666
22.75,1.1772006622014,-1.0857790583826,1.8823370278246,1.7746673170789,5,4.9995245038474,1.6337311337001,5.1177081820607,436.60611685278,11.127941525376,11.982837673457
22.775,1.1783259131381,-1.0871149152062,1.881789212926,0.67817112050174,5,4.9995292911021,1.6354777599119,5.1195387022837,437.14130392194,11.126200424504,11.981017582638
22.8,1.1793559950783,-1.0883539444487,1.8812872309882,0.73021870243321,5,4.9995340301592,1.6370890520231,5.1212263776475,437.68335966965,11.124595091959,11.979340576671
22.825,1.1804185941923,-1.0896355866404,1.8807638644924,0.68303430687037,5,4.9995387215038,1.6387539014411,5.1229715527314,438.19650236265,11.122936595801,11.977606268956
22.85,1.1816319666006,-1.0910683902315,1.8801649172333,1.0658867636474,5,4.9995433656163,1.6406314527005,5.1249423232789,438.76059232643,11.121064603431,11.975645662394
22.875,1.1827339099237,-1.0923930481409,1.8796249510398,0.6049430677787,5,4.9995479629724,1.6423545306628,5.1267480256781,439.31654852201,11.119347859841,11.973851108547
22.9,1.1838142978177,-1.0936951189285,1.8790936452929,0.46185787485438,5,4.9995525140426,1.6440464604301,5.1285214156899,439.83585484453,11.117662335377,11.972088760353
22.925,1.1849007656695,-1.0950181683528,1.8785485108859,0.5877056912759,5,4.9995570192931,1.6457584394522,5.1303180914241,440.37668234084,11.115957619616,11.970303461433
22.95,1.186042911818,-1.096417971549,1.8779543448182,1.7085845280021,5,4.9995614791851,1.6475650790988,5.132219927413,440.93533908919,11.114159179011,11.968412936875
22.975,1.1872304767197,-1.0978774644657,1.8773390586825,0.82842839655851,5,4.9995658941753,1.6494466821307,5.1341995756137,441.45961131856,11.112286361973,11.96644550975
23,1.1882161653475,-1.0990964711984,1.8768378766643,0.68654225246738,5,4.9995702647157,1.6510143426441,5.135845401516,441.97344310937,11.110726495183,11.964811031974
23.025,1.1892179292245,-1.1003453653601,1.8763230705927,0.56626539106234,5,4.9995745912539,1.6526153634099,5.1375271544062,442.50199409753,11.109134075333,11.963141270877
23.05,1.1903120166992,-1.1017090964304,1.8757556122439,0.3558052710176,5,4.9995788742329,1.6543637311728,5.1393653053282,443.01706683213,11.107395085884,11.961315867841
23.075,1.1914287386543,-1.1031018553702,1.8751744478553,0.40520413032489,5,4.9995831140912,1.6561489049428,5.1412426964531,443.53066686162,11.105619543734,11.959451437057
23.1,1.1925250309771,-1.1044638421227,1.8746050535331,0.38010393479701,5,4.999587311263,1.6578972941361,5.1430814663313,444.03737718763,11.103880250267,11.957625035665
23.125,1.1936884941851,-1.1058927066836,1.8739962622805,2.0813209478788,5,4.999591466178,1.659739928275,5.1450220660735,444.5963971878,11.102046175557,11.955696002045
23.15,1.1948458527841,-1.1073119555153,1.8733998089741,0.50062736661219,5,4.9995955792617,1.6615712518873,5.14694807301,445.13425734538,11.100223233312,11.953781885629
23.175,1.1958985707459,-1.1086193998682,1.872853093544,1.1749981762351,5,4.9995996509352,1.6632498304059,5.1487134408484,445.67774059467,11.098553369436,11.952028375644
23.2,1.1969720610622,-1.1099400592414,1.8723048130969,0.21785120334059,5,4.9996036816154,1.6649517477479,5.1505014940041,446.19398959485,11.096859505491,11.950251999735
23.225,1.1980988455103,-1.1113627640888,1.8717115604336,0.4753152690476,5,4.9996076717151,1.666766612006,5.1524108606524,446.77054040451,11.095055613391,11.948356764445
23.25,1.1991948935595,-1.1127283281848,1.871143324882,0.36250653537972,5,4.9996116216428,1.6685176364566,5.1542517784313,447.28465886159,11.093313965344,11.946528613573
23.275,1.200345692327,-1.1141117926593,1.8705498902865,2.2747792176102,5,4.999615531803,1.6703171674387,5.1561466336698,447.89545845361,11.091521092162,11.94464354503
23.3,1.2015033857837,-1.1155362222411,1.8699501390217,0.87764357937952,5,4.999619402596,1.6721527201547,5.1580776839935,448.40613417037,11.089694247577,11.942724588216
23.325,1.202488237618,-1.1167540683982,1.8694484394375,0.65486120703152,5,4.9996232344182,1.6737189520652,5.1597223070112,448.9555823484,11.088135826306,11.941091275058
23.35,1.2035062502693,-1.1180209921106,1.8689259489545,0.44491404369615,5,4.999627027662,1.6753442044922,5.1614294806276,449.49874254264,11.086519195419,11.939396194587
23.375,1.2046051899208,-1.1193914325346,1.8683545769333,0.42256365878615,5,4.9996307827157,1.6771008419942,5.1632767059251,450.05750994489,11.084772060743,11.937561790637
23.4,1.2057093783849,-1.1207687592422,1.8677796555351,0.3430828410075,5,4.9996344999638,1.6788661354609,5.1651332607015,450.55777157485,11.083016342112,11.935718099671
23.425,1.2067895468972,-1.1221170674026,1.8672187683886,0.40637453423972,5,4.999638179787,1.6805937635778,5.1669496563912,451.08764109058,11.081298148956,11.933914463777
23.45,1.2079104065866,-1.1234985856701,1.8666341609535,1.4367689423396,5,4.9996418225621,1.682372785547,5.168822270879,451.61545682252,11.07952773189,11.932053531383
23.475,1.2090247935899,-1.124872788614,1.866060707009,0.25407974949236,5,4.999645428662,1.6841420487055,5.1706821476358,452.1236117145,11.077767070236,11.930205798768
23.5,1.2100891055017,-1.1261975103219,1.8655103315335,0.52132777804641,5,4.999648998456,1.6858413566379,5.1724683616804,452.65924085999,11.076076805019,11.928432000817
23.525,1.2111521804,-1.1275208743001,1.8649604471627,0.34028965188464,5,4.9996525323096,1.6875388313677,5.1742526803962,453.19155800871,11.07438837776,11.926660092934
23.55,1.2122407636824,-1.1288780059393,1.8643952694587,0.44424121089694,5,4.9996560305847,1.6892786071718,5.17608195503,453.7201812566,11.072658008276,11.924843563781
23.575,1.2133345095104,-1.1302497287086,1.8638225794354,0.63804199657325,5,4.9996594936394,1.6910330025925,5.1779274569007,454.23995787471,11.070913638597,11.923011247198
23.6,1.214513708164,-1.131691273108,1.8632126728222,0.80387417412227,5,4.9996629218284,1.6928954095621,5.1798871879529,454.77013945435,11.069059536476,11.921063224949
23.625,1.215601231328,-1.132998071617,1.8626446314193,0.7297243883345,5,4.9996663155027,1.6945955357266,5.1816797001595,455.28708898827,11.067365699699,11.919279557679
23.65,1.2166611233562,-1.1342807836546,1.8620852163452,0.75451741210274,5,4.9996696750098,1.6962594832266,5.1834351677633,455.80452720981,11.065708421021,11.917533039051
23.675,1.2177517224615,-1.1356019479833,1.8615074768343,0.67515665170175,5,4.9996730006936,1.6979726328383,5.1852431126005,456.3203963846,11.064002213205,11.91573428597
23.7,1.2189868397869,-1.137057005585,1.8608477118374,2.2738325037295,5,4.9996762928947,1.6998812206491,5.187262517781,456.88739080784,11.062099182923,11.913722325443
23.725,1.2201310697611,-1.138420036991,1.8602479267882,0.66233981065452,5,4.9996795519503,1.7016608601766,5.1891405111124,457.4106484876,11.060325496407,11.911852733545
23.75,1.2211628007311,-1.1396576001739,1.8597070796551,0.76581141520748,5,4.9996827781939,1.7032720806537,5.1908400837197,457.95437333577,11.05872012555,11.910161309396
23.775,1.2222188521462,-1.1409349217606,1.8591504385046,0.64972289720147,5,4.999685971956,1.7049294264316,5.19258840989,458.47554976262,11.057069389667,11.908421899682
23.8,1.2233057813567,-1.1422520228254,1.8585701066339,0.3946726615486,5,4.9996891335636,1.7066371062386,5.1943920050229,459.00418593458,11.055368661563,11.906627275884
23.825,1.2244308637889,-1.1436108062433,1.8579779361761,0.71165005041454,5,4.9996922633404,1.7084012215569,5.196252856631,459.51670496172,11.053611471179,11.904775831463
23.85,1.2255763383672,-1.1449860555972,1.8573669533421,1.5581962004743,5,4.9996953616068,1.7101910323834,5.1981440792034,460.05273955094,11.051828235062,11.902893218804
23.875,1.2267285001064,-1.1463526284391,1.8567627793129,0.61664808693164,5,4.9996984286802,1.7119784881187,5.2000308818595,460.58011730923,11.050046463607,11.901014495228
23.9,1.2278090352162,-1.1476570819331,1.8561924781066,0.88739135123088,5,4.9997014648745,1.7136723461534,5.201818169891,461.11828733749,11.048359230944,11.899236129779
23.925,1.2288883565576,-1.1489528916715,1.8556239652987,0.68181980141855,5,4.9997044705007,1.715358779501,5.2035978508311,461.62449967058,11.04667899742,11.897464927888
23.95,1.2300087000062,-1.1503065015829,1.8550297492213,0.84581742449152,5,4.9997074458665,1.7171158877035,5.2054527152418,462.15267815048,11.044928828248,11.895619247141
23.975,1.2311630309736,-1.1517017539404,1.8544139860853,0.64803889876794,5,4.9997103912766,1.7189267463737,5.2073654027131,462.70048428455,11.04312515597,11.893715888444
24,1.2323043948837,-1.1530733079252,1.8538079513318,0.95619145705723,5,4.9997133070325,1.7207110871226,5.209249852243,463.21114983498,11.041347450585,11.891840253248
24.025,1.2333913110646,-1.1543894001663,1.8532335625806,0.90848276047814,5,4.9997161934328,1.7224179806669,5.2110507986634,463.74357898898,11.039647467708,11.890048535418
24.05,1.2344744681421,-1.1556895971875,1.8526619654406,0.91580021954724,5,4.9997190507732,1.7241102399699,5.2128369858985,464.26089740207,11.0379614278,11.888270800884
24.075,1.2355545041018,-1.1569922559813,1.8520920520252,0.82050446133891,5,4.999721879346,1.7258023976478,5.2146225387284,464.79320905702,11.036275836147,11.886494108648
24.1,1.2366793042003,-1.1583516154476,1.8514941098583,0.8115799927519,5,4.999724679441,1.7275667766945,5.2164854848509,465.32101914812,11.034518458582,11.884640356053
24.125,1.2378356497909,-1.159748309583,1.8508785569495,0.82470172945251,5,4.999727451345,1.7293800305744,5.2184003725803,465.84167344596,11.032712357745,11.882734825422
24.15,1.2389793475121,-1.1611305883868,1.8502696096078,0.88747587485363,5,4.9997301953416,1.7311741150676,5.2202949849506,466.37673440952,11.030925401827,11.88084952444
24.175,1.2400800512594,-1.162458072989,1.8496872230403,0.96868602050558,5,4.9997329117119,1.7328985755943,5.2221151328079,466.90292710846,11.02920763557,11.879038329636
24.2,1.2411844114386,-1.1637872233057,1.8491034060343,0.85929695343708,5,4.999735600734,1.7346266531302,5.2239391652271,467.46144239659,11.027486115109,11.877223118691
24.225,1.2423021687778,-1.1651418208911,1.8485089008771,0.93587417204062,5,4.9997382626832,1.7363828752368,5.2257932829336,467.98663687885,11.02573708771,11.875378399532
24.25,1.2433867591805,-1.1664529736772,1.8479336831972,0.88029535692475,5,4.9997408978322,1.7380844797649,5.22758948263,468.5295672555,11.024042270477,11.873591177084
24.275,1.2444842398619,-1.1677770630769,1.8473537264817,0.67505873741229,5,4.9997435064508,1.7398042694568,5.2294044279119,469.07715234951,11.022329193025,11.871785241371
24.3,1.2455968868206,-1.1691172853299,1.846764642797,0.99242262587636,5,4.9997460888059,1.7415461589315,5.2312432314712,469.58267963843,11.020593982749,11.86995536696
24.325,1.246682734273,-1.1704304985619,1.8461894018984,0.77449999434554,5,4.9997486451622,1.7432501523831,5.2330417018697,470.1139509955,11.018896823225,11.868165963548
24.35,1.2477582289945,-1.1717315906548,1.8456207633052,0.93606028319061,5,4.9997511757813,1.7449382073377,5.234822959678,470.63088940133,11.017215563148,11.866393775243
24.375,1.2489106272343,-1.1731212558992,1.8450078064474,0.8367790340225,5,4.9997536809223,1.7467435303544,5.2367295029647,471.16601391829,11.015417256712,11.864496453777
24.4,1.2500314334005,-1.1744804038116,1.8444100620996,0.76454371970154,5,4.9997561608418,1.7485052027161,5.2385898222426,471.67730627539,11.01366286635,11.862645557711
24.425,1.2511295922241,-1.175804896485,1.8438293391539,0.76609196872778,5,4.9997586157936,1.7502257356695,5.2404057167283,472.21548271316,11.011949037948,11.860838644954
24.45,1.252239217925,-1.1771445683565,1.8432412208183,0.69540956836073,5,4.9997610460292,1.7519652729412,5.2422419828027,472.74549601098,11.010216357577,11.859011482823
24.475,1.2533616082766,-1.1784998092793,1.8426455137095,0.8770527032617,5,4.9997634517974,1.7537249428137,5.2440997516311,473.28093460753,11.008463635111,11.857162894539
24.5,1.2544548258683,-1.1798222057176,1.8420670849674,0.68986369376413,5,4.9997658333446,1.7554407100015,5.2459103970554,473.83453168888,11.006754779621,11.855361453515
24.525,1.2555661234351,-1.1811667968845,1.841475542629,0.89745826247963,5,4.9997681909145,1.7571851032163,5.2477523606886,474.3608934927,11.005017434181,11.853528690523
24.55,1.2568038128503,-1.182629216949,1.8408158848827,1.8092081030973,5,4.9997705247486,1.7591009705222,5.2497786123699,474.91779287745,11.003107431648,11.85151032295
24.575,1.2579319876008,-1.1839855574502,1.8402220361726,0.93690075959662,5,4.9997728350858,1.7608651807769,5.2516400886962,475.45981436305,11.001349866028,11.849657931951
24.6,1.258978269863,-1.1852459867819,1.8396720737778,0.98481224432816,5,4.9997751221628,1.7625032859849,5.2533680491436,476.00470931537,10.999718074276,11.847938617787
24.625,1.2601157286484,-1.1866228641519,1.8390630110694,0.040000569570479,5,4.9997773862137,1.7642892321712,5.2552549940722,476.5657778297,10.997939388854,11.846060967683
24.65,1.2612191992511,-1.1879651046734,1.8384790180993,0.97699710429782,5,4.9997796274703,1.7660268331003,5.2570881074832,477.10139171207,10.996209232633,11.844237688307
24.675,1.2622600465386,-1.1892209649215,1.8379321334921,0.90849573707453,5,4.9997818461622,1.7676579517467,5.2588084652403,477.63669391837,10.994584517944,11.8425260905
24.7,1.2634003417628,-1.1905870947245,1.8373267506629,1.4346549298133,5,4.9997840425164,1.7694374415154,5.2606881120706,478.1749783928,10.992811478276,11.840655051664
24.725,1.2645004163122,-1.1919199791755,1.8367392959521,0.0055267310171507,5,4.9997862167579,1.7711656616905,5.2625134471114,478.72426506736,10.99109036542,11.83883888419
24.75,1.2656258924225,-1.1932816354141,1.8361431560532,0.89498455011484,5,4.9997883691094,1.7729322414898,5.2643779006416,479.24821770426,10.989330937775,11.836983918926
24.775,1.2666918249508,-1.194573117152,1.835581502688,0.9129186684617,5,4.9997904997912,1.7746067973217,5.2661441372443,479.77779760266,10.987663270858,11.835226959685
24.8,1.2677756080674,-1.1958782963033,1.8350099767067,0.95111249058623,5,4.9997926090214,1.7763032873632,5.2679343105343,480.28944081346,10.985973312061,11.833445636948
24.825,1.2689558021233,-1.1973294033709,1.8343686871591,0.18745276167775,5,4.9997946970161,1.7781737337621,5.2699116375217,480.83899292753,10.984111836149,11.83147915556
24.85,1.2700859222276,-1.1986894851034,1.8337729408837,0.78197936680715,5,4.999796763989,1.7799420645482,5.2717776244975,481.35416123286,10.982350267569,11.829622352318
24.875,1.2711452659009,-1.1999703942075,1.8332147210222,0.82014511961486,5,4.9997988101518,1.7816042730644,5.2735310629951,481.87077038361,10.980694757257,11.827877958276
24.9,1.2722348203857,-1.20129125819,1.8326374044421,0.80854894107578,5,4.9998008357141,1.7833165261518,5.2753380231687,482.3936603782,10.978989603367,11.826080379986
24.925,1.2733541203554,-1.2026491797339,1.83204185661,0.89148451108232,5,4.9998028408831,1.7850762941313,5.2771958338593,482.9041820642,10.977237191741,11.824232154064
24.95,1.2744768205937,-1.2040147259229,1.8314416346802,0.76217931187415,5,4.9998048258643,1.7868441097946,5.2790627667945,483.41832674257,10.975476973197,11.822374944071
24.975,1.2755749684296,-1.2053334206479,1.8308612488749,0.60475656707774,5,4.9998067908609,1.7885601763572,5.2808743219634,483.9597292665,10.973767318092,11.820572048686
25,1.2766722888525,-1.2066647982626,1.8302802661032,0.82585869441957,5,4.999808736074,1.7902854816819,5.2826948217422,484.44039944839,10.97204923888,11.818761111615
25.025,1.2777658002619,-1.2079887191253,1.8297009003144,0.74832721708528,5,4.9998106617029,1.7920026111625,5.2845070574803,484.9909342538,10.970339139556,11.816958184571
25.05,1.2788922173254,-1.2093525232678,1.8291018806883,0.87334045125277,5,4.9998125679447,1.7937714461294,5.2863745696362,485.50284482405,10.968577551278,11.815100153085
25.075,1.2800204941315,-1.210721303591,1.828500404257,0.84173801288087,5,4.9998144549947,1.7955453029795,5.2882476265019,486.01491597609,10.966811121806,11.813236714889
25.1,1.2811110858328,-1.212042729528,1.8279223978114,0.80050936464042,5,4.999816323046,1.7972586496361,5.290055843363,486.51527083035,10.965104856587,11.811437854952
25.125,1.2822087731649,-1.2133750733997,1.8273386819441,0.76329804507729,5,4.9998181722899,1.7989849339903,5.2918781446238,487.04548963229,10.963385844189,11.809625039734
25.15,1.2833048169424,-1.2147060971845,1.826756826133,0.80662643370195,5,4.9998200029158,1.8007091544744,5.2936978952833,487.55733599172,10.961668928655,11.807814863361
25.175,1.2844297278421,-1.2160710966836,1.8261581244069,0.84850202484661,5,4.9998218151111,1.8024779529832,5.295565270961,488.07757429768,10.959907563319,11.80595716111
25.2,1.2855486854864,-1.217424954633,1.825563747157,0.97360204952144,5,4.9998236090613,1.8042343690948,5.2974195314261,488.58566441952,10.958158304239,11.80411230595
25.225,1.2866504411355,-1.2187623391279,1.8249785482002,0.89594405496483,5,4.9998253849503,1.8059671307049,5.2992484438396,489.10973511383,10.956432857103,11.802292969051
25.25,1.287749334682,-1.2200937352906,1.824394992145,0.87284555791279,5,4.9998271429597,1.8076934512918,5.3010707282406,489.60515558815,10.954713680072,11.800480064451
25.275,1.2888322915258,-1.2214092578737,1.8238203038267,0.81088627885977,5,4.9998288832696,1.8093973864995,5.302868966783,490.12266022703,10.953016998148,11.798691340181
25.3,1.2899298808938,-1.2227401684947,1.823237355261,0.83723864092124,5,4.9998306060583,1.8111225025831,5.304689915583,490.64120447113,10.951299088614,11.796879839684
25.325,1.2910538221622,-1.224104925917,1.8226391299127,0.83597939722623,5,4.999832311502,1.8128904977178,5.3065563775739,491.14326114475,10.94953859192,11.795023125853
25.35,1.2921567173336,-1.2254412457059,1.8220533049954,0.90230073662199,5,4.9998339997755,1.8146231628145,5.3083853989438,491.67120797842,10.94781311012,11.793203528122
25.375,1.2932411509247,-1.2267555104027,1.8214784963375,0.81029813726171,5,4.9998356710516,1.8163270665403,5.3101836461181,492.1701653323,10.946116290852,11.791414634842
25.4,1.294335521174,-1.2280797511334,1.8208991897626,0.99041676961609,5,4.9998373255015,1.8180449896339,5.3119966149162,492.68695936736,10.944405393395,11.789611001085
25.425,1.2954389899113,-1.2294215402446,1.8203116814868,0.83632043334667,5,4.9998389632945,1.8197822407019,5.313830519834,493.20728471044,10.94267563064,11.787786805847
25.45,1.2965251865901,-1.2307440157642,1.8197340002579,0.7843670385646,5,4.9998405845983,1.8214936041129,5.315636753575,493.7185370881,10.940971746121,11.785990288202
25.475,1.2976287721534,-1.2320795277652,1.8191487958704,0.70780302269618,5,4.999842189579,1.8232260859745,5.3174654026872,494.22971512589,10.939246363188,11.78417101703
25.5,1.2987286809531,-1.2334201543596,1.8185632965889,0.84908833330235,5,4.9998437784008,1.8249601791188,5.3192956727333,494.73324741836,10.93751993956,11.782350670952
25.525,1.2998314637195,-1.2347544705965,1.817978715561,0.82925181443857,5,4.9998453512266,1.8266912278327,5.3211227645833,495.26819533074,10.935795975559,11.780532950401
25.55,1.3009178128429,-1.2360738500571,1.817401539042,0.95073982288284,5,4.9998469082172,1.8284002967543,5.3229266629488,495.77854917206,10.934094191398,11.778738573419
25.575,1.3020080731229,-1.2373955155448,1.8168238910942,0.89609043312596,5,4.9998484495322,1.8301136172554,5.3247347404612,496.28506414594,10.93238803228,11.776939960711
25.6,1.3031100613997,-1.238733143896,1.8162381407782,0.89289640009942,5,4.9998499753294,1.8318467149931,5.3265641477972,496.79796058539,10.930662282707,11.775120150271
25.625,1.3042131864948,-1.2400771972362,1.8156503457365,0.73575755193484,5,4.999851485765,1.8335854974282,5.3283995952543,497.31946001062,10.928931172982,11.773294604529
25.65,1.3053050268458,-1.2414004165068,1.8150710157892,0.84429500892752,5,4.9998529809937,1.8353010220099,5.3302102989236,497.8268429983,10.927222804851,11.771493318185
25.675,1.3064011544532,-1.2427308540245,1.8144894775078,0.82982020029225,5,4.9998544611685,1.8370248432652,5.3320295697921,498.34530976908,10.925506294873,11.769683653508
25.7,1.3075127786747,-1.244081565259,1.813897384227,0.91294168671847,5,4.999855926441,1.8387741657766,5.3338763788515,498.84522227133,10.923764480096,11.767846574495
25.725,1.3086292701617,-1.2454374123642,1.8133025227928,0.86479222655813,5,4.9998573769613,1.8405305468893,5.3357307614278,499.35930321658,10.922015593716,11.766001902448
25.75,1.3097526843875,-1.2468000838428,1.8127043674749,0.86775112666548,5,4.9998588128779,1.8422965970249,5.3375953586673,499.87498115293,10.92025698943,11.764146985368
25.775,1.3108576677294,-1.2481413011469,1.812117903809,0.8938616389911,5,4.9998602343378,1.8440343691741,5.3394294229176,500.38926538144,10.918526598992,11.762322607401
25.8,1.3119492372432,-1.2494668459175,1.811537904734,0.87576347426696,5,4.9998616414866,1.8457515159187,5.3412418775707,500.8803855025,10.916816784359,11.760519734353
25.825,1.31302474629,-1.2507740421813,1.810968067776,0.84630340278098,5,4.9998630344683,1.847444289318,5.3430279895325,501.39010149367,10.915131309173,11.758743235069
25.85,1.3141390583342,-1.2521266431709,1.8103748927871,0.88422917272179,5,4.9998644134256,1.8491967791951,5.3448781455629,501.91552653472,10.913386274117,11.756902769406
25.875,1.3152664110989,-1.2534981942712,1.8097730876207,0.86458007691109,5,4.9998657784997,1.850972188071,5.3467527778295,502.40711120966,10.911618603972,11.75503808349
25.9,1.3163671617689,-1.2548351127565,1.8091871194669,0.95437984856695,5,4.9998671298303,1.8527039510669,5.3485809905499,502.91917544356,10.909894258119,11.753219504856
25.925,1.3174640337357,-1.2561671468886,1.8086042144705,0.93273919531984,5,4.9998684675558,1.8544294779547,5.3504023145945,503.42456599776,10.908176113809,11.751407822984
25.95,1.3185607061977,-1.2574990486279,1.8080226931687,0.85933552651286,5,4.9998697918133,1.8561547758223,5.3522229792414,503.91560597941,10.906458206327,11.749596876468
25.975,1.3196857085202,-1.2588664846372,1.8074229013869,0.93208756700071,5,4.9998711027382,1.8579255133707,5.3540925411277,504.44778182448,10.904695122679,11.747737200178
26,1.3207952167095,-1.2602143061897,1.8068309487998,0.82666789991833,5,4.9998724004648,1.8596712600189,5.3559359182527,504.9528737284,10.902956878289,11.745903497527
26.025,1.3218644432734,-1.2615122607525,1.8062663451765,0.88472807409063,5,4.9998736851261,1.8613529054904,5.3577098147388,505.4422965784,10.901282407036,11.744139165813
26.05,1.3229460801636,-1.2628269683327,1.8056919118839,0.9568072299987,5,4.9998749568535,1.8630553726366,5.3595065807201,505.96432551604,10.899587304574,11.742352027713
26.075,1.324061438314,-1.2641827528725,1.8050986485605,0.87705615998689,5,4.9998762157772,1.864810985214,5.3613597231574,506.45191276311,10.89783929427,11.740508774901
26.1,1.3251816831605,-1.2655424647611,1.8045011869691,0.87720784970482,5,4.9998774620262,1.8665727357458,5.3632200256299,506.96883179986,10.896085056611,11.738658180701
26.125,1.3262859658338,-1.2668837788012,1.803913732105,0.89532875045941,5,4.9998786957281,1.8683101371319,5.3650540558352,507.48509615439,10.894355124041,11.73683387061
26.15,1.3273990478629,-1.2682345060232,1.8033217334882,0.89680386235047,5,4.9998799170091,1.8700603987214,5.3669017240938,507.99720030764,10.892612314068,11.734995917864
26.175,1.3285300558804,-1.2696078092027,1.8027178918301,0.89043775526785,5,4.9998811259944,1.8718394829686,5.3687804911115,508.47976038064,10.890840854914,11.733126967216
26.2,1.3296309459533,-1.270947968697,1.8021316665457,0.87362880349941,5,4.9998823228078,1.8735738377255,5.3706112413694,509.01743214914,10.889114138802,11.731306102625
26.225,1.3307200701786,-1.2722774485057,1.801551238113,0.70479419502271,5,4.9998835075717,1.8752924732715,5.3724252439343,509.51633718502,10.887403293478,11.729502127034
26.25,1.3318187705283,-1.2736075201868,1.800969382341,0.63409685735411,5,4.9998846804076,1.8770176495335,5.3742459002101,510.02899891905,10.88568528482,11.727690972152
26.275,1.3329242949914,-1.2749535720366,1.8003806775823,0.82364120633768,5,4.9998858414354,1.8787594991025,5.3760845446057,510.51893195462,10.883951129095,11.725862282019
26.3,1.3340231088768,-1.2762868819494,1.7997966841403,0.69124261680747,5,4.9998869907741,1.8804872454028,5.3779083197067,511.0216411065,10.882230746735,11.724048130145
26.325,1.3351304771654,-1.2776302445217,1.7992067182506,0.69640212064531,5,4.9998881285413,1.8822281898383,5.3797465110129,511.52756478247,10.880497205661,11.722219542925
26.35,1.3362505419294,-1.2789828476074,1.7986083038552,0.79762519017737,5,4.9998892548536,1.883984344781,5.3816018222998,512.02886929132,10.878748164362,11.720373425624
26.375,1.3373515015197,-1.2803193390441,1.7980197580288,0.78953308720874,5,4.9998903698263,1.8857159109449,5.3834306764684,512.52845188922,10.877024019391,11.718554089779
26.4,1.3384307808757,-1.2816395698418,1.7974524565815,0.80483388520779,5,4.9998914735736,1.8874211538271,5.3852278086893,513.0297937874,10.875326690691,11.716767550609
26.425,1.3395264010315,-1.2829621866958,1.7968615791166,0.92599684303457,5,4.9998925662084,1.8891386225658,5.3870440782307,513.52054677412,10.873616158963,11.714959984296
26.45,1.340638081334,-1.2842876672785,1.7962580067743,0.62383384907666,5,4.9998936478426,1.8908685739726,5.3888762985892,514.03112816142,10.871892282506,11.713135308161
26.475,1.3417606753929,-1.2856223335414,1.795647011186,0.64290306214369,5,4.9998947185871,1.8926125784034,5.3907242344819,514.52497004778,10.870154200089,11.711294684464
26.5,1.3428829126402,-1.2869533137171,1.7950373511255,0.63850537231168,5,4.9998957785514,1.8943535335054,5.3925688509886,515.01620884553,10.868418986877,11.709457221444
26.525,1.3439885203887,-1.2882693785216,1.7944355156269,0.63506092337991,5,4.999896827844,1.8960723688854,5.3943900047522,515.53359562484,10.866706076553,11.707643371806
26.55,1.3451135483645,-1.2896030288772,1.7938238482497,0.59988659999909,5,4.9998978665725,1.8978171643511,5.3962389093462,516.01168684385,10.86496700592,11.705801582489
26.575,1.3462264293235,-1.2909262168362,1.7932181764734,0.63506448349985,5,4.9998988948431,1.899546132368,5.3980708942544,516.53692382201,10.863243920002,11.703976861543
26.6,1.3473471003271,-1.2922525385589,1.7926106906787,0.68759672242449,5,4.9998999127612,1.9012825173514,5.3999104789362,517.0415126078,10.861513123512,11.70214430933
26.625,1.3484556643013,-1.2935694483195,1.792007052009,0.63360574013422,5,4.999900920431,1.9030039020854,5.401734634918,517.53203421202,10.859797538124,11.700327307843
26.65,1.3495529208497,-1.2948775246832,1.7914104469482,0.66679958798696,5,4.9999019179557,1.9047112496501,5.4035432181494,518.03755254556,10.858096189964,11.698526139085
26.675,1.3506817847842,-1.2962331009281,1.7907845505555,0.54669390670882,5,4.9999029054373,1.9064753133502,5.4054150266419,518.54978115035,10.856338866896,11.696662115454
26.7,1.3517963489661,-1.2975921258054,1.7901497037552,0.51184054253197,5,4.9999038829771,1.9082329259164,5.4072837782018,519.06844606741,10.854589174545,11.694801843476
26.725,1.3528881897875,-1.2989326026907,1.7895250507865,0.52859744706849,5,4.9999048506751,1.9099617968367,5.4091220344382,519.55394327765,10.852868657447,11.692972445059
26.75,1.3539609828179,-1.3002510677304,1.7889121102925,0.5867922839998,5,4.9999058086304,1.9116615718062,5.4109289464438,520.04800452881,10.85117718371,11.691174363009
26.775,1.3550496043448,-1.3015847582102,1.7882902322008,0.52527001087045,5,4.9999067569411,1.9133831487359,5.4127593997991,520.55328309225,10.849463755737,11.689352577819
26.8,1.3561283179239,-1.3029100808982,1.7876729801808,0.57340182461624,5,4.9999076957042,1.9150919796851,5.414576293651,521.06290680505,10.847763249389,11.687544507998
26.825,1.3572047942682,-1.3042300650307,1.7870576913222,0.50266876211997,5,4.999908625016,1.916795258708,5.4163872988441,521.54756896753,10.846068110091,11.685742150613
26.85,1.3582779112963,-1.3055482902438,1.7864437272536,0.52005460742172,5,4.9999095449716,1.9184950521862,5.418194575731,522.04203829309,10.844376588571,11.683943644468
26.875,1.3593751298355,-1.3068948797271,1.7858154045059,0.47933738272021,5,4.9999104556651,1.9202320587375,5.4200417306337,522.53326918799,10.84264796063,11.682105353922
26.9,1.3604853717645,-1.3082603067238,1.7851783777735,0.49305744717071,5,4.9999113571898,1.9219918962369,5.4219133158126,523.04417439359,10.840896792431,11.680242903279
26.925,1.3615947406362,-1.3096239340661,1.7845412057868,0.52712831286505,5,4.9999122496381,1.9237497866835,5.4237831198032,523.55178163787,10.839147519144,11.678382157619
26.95,1.362703184016,-1.3109829560294,1.7839052996194,0.54578411133194,5,4.9999131331012,1.9255035219608,5.4256485859852,524.04251843738,10.83740216832,11.676525524035
26.975,1.3637860658126,-1.3123118297033,1.7832860759971,0.60714652136551,5,4.9999140076697,1.927217738466,5.4274712148891,524.55561440434,10.835696223704,11.67471167501
27,1.3648455845099,-1.313610683798,1.7826814634603,0.51012294075357,5,4.9999148734332,1.9288939251588,5.4292531122343,525.06811409517,10.834028044481,11.672938316561
27.025,1.3659201100986,-1.3149319448874,1.7820672170916,0.48057895342989,5,4.9999157304802,1.930596962477,5.4310635361373,525.55646932844,10.832333394847,11.671136804182
27.05,1.3670230010707,-1.3162883998748,1.7814342694391,0.49108994883494,5,4.9999165788986,1.932345201199,5.4329228266902,526.06895919734,10.830593788896,11.669286605141
27.075,1.3680955491532,-1.3176053126278,1.7808208459552,0.5469257211338,5,4.9999174187751,1.9340436176934,5.4347286248403,526.54965005323,10.828903623148,11.667489561334
27.1,1.3691717290143,-1.3189287272115,1.7802049550154,0.51452331893625,5,4.9999182501958,1.9357493695082,5.436542160311,527.03435541368,10.827206287816,11.66568494501
27.125,1.3702686945768,-1.3202733596054,1.7795775861045,0.55825380690974,5,4.9999190732459,1.9374846993674,5.4383874140795,527.54719198386,10.825479253324,11.663848491577
27.15,1.3713804242992,-1.3216390035454,1.7789386990432,0.51751031928435,5,4.9999198880095,1.9392456440986,5.4402606740785,528.03188415691,10.823726910018,11.661984260854
27.175,1.3724776664268,-1.3229860843697,1.7783103667282,0.56572550637415,5,4.9999206945702,1.9409830464797,5.4421082044658,528.52463140025,10.821997949082,11.660145661416
27.2,1.3735491820174,-1.3243006880331,1.7776978360917,0.53234438179046,5,4.9999214930105,1.9426790206696,5.4439114022457,529.02392083619,10.820310162229,11.658351159444
27.225,1.3746292771226,-1.3256278552624,1.7770802199369,0.51754771846042,5,4.9999222834122,1.944390154297,5.4457305855804,529.5144385452,10.818607418575,11.656540882841
27.25,1.3757498689698,-1.3270018967406,1.7764370530799,0.5115586585892,5,4.9999230658562,1.946163207052,5.447616687295,530.01752482278,10.81684288289,11.654663744077
27.275,1.3768375442892,-1.3283390399563,1.7758134961271,0.51440939072476,5,4.9999238404226,1.9478868629281,5.4494496665237,530.50851782711,10.815127725183,11.652839734703
27.3,1.3779116436987,-1.3296582294057,1.7751999267447,0.55241348799651,5,4.9999246071907,1.9495880243976,5.4512580961552,531.0084452003,10.813434874682,11.651040147614
27.325,1.3790174962387,-1.3310163914589,1.7745655234593,0.52268567185666,5,4.9999253662391,1.9513394563839,5.453120884799,531.50179146706,10.811692000363,11.649186376641
27.35,1.3801114931969,-1.332359272906,1.7739380369432,0.57168317614731,5,4.9999261176454,1.9530715533574,5.4549631386506,531.99080137491,10.809968324463,11.64735299937
27.375,1.3812002283513,-1.3336940602217,1.7733153401228,0.4911068922041,5,4.9999268614867,1.9547940519538,5.4567947370631,532.50547864719,10.808254101508,11.645530179022
27.4,1.3822981229409,-1.3350431815449,1.7726864921812,0.51579943793908,5,4.999927597839,1.9565334486523,5.4586443182611,532.96154781443,10.806523257576,11.643689642805
27.425,1.3833931000364,-1.3363872049014,1.7720586437018,0.4982610878921,5,4.9999283267778,1.958267049997,5.4604881098262,533.47687999518,10.804798088894,11.641854746233
27.45,1.3844920783915,-1.33773652153,1.771428747631,0.52370921151116,5,4.9999290483777,1.9600072823922,5.4623388334278,533.98135585849,10.803066347921,11.640012987845
27.475,1.3855928101524,-1.3390873886764,1.7707976130113,0.539331518902,5,4.9999297627126,1.9617498243448,5.4641921502827,534.46428355262,10.801332273897,11.63816860331
27.5,1.3866845252047,-1.34042879184,1.7701721321268,0.53298449282285,5,4.9999304698556,1.9634793341606,5.4660312888147,534.96135144404,10.79961127132,11.636338455761
27.525,1.3877850661816,-1.341778428889,1.7695412453021,0.53473735417123,5,4.9999311698791,1.9652208021062,5.4678835114771,535.44110940569,10.797878209671,11.634495103688
27.55,1.3888758929089,-1.343116731347,1.7689173413834,0.56810793225808,5,4.9999318628549,1.9669473467532,5.4697193253342,535.94216162155,10.796160037871,11.632668171171
27.575,1.3899653284924,-1.344454401942,1.7682926339149,0.49382588774993,5,4.9999325488539,1.9686725228345,5.4715541255774,536.42151553401,10.794443297618,11.630842268361
27.6,1.3910352024415,-1.3457689751774,1.7676814403382,0.52352409619607,5,4.9999332279463,1.9703674367138,5.4733558721318,536.91537442542,10.792756731801,11.629049402439
27.624999999999,1.3921346592602,-1.3471157788935,1.7670516047009,0.49729791500377,5,4.9999339002016,1.9721060239408,5.4752050282842,537.40680948554,10.791026454628,11.627209027264
27.649999999999,1.3932328969236,-1.348466395513,1.7664217455212,0.52382311113857,5,4.9999345656888,1.9738467971075,5.4770562478294,537.88867886118,10.789294335638,11.625366934272
27.674999999999,1.3943344766714,-1.3498175884434,1.7657898841477,0.51103019563022,5,4.9999352244758,1.9755901273332,5.478910553379,538.39245698264,10.787559454429,11.623521532456
27.699999999999,1.3954271605059,-1.3511572569154,1.7651643362177,0.5467700731016,5,4.9999358766303,1.9773189042353,5.4807490255136,538.88027503589,10.785839020661,11.621691890334
27.724999999999,1.3965153764555,-1.3524922918642,1.7645418011972,0.53382715013035,5,4.9999365222189,1.9790412666442,5.4825804408459,539.37814467385,10.78412502554,11.619869346056
27.749999999999,1.3975985292998,-1.3538213748219,1.7639220001955,0.58098183908302,5,4.9999371613078,1.9807558166122,5.4844035795884,539.85616759901,10.782418823707,11.61805505298
27.774999999999,1.3986512475926,-1.3551153153506,1.7633209030773,0.52918611530746,5,4.9999377939624,1.9824238987132,5.4861766604217,540.34434764518,10.780759003767,11.616290771293
27.799999999999,1.399726076119,-1.3564352231739,1.7627070586633,0.51602104183067,5,4.9999384202475,1.9841260776177,5.487986140454,540.83750757404,10.779065182824,11.614490187438
27.824999999999,1.4008315341131,-1.357791998542,1.7620717702061,0.44955736790737,5,4.9999390402272,1.9858761852647,5.4898479858289,541.30151444332,10.777323624652,11.612637314521
27.849999999999,1.4019240090933,-1.3591326911518,1.7614465352637,0.50391959335122,5,4.999939653965,1.9876056239761,5.491686973863,541.7803630044,10.775602627928,11.61080726837
27.874999999999,1.4030156843512,-1.360474102468,1.760820929614,0.54534561678199,5,4.9999402615237,1.989335114996,5.4935261371556,542.26828641189,10.773881688197,11.608977137369
27.899999999999,1.4041115585149,-1.361817795375,1.7601932084187,0.5436800110496,5,4.9999408629656,1.9910690269924,5.4953701774779,542.75455248669,10.772156172584,11.607141972097
27.924999999999,1.4052111903488,-1.363165402553,1.7595635492648,0.58165454868829,5,4.9999414583522,1.9928083473413,5.4972199628509,543.214001697,10.770425234501,11.605301053001
27.949999999999,1.4063066768123,-1.3645112870318,1.7589354142828,0.5148420985945,5,4.9999420477445,1.9945437134762,5.4990655113271,543.71392778728,10.768698443753,11.603464550844
27.974999999999,1.4073984211821,-1.3658477718176,1.7583107196175,0.52143398894781,5,4.9999426312029,1.9962694299511,5.5009008153282,544.19042731221,10.766980959291,11.601637967067
27.999999999999,1.408488208385,-1.3671866194934,1.7576857875604,0.50248502483717,5,4.999943208787,1.9979957408288,5.5027367590426,544.67994920728,10.765263182285,11.599811023688
28.024999999999,1.4095914277,-1.3685310547133,1.757049435588,0.49718458843816,5,4.9999437805561,1.9997348782349,5.5045886615104,545.15766526635,10.763531974093,11.597967362441
28.049999999999,1.4106896645042,-1.369835666015,1.7564117696349,0.62559095095563,5,4.9999443465687,2.0014402036369,5.5064093077128,545.64504228446,10.761832517377,11.596152679068
28.074999999999,1.4118184501917,-1.371172599439,1.7557526443108,0.56614484212978,5,4.9999449068827,2.0031899316468,5.5082790655317,546.12557312143,10.760088602814,11.594288744078
28.099999999999,1.4129219041831,-1.372478161212,1.755110578328,0.69963825326019,5,4.9999454615555,2.0048993474108,5.510105086063,546.61877172789,10.75838479667,11.59246838568
28.124999999999,1.4140403031063,-1.3738018513873,1.7544582158576,0.54931987548788,5,4.9999460106439,2.0066322558999,5.5119567201047,547.10038819772,10.756657600054,11.590622484895
28.149999999999,1.4151660396016,-1.3751352191454,1.7538008064683,0.59717642270921,5,4.9999465542041,2.0083772923566,5.5138214826473,547.57690046481,10.754918369431,11.588763536318
28.174999999999,1.4162552191792,-1.3764251982075,1.7531679117588,0.59654730131486,5,4.9999470922919,2.0100655927246,5.5156245117225,548.05130361862,10.753235683233,11.586966194567
28.199999999999,1.4173636673398,-1.3777375291211,1.7525223532066,0.57095387707988,5,4.9999476249622,2.0117834023042,5.5174596181489,548.55590674627,10.751523563121,11.585136820075
28.224999999999,1.4184787202705,-1.3790592305285,1.7518715059085,0.62368095343842,5,4.9999481522696,2.0135126326673,5.5193072760863,549.02870622309,10.749800143574,11.583294989435
28.249999999999,1.4195896071204,-1.380376069628,1.751223999487,0.62957406163913,5,4.9999486742681,2.015235460229,5.5211477649815,549.51683790398,10.748083111177,11.581460330858
28.274999999999,1.4207118345097,-1.3817078788669,1.7505665253959,0.65669753435215,5,4.9999491910112,2.0169770428891,5.5230093187257,550.00688714666,10.74634746965,11.579604689635
28.299999999999,1.4218169158126,-1.3830558894468,1.749895047196,0.60298653702935,5,4.9999497025518,2.0187201255634,5.5248772641698,550.47832352419,10.744612437904,11.577744398169
28.324999999999,1.4229002147427,-1.3843757489668,1.7492374371858,0.66583354423945,5,4.9999502089422,2.0204276283378,5.5267070228016,550.95571603115,10.742912728337,11.575922052775
28.349999999999,1.4239704188233,-1.385690490581,1.7485833163518,0.66580502555595,5,4.9999507102343,2.0221228812057,5.5285240963695,551.43911770478,10.741225885349,11.574112947771
28.374999999999,1.4250509606161,-1.3870048316911,1.7479279561788,0.74490023054302,5,4.9999512064795,2.0238243697069,5.5303474339894,551.9189938315,10.739532037382,11.572296880283
28.399999999999,1.4261427542267,-1.3883408155261,1.7472614725926,0.7773026631831,5,4.9999516977285,2.0255497294073,5.5321970465073,552.40858029131,10.737814913656,11.570455068737
28.424999999999,1.427240599772,-1.38968064336,1.7465932043798,0.86818463310142,5,4.9999521840316,2.0272818966814,5.5340536525155,552.8835754705,10.736090798973,11.568606104612
28.449999999999,1.4283334839196,-1.3910162087539,1.7459260145072,0.925667117995,5,4.9999526654387,2.0290076228131,5.5359038614248,553.37452170115,10.734373207886,11.566763596333
28.474999999999,1.4294211018712,-1.3923410276579,1.7452642552084,1.0092613920032,5,4.999953141999,2.0307216992224,5.5377412463345,553.83540578489,10.73266695152,11.564933629958
28.499999999999,1.4305013559984,-1.3936651496567,1.7446050277782,0.95757099863142,5,4.9999536137614,2.0324305725492,5.539572865523,554.31918776263,10.730966385983,11.563109888014
28.524999999999,1.4315858333921,-1.3949926937201,1.7439432736432,0.90809532091072,5,4.9999540807741,2.0341447675375,5.5414103591946,554.79522155272,10.729260418402,11.561280191645
28.549999999999,1.4326827263915,-1.3963358659275,1.7432726863121,0.81694743545792,5,4.9999545430849,2.0358789203078,5.5432696529313,555.28419211316,10.727534618133,11.559428799579
28.574999999999,1.4337734609605,-1.3976677222862,1.7426082155176,0.98297921108566,5,4.9999550007413,2.0376004147924,5.5451149346705,555.74541314742,10.725821185384,11.557591163415
28.599999999999,1.4348514322793,-1.3989832853028,1.741953302391,0.93222788921949,5,4.99995545379,2.0393012170191,5.5469374712046,556.21435094861,10.724128307177,11.5557761628
28.624999999999,1.435949374498,-1.4003227719128,1.7412837891833,0.95903883148833,5,4.9999559022774,2.0410331816533,5.5487943366896,556.70228873518,10.722404386902,11.553926915656
28.649999999999,1.4370385909389,-1.4016590301851,1.7406161906704,0.96680069897885,5,4.9999563462495,2.0427571244092,5.5506430298496,557.16811516475,10.720688912962,11.552086220238
28.674999999999,1.4381057412555,-1.4029642532569,1.7399674390426,0.94148853217451,5,4.9999567857518,2.0444430713435,5.5524494892983,557.64940305378,10.719011004646,11.550287407448
28.699999999999,1.4391920822772,-1.4042900693182,1.7393051411675,0.86757883447948,5,4.9999572208291,2.0461571089872,5.5542870320922,558.11462288522,10.717304965324,11.548457442229
28.724999999999,1.4402804440454,-1.4056215159902,1.7386415606381,0.88367788184277,5,4.9999576515262,2.047876783834,5.5561302956918,558.58476559976,10.715593512404,11.546621975275
28.749999999999,1.4413744249209,-1.4069572918504,1.7379752937816,0.86603758492027,5,4.999958077887,2.0496033675431,5.5579809720084,559.068941987,10.7138750297,11.544778983841
28.774999999999,1.4424819677898,-1.4083111392238,1.7372985392604,0.88875567088736,5,4.9999584999553,2.0513525256026,5.5598564854312,559.53298668608,10.712134174198,11.542911323096
28.799999999999,1.4435519814982,-1.409614387426,1.7366483449215,0.94687241213352,5,4.9999589177742,2.0530387596352,5.5616637313721,559.99466350368,10.710455658089,11.541111409042
28.824999999999,1.444626969005,-1.4109280811641,1.7359941170627,0.98040533807158,5,4.9999593313865,2.0547362252099,5.5634829079629,560.4773109544,10.708766232706,11.539299868391
28.849999999999,1.4457365674324,-1.412280160627,1.7353172234509,0.93911508541122,5,4.9999597408347,2.056485318559,5.5653584112302,560.94777757703,10.707025187672,11.537431980057
28.874999999999,1.446842780465,-1.4136308167157,1.7346412151613,0.86672570219572,5,4.9999601461605,2.0582311648133,5.5672305667662,561.39629675564,10.705287542523,11.535567576735
28.899999999999,1.4479245299626,-1.4149514664654,1.7339822742825,0.8869580678167,5,4.9999605474056,2.0599382962485,5.5690604576971,561.88387518227,10.703588424506,11.53374528551
28.924999999999,1.4490182900352,-1.4162876139976,1.7333160538026,0.86263826265657,5,4.9999609446109,2.0616650276474,5.5709112551068,562.33795103908,10.701869852406,11.531902228671
28.949999999999,1.4501253157897,-1.4176400550786,1.7326392496671,0.94554021586806,5,4.9999613378172,2.0634127698763,5.5727854660705,562.82423449699,10.700130376852,11.530035830329
28.974999999999,1.4512168139516,-1.4189706974435,1.7319738850918,0.90475573346779,5,4.9999617270648,2.0651338094867,5.5746306455628,563.28773837867,10.698417307069,11.528198198686
28.999999999999,1.4523033624927,-1.420297255117,1.7313126336677,0.97200716250348,5,4.9999621123934,2.0668485523227,5.5764684693953,563.76566969259,10.696710626759,11.526368028909
29.024999999999,1.4533868860537,-1.4216175603358,1.7306529818108,0.96949150302846,5,4.9999624938426,2.0685565421288,5.5782994171691,564.24424186377,10.695010513945,11.524544549829
29.049999999999,1.4544843534078,-1.4229550615486,1.7299837193405,0.95202457199398,5,4.9999628714514,2.0702866704731,5.5801544795243,564.6979086375,10.69328837974,11.522697054251
29.074999999999,1.4555705622684,-1.4242801383193,1.7293219899866,0.91088347946526,5,4.9999632452585,2.0720000525487,5.5819912059261,565.17647400293,10.69158299615,11.520867909933
29.099999999999,1.4566347526911,-1.4255771143974,1.7286757876737,0.87711558048293,5,4.9999636153021,2.07367774388,5.5837890450824,565.64016714092,10.689913063456,11.519077449093
29.124999999999,1.4577147125372,-1.4268959734861,1.7280187317875,0.92582753568261,5,4.9999639816201,2.0753823560251,5.5856159071469,566.10976712817,10.688216500141,11.517258231262
29.149999999999,1.4588215463454,-1.4282425847045,1.727345076216,1.0208152704716,5,4.9999643442501,2.0771254690025,5.5874846646703,566.57642159849,10.68648131173,11.515396984716
29.174999999999,1.4599221742845,-1.4295828967394,1.7266733825805,0.96701014172828,5,4.9999647032292,2.0788597752648,5.5893445008328,567.03842712778,10.684754968421,11.513544677507
29.199999999999,1.4609872694519,-1.4308843729945,1.7260257940911,0.96323357745815,5,4.999965058594,2.0805415208336,5.5911466215307,567.50932235384,10.683081218747,11.51175015821
29.224999999999,1.462075764023,-1.4322046765204,1.7253636088398,0.91592952145794,5,4.9999654103811,2.0822526671838,5.5929814270079,567.98266611793,10.681377619268,11.50992249997
29.249999999999,1.4631827849508,-1.4335587077316,1.7246869650583,0.88483096898956,5,4.9999657586265,2.0840016371251,5.5948567250275,568.44642720858,10.679637051998,11.508055148678
29.274999999999,1.4642656150628,-1.434877458194,1.7240276308394,0.91689969304527,5,4.9999661033657,2.0857079852237,5.5966860269287,568.90434430563,10.677938555398,11.506233288192
29.299999999999,1.4653524558194,-1.4362039857236,1.7233676097646,0.90885625982827,5,4.9999664446341,2.0874228899199,5.5985235594961,569.38234113659,10.676231721006,11.504403434279
29.324999999999,1.4664100568528,-1.4374921163646,1.7227239554691,1.0887772728704,5,4.9999667824667,2.0890895634014,5.6003102019747,569.8257534592,10.674572727821,11.502624075077
29.349999999999,1.4674649967402,-1.4387758530836,1.7220852901405,0.97961363422343,5,4.999967116898,2.0907511524389,5.6020903063344,570.30843685871,10.672918728035,11.500851208493
29.374999999999,1.4685725816622,-1.4401278572041,1.7214092378258,0.93804226246069,5,4.9999674479622,2.0924989108609,5.6039642610387,570.76646734484,10.671179211929,11.498985053241
29.399999999999,1.4696609712394,-1.4414545522021,1.7207451754593,0.96766253000752,5,4.9999677756934,2.094214927029,5.6058042855809,571.2246090998,10.669471175953,11.49715257882
29.424999999999,1.4707487258161,-1.4427770219769,1.7200840611925,0.92859337606563,5,4.999968100125,2.0959272752192,5.6076398259368,571.6902899436,10.667766583937,11.495324398797
29.449999999999,1.4718558817678,-1.4441274379399,1.7194082487915,0.94224944563109,5,4.9999684212902,2.097673533383,5.6095122948887,572.14539677338,10.66602850357,11.493459665417
29.474999999999,1.4729589746235,-1.4454705511375,1.7187349991015,0.97735736486891,5,4.9999687392219,2.0994115687422,5.6113761704357,572.62439023961,10.664298466914,11.491603351466
29.499999999999,1.4740526167651,-1.4467999701171,1.718070003033,0.96105152611991,5,4.9999690539528,2.1011330239282,5.6132216047284,573.08754763759,10.662584804195,11.489765307667
29.524999999999,1.475142176774,-1.4481265491749,1.7174059355245,0.99057659153656,5,4.9999693655149,2.1028496930895,5.6150622401256,573.56538046524,10.660876037036,11.487932152968
29.549999999999,1.4762352245696,-1.4494566817914,1.7167400401012,0.99547738176074,5,4.9999696739403,2.1045713220452,5.6169081607566,574.0288988074,10.659162293358,11.486093699049
29.574999999999,1.4773227620292,-1.4507841744266,1.7160779893823,0.9707150077156,5,4.9999699792605,2.1062874148231,5.6187475317297,574.49875401686,10.657454311784,11.484262024839
29.599999999999,1.4784152088298,-1.4521141138929,1.7154122959373,0.97321394315419,5,4.9999702815068,2.1080085130179,5.6205928844761,574.96746505614,10.655741134265,11.482424171643
29.624999999999,1.4795030362941,-1.4534368776032,1.7147503802601,0.93184234456469,5,4.99997058071,2.1097211345247,5.6224289685671,575.41711746122,10.654036302802,11.480595471143
29.649999999999,1.4806001259183,-1.454774452698,1.7140818825961,0.98866037480829,5,4.9999708769009,2.1114510804134,5.6242835849438,575.90160254986,10.65231444457,11.478748517518
29.674999999999,1.4817113215771,-1.4561257125895,1.7134038524102,0.96645199576131,5,4.9999711701098,2.113200554359,5.6261598535865,576.36598701095,10.650572938408,11.476879779035
29.699999999999,1.4827976178953,-1.4574456227134,1.7127426483973,1.0160904117086,5,4.9999714603667,2.1149099994228,5.6279927183313,576.83876063509,10.648871216605,11.475054229566
29.724999999999,1.4838792446209,-1.4587659701384,1.712084131066,0.98246750319184,5,4.9999717477013,2.1166168191837,5.6298221659998,577.31272163373,10.647172483931,11.473232455044
29.749999999999,1.4849689845465,-1.4600897374059,1.7114210144685,1.012640022318,5,4.999972032143,2.1183314307677,5.6316605393312,577.78000719589,10.645465604247,11.471401406544
29.774999999999,1.4860629501012,-1.4614195720018,1.7107553482981,0.92320086184749,5,4.999972313721,2.1200534123841,5.6335067062082,578.24742547729,10.643751446705,11.46956265431
29.799999999999,1.4871518832293,-1.4627452937944,1.7100921021059,0.96554276184305,5,4.9999725924641,2.1217690212058,5.6353460564034,578.70269497976,10.642043757281,11.467730806162
29.824999999999,1.4882379139563,-1.464068772385,1.7094307026572,0.97735870838494,5,4.9999728684008,2.1234810545932,5.6371814058389,579.15056552899,10.640339708142,11.465903024298
29.849999999999,1.4893299619597,-1.4653979058907,1.7087638360767,0.98206179395781,5,4.9999731415595,2.1252012768805,5.6390263653924,579.61026001752,10.638627408499,11.464065549048
29.874999999999,1.4904242497565,-1.4667273119137,1.7080992467856,0.99124498186387,5,4.999973411968,2.1269231323205,5.6408720265427,580.06473253556,10.636913337135,11.462227278167
29.899999999999,1.4915277355518,-1.4680680188035,1.7074263466658,1.039518420148,5,4.999973679654,2.1286595584965,5.6427342753006,580.54358752387,10.635184771096,11.460372459797
29.924999999999,1.4926206851348,-1.4693943636673,1.706761679383,0.94925644174313,5,4.999973944645,2.1303782002534,5.6445769668335,581.00099881418,10.633473817489,11.458537053202
29.949999999999,1.4937061302603,-1.4707146062123,1.7061024836796,0.95126353433255,5,4.9999742069681,2.1320873613044,5.6464088430503,581.463725297,10.631772486279,11.45671261485
29.974999999999,1.4947908326023,-1.4720338276716,1.705441562706,0.95616876167103,5,4.9999744666501,2.1337952618956,5.64824016524,581.92176744883,10.630072405121,11.454888693757
29.999999999999,1.4958795451129,-1.4733611964817,1.7047779904878,0.92144770617924,5,4.9999747237177,2.1355120038356,5.6500806898874,582.36482090247,10.628363725432,11.453055805474
30.024999999999,1.4969685680565,-1.4746839604437,1.7041160411548,0.99182487168434,5,4.9999749781972,2.1372253851332,5.6519174948281,582.83425336137,10.626658090102,11.451226347056
30.049999999999,1.4980636015054,-1.4760143704942,1.7034494998993,0.97737752670773,5,4.9999752301145,2.1389484896445,5.653765024639,583.28371090281,10.624942798908,11.449386217162
30.074999999999,1.4991570483003,-1.4773409664238,1.7027845334384,1.0952187324855,5,4.9999754794956,2.1406676413696,5.6556082997264,583.75997750937,10.62323133145,11.44755022247
30.099999999999,1.500254939565,-1.4786757392433,1.7021153096206,0.89395097884988,5,4.999975726366,2.1423959306129,5.6574616330011,584.20230745449,10.621510938043,11.445704358313
30.124999999999,1.5013350930513,-1.4799904183302,1.7014585511009,0.91825341532234,5,4.9999759707509,2.1440974336707,5.659285487274,584.65664449021,10.619817300458,11.443887967958
30.149999999999,1.5024267127335,-1.4813148285361,1.7007943894932,0.89545290348876,5,4.9999762126753,2.1458137366521,5.6611258151157,585.11366140242,10.618108678363,11.442054913738
30.174999999999,1.50352208859,-1.4826438873588,1.7001279819008,0.87295898613334,5,4.9999764521641,2.1475360158458,5.6629725269774,585.56061048419,10.616394114789,11.440215509057
30.199999999999,1.5046211485764,-1.4839786240812,1.6994588874047,0.92283692506456,5,4.9999766892417,2.1492650198862,5.6648264801636,586.02150251705,10.614672931826,11.438368960531
30.224999999999,1.5057120240295,-1.4853047336358,1.6987946723469,0.97384607952352,5,4.9999769239324,2.1509821616407,5.6666676095584,586.47360231464,10.612963639488,11.436535264527
30.249999999999,1.5067887266877,-1.486611130954,1.6981406647615,1.0004135086394,5,4.9999771562603,2.1526750770453,5.6684824617531,586.92158541801,10.611278315264,11.434727614091
30.274999999999,1.507876254019,-1.4879318324619,1.6974792419872,1.0040334031304,5,4.9999773862491,2.1543859154858,5.670316704991,587.38195339154,10.609575221414,11.432900710718
30.299999999999,1.5089675311737,-1.4892552162391,1.6968162525305,0.89705724025149,5,4.9999776139224,2.1561012085949,5.6721556681418,587.8395221983,10.607867582875,11.431069006206
30.324999999999,1.5100669756836,-1.4905962660466,1.6961447598305,0.94085342866016,5,4.9999778393035,2.1578353345466,5.6740152635985,588.28574886496,10.606141671138,11.429217176023
30.349999999999,1.511152652595,-1.4919135084244,1.6954844957124,1.0323599285601,5,4.9999780624155,2.1595423265905,5.6758455014364,588.73268083823,10.604442340723,11.427394196908
30.374999999999,1.512241856978,-1.4932336565345,1.6948226328444,0.86676677282559,5,4.9999782832813,2.1612538046711,5.6776804999859,589.16675037054,10.602738464368,11.425566403545
30.399999999999,1.5133350839609,-1.4945575214569,1.6941586783786,1.0184558947724,5,4.9999785019233,2.1629707099012,5.6795213147787,589.62216905135,10.601029118146,11.4237327549
30.424999999999,1.5144292129815,-1.4958850547925,1.6934913339858,1.0076397713652,5,4.9999787183641,2.1646910189056,5.6813665279397,590.07457712958,10.599316540153,11.421894844097
30.449999999999,1.5155212736047,-1.4972125507196,1.6928265607146,1.0190878615743,5,4.9999789326258,2.1664099842459,5.683209559503,590.52154791986,10.597605451938,11.420059273879
30.474999999999,1.5166080141961,-1.498527258088,1.6921666579128,0.97828950804317,5,4.9999791447304,2.168115698342,5.6850384751067,590.96763101864,10.595907177342,11.418237409363
30.499999999999,1.517696621272,-1.4998503541059,1.6915047474442,0.97213012876623,5,4.9999793546994,2.1698290717509,5.6868752586832,591.40764489597,10.594201648172,11.416408064668
30.524999999999,1.5187870847857,-1.5011739530067,1.6908413064858,1.0203476252503,5,4.9999795625546,2.1715440133607,5.6887140568315,591.86423598956,10.592494454369,11.414576604958
30.549999999999,1.5198914066241,-1.5025145860069,1.6901684219433,0.99593923611719,5,4.999979768317,2.1732809139231,5.6905767423045,592.30739582201,10.590765416236,11.412721355219
30.574999999999,1.5209964296648,-1.5038522231455,1.6894948551509,1.0152735147026,5,4.9999799720079,2.1750159496677,5.6924379358083,592.75948126424,10.589038006237,11.410867362159
30.599999999999,1.5220824210207,-1.505168881237,1.6888351639432,0.99429275773252,5,4.999980173648,2.1767226909355,5.6942677331317,593.21790619252,10.587338892129,11.409044797623
30.624999999999,1.5231711949174,-1.5064890420284,1.688173641159,1.043596200625,5,4.999980373258,2.1784339048653,5.6961023626604,593.67045743034,10.585635335574,11.407217428124
30.649999999999,1.5242636375684,-1.5078115357849,1.6875091964981,1.0035862488436,5,4.9999805708584,2.1801492534251,5.6979419026543,594.12909910747,10.583927538674,11.405385034917
30.674999999999,1.5253500185351,-1.5091284188313,1.6868496896705,0.96339082513608,5,4.9999807664693,2.181856416148,5.6997720266441,594.57355068747,10.582227997495,11.403562142891
30.699999999999,1.5264355952765,-1.5104414690233,1.6861909312649,0.97386406689086,5,4.9999809601109,2.183560111446,5.7015986465568,595.02395695155,10.580531739968,11.401742576945
30.724999999999,1.5275256098309,-1.5117650263484,1.6855268271521,1.0233344611737,5,4.9999811518029,2.1852747355218,5.7034373879725,595.48627623241,10.578824912643,11.39991121049
30.749999999999,1.5286226597002,-1.5130932683009,1.6848589486341,1.040321347127,5,4.9999813415649,2.1869974499788,5.7052850369693,595.93040120525,10.577109802319,11.398070751147
30.774999999999,1.5297184065568,-1.5144223558445,1.6841927151382,1.070289094784,5,4.9999815294164,2.1887199873144,5.707131926772,596.40519051117,10.575395016358,11.396231205852
30.799999999999,1.5308109331523,-1.515742944532,1.6835291557134,0.99206929258627,5,4.9999817153767,2.190433921048,5.708969827736,596.85477758994,10.573688523341,11.394400352707
30.824999999999,1.5318912389388,-1.5170520796847,1.6828721761533,0.98711751703948,5,4.9999818994647,2.192131241124,5.7107898600387,597.29241761365,10.571998772474,11.392587487829
30.849999999999,1.5329699438773,-1.5183589152292,1.6822176688603,0.97547836490783,5,4.9999820816994,2.1938257686347,5.7126063961053,597.76399969343,10.570311782553,11.390778106361
30.874999999999,1.5340737905485,-1.5196966125683,1.6815456381033,1.0492082232007,5,4.9999822620993,2.1955601018335,5.7144663791651,598.2035284056,10.568585190696,11.388925445321
30.899999999999,1.535164519865,-1.5210155241619,1.6808832709724,0.98615528818239,5,4.999982440683,2.1972715977388,5.7163015762798,598.64939368623,10.566881164057,11.387097325358
30.924999999999,1.5362392432338,-1.5223186055131,1.6802307892826,1.0715795403065,5,4.9999826174687,2.1989606955238,5.7181123174769,599.1176699482,10.565199651294,11.385293781494
30.949999999999,1.5373460509757,-1.5236600436006,1.6795566209,1.0539132348383,5,4.9999827924745,2.2006997986031,5.7199775205565,599.55896184141,10.563468327521,11.383435932887
30.974999999999,1.5384476847555,-1.5249902074095,1.6788864323135,1.0650777652357,5,4.9999829657184,2.2024269154906,5.7218301094167,600.02451122323,10.561748640848,11.381590366279
30.999999999999,1.5395411857607,-1.5263148453068,1.6782217877671,0.96123650754529,5,4.9999831372181,2.2041445912479,5.7236718918089,600.4758618792,10.560038613113,11.379755828934
31.024999999999,1.5406336418298,-1.5276385870985,1.6775564709611,0.88662692446394,5,4.9999833069912,2.2058609107386,5.7255126522622,600.94557247336,10.558329960293,11.377922316973
31.049999999999,1.5417201799264,-1.5289583490624,1.6768948612733,0.77571665069013,5,4.9999834750549,2.2075703950692,5.7273457000127,601.40027850647,10.556628307588,11.376096682427
31.074999999999,1.5427998508456,-1.5302687378964,1.6762379810192,0.73255241734905,5,4.9999836414267,2.2092682785134,5.729166221877,601.8677960981,10.554938142528,11.374283470556
31.099999999999,1.5438758658571,-1.5315750599945,1.6755829706696,0.63329629588101,5,4.9999838061234,2.2109606985939,5.7309809737297,602.31493913019,10.553253440918,11.372476025463
31.124999999999,1.544965594935,-1.5328996781494,1.6749133919887,0.60998862713749,5,4.999983969162,2.2126759602998,5.7328222934547,602.7856275891,10.55154610459,11.370642147022
31.149999999999,1.5460355080243,-1.534259671183,1.6742099099259,0.40647802685044,5,4.9999841305591,2.2144063634523,5.7346902287006,603.23856883298,10.549827738165,11.368785398294
31.174999999999,1.5471088427641,-1.5355722593156,1.6735475323972,0.48724463419415,5,4.9999842903313,2.2161019268009,5.7365105800567,603.7145194148,10.548140504255,11.366972857828
31.199999999999,1.5481632620685,-1.5368881195019,1.6728769535134,0.40139703592805,5,4.9999844484949,2.2177881320374,5.7383252326788,604.1723214379,10.546464322683,11.365167517143
31.224999999999,1.5492153325675,-1.5382059873267,1.672205196325,0.47731868667753,5,4.9999846050661,2.2194744380412,5.7401404146693,604.62441263903,10.544788383273,11.363361962057
31.249999999999,1.5502862288715,-1.5395424268546,1.6715218869961,0.45565476628965,5,4.999984760061,2.2211870061437,5.7419842696378,605.07522394248,10.543086003275,11.361527565921
31.274999999999,1.5513600856576,-1.5408879252538,1.6708339389158,0.4259898538972,5,4.9999849134954,2.2229084980371,5.743838132335,605.52343936075,10.541375124582,11.35968355458
31.299999999999,1.5524230479805,-1.5422115169318,1.6701558844763,0.48018501249192,5,4.999985065385,2.2246060797966,5.7456661207521,605.99185033275,10.539687448612,11.357864761592
31.324999999999,1.553493116085,-1.5435505191925,1.669471461791,0.4633029220899,5,4.9999852157455,2.2263201313718,5.7475117662258,606.44682895162,10.537983850435,11.356028820116
31.349999999999,1.5545550925405,-1.5448765713061,1.6687937580261,0.46690715515463,5,4.9999853645921,2.2280190157705,5.7493408344566,606.89081497969,10.536295136673,11.35420919478
31.374999999999,1.5556115444404,-1.5461969114392,1.6681201557654,0.48551725094702,5,4.9999855119401,2.2297099884739,5.7511610346351,607.34910131423,10.534614371694,11.352398474137
31.399999999999,1.5566727656016,-1.5475219602293,1.6674424801404,0.42907417626034,5,4.9999856578047,2.2314076175999,5.7529889265634,607.79749145839,10.532926908111,11.350580019409
31.424999999999,1.5577352337087,-1.548848655857,1.666764415963,0.44125544241957,5,4.9999858022007,2.2331073116215,5.7548188803322,608.24941124706,10.531237401412,11.348759523942
31.449999999999,1.558794115141,-1.5501686920973,1.6660893904706,0.4344722528023,5,4.9999859451429,2.2347995662014,5.7566407982719,608.68173666355,10.52955514431,11.346946888266
31.474999999999,1.5598518524725,-1.5514906124609,1.6654141549233,0.44985737833776,5,4.999986086646,2.2364925758618,5.7584634953818,609.13802505492,10.527872365935,11.345133690586
31.499999999999,1.5609152966226,-1.5528173887111,1.6647355901235,0.49637146049978,5,4.9999862267245,2.2381929430805,5.7602942599395,609.57110517775,10.526182122209,11.343312324617
31.524999999999,1.5619822966741,-1.5541485115757,1.6640543419231,0.44373883887564,5,4.9999863653926,2.2398989258444,5.7621312347084,610.01476763855,10.524486293528,11.341484775989
31.549999999999,1.5630556337573,-1.5554859901255,1.6633689334778,0.41876642404768,5,4.9999865026647,2.2416138314876,5.7639780390028,610.45463826252,10.522781493018,11.339647351428
31.574999999999,1.5641214135713,-1.5568145344448,1.6626886395211,0.43740140005892,5,4.9999866385547,2.243317039232,5.7658120827558,610.90781798321,10.521088357521,11.337822657594
31.599999999999,1.5651871097447,-1.5581436034584,1.66200830363,0.41538573890347,5,4.9999867730766,2.2450206039583,5.7676464735815,611.35290266781,10.5193949132,11.335997661556
31.624999999999,1.5662595369307,-1.5594807664166,1.6613226355983,0.43473744720279,5,4.9999869062441,2.2467346940511,5.769492616993,611.80518515116,10.517690988881,11.334160953329
31.649999999999,1.5673350564266,-1.5608184309913,1.6606358741656,0.46564275065263,5,4.999987038071,2.2484511114538,5.7713413273451,612.23974440688,10.51598452738,11.33232148321
31.674999999999,1.5683947852001,-1.5621381234679,1.659960931962,0.46608159409819,5,4.9999871685705,2.2501436283093,5.7731634580442,612.67753305438,10.514301943687,11.330508575507
31.699999999999,1.5694557721794,-1.563460831371,1.6592846964962,0.45478968113146,5,4.9999872977563,2.2518392843969,5.7749889837143,613.1264733504,10.512616340767,11.328692384112
31.724999999999,1.5705219607956,-1.5647887988991,1.6586035106083,0.43480667393725,5,4.9999874256414,2.2535422981727,5.7768231783972,613.57651603886,10.510923343836,11.326867486468
31.749999999999,1.5715978614724,-1.5661260985204,1.6579160623237,0.46386568733525,5,4.999987552239,2.2552586700858,5.7786721017833,614.01599634696,10.509216883992,11.325027761917
31.774999999999,1.5726592811039,-1.5674499633827,1.6572399682608,0.43868535922182,5,4.999987677562,2.2569554994253,5.7804986649466,614.4646165676,10.507530166571,11.323210589002
31.799999999999,1.5737301637269,-1.5687723427058,1.6565530367251,0.43930979206713,5,4.9999878016232,2.2586571094472,5.7823336994425,614.89114815255,10.505837814076,11.321384148141
31.824999999999,1.5747872983538,-1.5700958261466,1.6558833617372,0.41342947649041,5,4.9999879244354,2.2603509636432,5.7841551292728,615.35008835498,10.504154401823,11.319572434498
31.849999999999,1.5758590759307,-1.5714210698775,1.6551955809636,0.53775446677281,5,4.9999880460112,2.2620553632796,5.7859930684756,615.79029602279,10.502459396803,11.317743215704
31.874999999999,1.5769334550831,-1.5727261873841,1.6545011753222,0.53891241581577,5,4.9999881663629,2.2637458135951,5.7878205863179,616.22602652489,10.500776791163,11.315923034218
31.899999999999,1.5780109356867,-1.5740363319911,1.6538039353457,0.49598624527896,5,4.999988285503,2.2654421164402,5.7896545947496,616.66913397248,10.499088439925,11.314096464781
31.924999999999,1.5790940778988,-1.5753539455921,1.653100523178,0.50708437750724,5,4.9999884034435,2.2671477842429,5.7914996127253,617.09828010721,10.497390806191,11.312258981371
31.949999999999,1.5801756607217,-1.5766666940319,1.6524000439968,0.52979524422957,5,4.9999885201967,2.2688487045435,5.7933391237887,617.54309483047,10.495697718458,11.310426809551
31.974999999999,1.5812495951786,-1.5779705965224,1.6517049699299,0.49207495350178,5,4.9999886357744,2.2705379342267,5.795165766852,617.98005966066,10.494016296687,11.308607477673
31.999999999999,1.5823348658201,-1.5792875305925,1.6510017452458,0.53293121236105,5,4.9999887501884,2.2722444299666,5.7970114788195,618.42355367587,10.492317646566,11.30676912106
32.024999999999,1.5834202916869,-1.5806068710849,1.6502981169277,0.52721551882686,5,4.9999888634506,2.2739528820869,5.7988591534275,618.85565549306,10.490617187332,11.304928935262
32.049999999999,1.5844847708408,-1.5818982758652,1.6496104792187,0.56367686111949,5,4.9999889755724,2.2756264537691,5.8006684869497,619.30105801905,10.48895129665,11.30312678706
32.074999999999,1.5855687463302,-1.5832138758275,1.6489078591954,0.49322118385357,5,4.9999890865654,2.2773310962895,5.8025122551074,619.72543365678,10.487254513318,11.301290388197
32.099999999999,1.5866453860202,-1.5845207201944,1.648210347771,0.51482636728934,5,4.9999891964409,2.2790243166596,5.80434351626,620.15481321769,10.485569111014,11.299466454365
32.124999999999,1.5877206270938,-1.5858268606854,1.6475146245633,0.53714543268604,5,4.9999893052102,2.2807161045743,5.8061727721552,620.59142771418,10.483885197852,11.29764456883
32.149999999999,1.5888082164443,-1.5871462957889,1.6468093190066,0.51912174254044,5,4.9999894128845,2.2824260050356,5.8080224249648,621.02595479086,10.482183154891,11.295802288513
32.174999999999,1.589894940459,-1.5884656483332,1.6461048239482,0.53754278937696,5,4.9999895194746,2.2841352915009,5.8098712011836,621.46405135677,10.480481784697,11.293960934574
32.199999999999,1.5909651126731,-1.5897613411206,1.6454138996808,0.58170007815896,5,4.9999896249917,2.285815793916,5.8116881944997,621.89028076991,10.478808851352,11.292151026418
32.224999999999,1.5920361892072,-1.5910626156285,1.6447201686791,0.48531878072307,5,4.9999897294464,2.2875011782302,5.8135107704211,622.31186108405,10.477131333889,11.290335818431
32.249999999999,1.5931112307092,-1.5923673729626,1.6440244979436,0.53443675430303,5,4.9999898328494,2.2891917715971,5.8153389016266,622.73125049809,10.475448552582,11.288515002933
32.274999999999,1.5941961564228,-1.593683023433,1.6433214515662,0.53255248897307,5,4.9999899352114,2.2908970574863,5.8171834270866,623.16220684351,10.473751081963,11.286677807672
32.299999999999,1.5952683232655,-1.5949841983336,1.6426280206976,0.54240481455698,5,4.9999900365429,2.2925830580381,5.8190064586909,623.5928141137,10.472072871565,11.284862068595
32.324999999999,1.5963539206712,-1.5963027437222,1.6419231992352,0.49632217996717,5,4.9999901368541,2.2942910052472,5.8208541212583,624.00825158765,10.470372884027,11.283021876293
32.349999999999,1.5974358247144,-1.5976145588429,1.6412231017606,0.5190108295226,5,4.9999902361554,2.2959914096902,5.8226930099835,624.44114837318,10.468680269675,11.281190286511
32.374999999999,1.5985142436966,-1.5989211625329,1.6405254445932,0.5464373615999,5,4.999990334457,2.2976855763597,5.8245252016293,624.87044856452,10.466993807162,11.279365314877
32.399999999999,1.5995971360076,-1.6002368550458,1.6398227654505,0.54471339226094,5,4.9999904317688,2.2993896017543,5.8263684217798,625.28128321813,10.465297757389,11.277529575144
32.424999999999,1.600666779875,-1.6015328784366,1.6391313236274,0.52323392111218,5,4.999990528101,2.3010700227232,5.8281855366434,625.71735435989,10.463624986175,11.275719624853
32.449999999999,1.6017500903517,-1.6028466553184,1.6384295854416,0.538675673865,5,4.9999906234632,2.3027728354798,5.8300272770609,626.13993337339,10.46193000026,11.273885223058
32.474999999999,1.6028221878741,-1.6041485992381,1.6377354663763,0.53898871320245,5,4.9999907178654,2.3044593855288,5.8318510786796,626.55684725039,10.460251312772,11.272068785024
32.499999999999,1.6038963060621,-1.6054469343272,1.6370401840832,0.51020095450778,5,4.9999908113172,2.3061444386096,5.8336739394402,626.98163284067,10.458573750399,11.270252957652
32.524999999999,1.6049860864198,-1.6067431965977,1.6363288387648,0.56664395188265,5,4.999990903828,2.3078379311847,5.8355107653067,627.39567792862,10.456886579814,11.268422228562
32.549999999999,1.6060856241642,-1.6080368553709,1.635608885051,0.60880542167014,5,4.9999909954075,2.3095357345516,5.8373549099926,627.82119905278,10.455194351553,11.266583598431
32.574999999999,1.6071913688255,-1.609323825771,1.6348825462192,0.64158981327198,5,4.999991086065,2.3112324855843,5.8392005893162,628.24827979298,10.453502464221,11.264742905581
32.599999999999,1.6082745243724,-1.6105944242515,1.6341729166259,0.61551546234426,5,4.9999911758097,2.3129021102239,5.8410147614682,628.66215079819,10.451838128767,11.262934006777
32.624999999999,1.6093659592438,-1.6118744432533,1.633456271325,0.62168734661063,5,4.9999912646509,2.3145842751159,5.8428432196195,629.08268700142,10.450161279456,11.261110881264
32.649999999999,1.610475686557,-1.6131703665123,1.6327268888539,0.63385344462121,5,4.9999913525977,2.31629041456,5.8446987277957,629.49115858021,10.448460250828,11.259260571783
32.674999999999,1.6115637604494,-1.6144449018098,1.6320129078197,0.63177579866364,5,4.999991439659,2.3179662263096,5.8465202968823,629.9029380031,10.446789658757,11.257444245943
32.699999999999,1.6126570203206,-1.6157229171477,1.6312958016568,0.62279724304912,5,4.9999915258438,2.3196480528018,5.8483486244237,630.31705703218,10.445112940306,11.255621070591
32.724999999999,1.6137597383317,-1.6170128848198,1.6305711285364,0.65159491544189,5,4.9999916111608,2.3213451101393,5.8501939305604,630.72413036761,10.443421084396,11.253781028495
32.749999999999,1.6148552277373,-1.6182949819277,1.6298521651594,0.6768239017691,5,4.999991695619,2.3230314879238,5.8520271731438,631.13185394285,10.441739906793,11.251953023386
32.774999999999,1.6159541779087,-1.6195797187106,1.6291301636172,0.64516551858868,5,4.9999917792268,2.3247221209652,5.853865521943,631.54477353417,10.440054417062,11.250119884794
32.799999999999,1.617045225506,-1.6208560721039,1.6284142791098,0.64863203214958,5,4.9999918619928,2.326401246584,5.8556908858716,631.94327742871,10.438380444821,11.248299713689
32.824999999999,1.6181372609563,-1.6221327075106,1.6276976650381,0.64827888043633,5,4.9999919439256,2.3280812285442,5.8575173236927,632.35082170516,10.43670557617,11.246478439039
32.849999999999,1.6192362134764,-1.6234194824798,1.6269753474516,0.63802722730037,5,4.9999920250334,2.3297734124771,5.8593572229178,632.75029286845,10.435018648949,11.244643849167
32.874999999999,1.6203376666499,-1.6247066734093,1.6262516815068,0.65734616755855,5,4.9999921053247,2.3314675374968,5.8611994367984,633.16119116525,10.433329660637,11.242806844386
32.899999999999,1.6214382749506,-1.6259930858364,1.625528572385,0.65099164924718,5,4.9999921848076,2.3331605217153,5.8630403828504,633.57049443549,10.431641821904,11.240971114034
32.924999999999,1.622532256235,-1.6272723206181,1.6248105797881,0.64841376053262,5,4.9999922634903,2.3348437438271,5.8648703418791,633.96100831122,10.429963746084,11.23914635013
32.949999999999,1.6236237125149,-1.6285491517852,1.6240940752105,0.65122447707208,5,4.9999923413808,2.3365234981663,5.8666965273707,634.37963005994,10.42828915701,11.237325376483
32.974999999999,1.6247177773306,-1.6298299849675,1.6233757287443,0.67761829157424,5,4.9999924184872,2.3382079896213,5.8685277928095,634.7830822561,10.426609895575,11.235499380783
32.999999999999,1.6258212283016,-1.6311222487568,1.622649431771,0.67215377217229,5,4.9999924948172,2.3399072688056,5.8703757801038,635.18568795171,10.424915916675,11.233656765259
33.024999999999,1.6269272137365,-1.6324140308551,1.6219222337413,0.66534044021994,5,4.9999925703787,2.3416078289403,5.8722252994322,635.5745290956,10.423220487176,11.231812468036
33.049999999999,1.6280144326401,-1.6336880111683,1.6212088314879,0.68001579915862,5,4.9999926451795,2.3432826634942,5.8740457426634,635.97547208413,10.421550917314,11.229997308668
33.074999999999,1.6291042059825,-1.6349612574845,1.6204937549061,0.67569924159154,5,4.9999927192272,2.3449585996862,5.8758678558974,636.37473493992,10.419880060971,11.2281803318
33.099999999999,1.6301920450005,-1.6362308270988,1.6197807818836,0.66789209835805,5,4.9999927925294,2.3466304850694,5.8776854177987,636.7729303768,10.418213173349,11.226367821785
33.124999999999,1.6312946161057,-1.6375196360668,1.6190561297566,0.65851459880529,5,4.9999928650936,2.3483265663168,5.8795298180544,637.17130058105,10.416522267241,11.22452867143
33.149999999999,1.6324053314598,-1.6388226254878,1.6183234424368,0.6919514998276,5,4.9999929369273,2.35003871994,5.8813921554937,637.55765439235,10.414815578729,11.222671881478
33.174999999999,1.6334924559414,-1.6400926171365,1.6176106735207,0.69489922617909,5,4.9999930080377,2.351710461076,5.8832095046494,637.9541904227,10.413148903238,11.220859644821
33.199999999999,1.6345748267013,-1.64135790517,1.6169009930387,0.68400429425695,5,4.9999930784322,2.3533755377319,5.885019512013,638.35658353189,10.411488916734,11.219054766363
33.224999999999,1.635684522454,-1.6426561003923,1.6161703819946,0.67176453615374,5,4.9999931481179,2.3550833830113,5.8868770717015,638.75684477284,10.409786343145,11.217202569109
33.249999999999,1.6367907930161,-1.6439493627272,1.6154418282011,0.68523788276366,5,4.9999932171021,2.3567852531661,5.8887283287485,639.15775000973,10.408089680817,11.215356624184
33.274999999999,1.6378701566217,-1.6452122849815,1.6147345971117,0.69571220356262,5,4.9999932853917,2.3584465774612,5.8905339240041,639.53851668823,10.406433498742,11.213556189238
33.299999999999,1.6389530519346,-1.6464753998797,1.6140252520182,0.68799290882634,5,4.9999933529938,2.360110344724,5.8923425953304,639.94052088955,10.404774683586,11.211752523357
33.324999999999,1.6400672226928,-1.6477773781485,1.6132916076216,0.6815099873345,5,4.9999934199153,2.3618239735901,5.8942066656057,640.32817697634,10.403066277197,11.209893783795
33.349999999999,1.6411615963513,-1.649059567474,1.6125715750846,0.70951008391855,5,4.999993486163,2.3635096969276,5.8960397258953,640.71942945694,10.401385864084,11.20806609352
33.374999999999,1.6422542852681,-1.6503374187639,1.6118535919624,0.69694684066014,5,4.9999935517438,2.3651910276471,5.8978679416243,641.10944386841,10.399709710404,11.206243119706
33.399999999999,1.6433421476379,-1.6516081732629,1.6111401831926,0.70463036135404,5,4.9999936166643,2.3668638281529,5.8996865162324,641.50705523612,10.398041988566,11.204429675023
33.424999999999,1.6444358427735,-1.6528897924854,1.6104211402275,0.7119670190101,5,4.9999936809312,2.368548677369,5.9015183840406,641.89766456075,10.396362463499,11.202603177972
33.449999999999,1.6455418993031,-1.6541810099259,1.6096932101915,0.71601239725542,5,4.999993744551,2.3702488548672,5.903367839545,642.28514546159,10.394667411218,11.200758960889
33.474999999999,1.6466428094773,-1.6554680502439,1.6089690080492,0.70003843067479,5,4.9999938075303,2.3719425124453,5.9052098343155,642.67732836619,10.392978953717,11.198922252783
33.499999999999,1.6477450462054,-1.6567561479402,1.6082439561084,0.69632219421348,5,4.9999938698756,2.3736378358599,5.9070536948842,643.07354930921,10.391288812097,11.197083665379
33.524999999999,1.6488501180547,-1.6580465876699,1.6075166845946,0.69325180983678,5,4.9999939315932,2.3753367821475,5.9089017593698,643.46674055503,10.389595011147,11.195240855384
33.549999999999,1.6499546566316,-1.6593364154269,1.6067900031314,0.74194897446628,5,4.9999939926894,2.3770349167448,5.9107488454694,643.86774225719,10.387902021652,11.193399018408
33.574999999999,1.6510533194163,-1.6606237794693,1.6060662829517,0.72864443561769,5,4.9999940531705,2.3787273605672,5.9125895347399,644.27561027541,10.38621493233,11.191563760221
33.599999999999,1.6521503504351,-1.6619027695166,1.6053457583076,0.71588204652005,5,4.9999941130426,2.3804123806257,5.9144221417246,644.67021060762,10.384534916723,11.189736257165
33.624999999999,1.6532367182592,-1.6631741133206,1.6046322905452,0.72953244347967,5,4.999994172312,2.3820846575517,5.916240257883,645.05374629509,10.382867850906,11.187923400737
33.649999999999,1.6543272934353,-1.6644483673147,1.6039163767718,0.73893510096781,5,4.9999942309847,2.3837618806901,5.9180638833892,645.46938286785,10.381195753272,11.186104963645
33.674999999999,1.6554232774826,-1.6657301637029,1.6031956624687,0.73140430605624,5,4.9999942890666,2.3854483512688,5.9198978986889,645.8619219344,10.379514500426,11.184276242216
33.699999999999,1.6565234874189,-1.6670182128579,1.6024711299464,0.7162871359768,5,4.9999943465638,2.3871423207283,5.9217403101265,646.27247408552,10.377825840772,11.182439224936
33.724999999999,1.6576172892281,-1.6682985255135,1.6017502314214,0.74134070108157,5,4.9999944034821,2.3888262455764,5.9235720572645,646.65748748733,10.376147183923,11.18061284443
33.749999999999,1.6586856543104,-1.6695823589988,1.6010233654951,0.7375051513008,5,4.9999944598274,2.3904964648335,5.9253935858648,647.07198139611,10.374484040844,11.178798639052
33.774999999999,1.6597706509055,-1.6708874572343,1.6002786814461,0.77757734033688,5,4.9999945156054,2.3921936681259,5.9272469755562,647.4655003083,10.372794105825,11.176952933259
33.799999999999,1.6608516545735,-1.6721870199928,1.5995381239395,0.86433946319754,5,4.9999945708218,2.3938840622496,5.9290924721599,647.85516680311,10.371110909933,11.175115018994
33.824999999999,1.6619151074078,-1.6734690210945,1.5988114960131,0.93272583681796,5,4.9999946254823,2.3955497329121,5.9309097357344,648.25379479253,10.36945254465,11.173305337192
33.849999999999,1.6629765311928,-1.6747470112266,1.5980866928054,0.98957557171135,5,4.9999946795925,2.3972110213364,5.9327222530223,648.64530374305,10.367798451521,11.171500300075
33.874999999999,1.6640543143724,-1.6760433267771,1.5973483535284,1.024857116127,5,4.9999947331579,2.3988968595816,5.9345626865246,649.0415578597,10.366119835972,11.169667463718
33.899999999999,1.6651391279758,-1.6773479871399,1.5966046860534,1.0905552420812,5,4.999994786184,2.4005936091849,5.9364152524559,649.43624171888,10.364430351611,11.167822556394
33.924999999999,1.6662180350645,-1.6786466078663,1.5958644395734,1.0519883878988,5,4.9999948386763,2.4022819386246,5.9382587331713,649.82224577351,10.362749316746,11.165986765126
33.949999999999,1.6672856803463,-1.6799292659426,1.5951354930215,1.1386391280755,5,4.99999489064,2.4039507939774,5.9400798430704,650.22325913645,10.361087531975,11.16417304782
33.974999999999,1.6683616858714,-1.6812253220056,1.5943981402255,1.1433397962137,5,4.9999949420806,2.4056352966365,5.9419186574585,650.61665960209,10.359410367219,11.162341926563
33.999999999999,1.6694394601427,-1.6825208837418,1.5936598125952,1.1153118922221,5,4.9999949930033,2.4073205496122,5.9437585501951,651.00324392971,10.357732302265,11.160509607144
34.024999999999,1.6705035060384,-1.6838009282229,1.5929324148526,1.1799760514254,5,4.9999950434134,2.4089850938567,5.9455750894921,651.40409695733,10.356074918272,11.158700551773
34.049999999999,1.6715788003544,-1.685095048446,1.5921967072,1.0919640411681,5,4.9999950933159,2.4106676529248,5.947411463846,651.78887321728,10.354399631542,11.15687178706
34.074999999999,1.6726595082917,-1.6863943004601,1.5914564284691,1.1809076609669,5,4.9999951427159,2.4123576190315,5.9492564565401,652.18507814557,10.352716890255,11.155034402033
34.099999999999,1.6737366411456,-1.6876914066297,1.590717747659,1.1893992070697,5,4.9999951916187,2.4140436497549,5.9510972033829,652.57734821261,10.35103819759,11.153201369815
34.124999999999,1.6748014926872,-1.6889732698673,1.5899893159999,1.2124170667226,5,4.999995240029,2.4157101077249,5.9529159102994,652.9792331221,10.349378967854,11.151390217667
34.149999999999,1.6758720725981,-1.6902596593142,1.5892570012927,1.180610917517,5,4.999995287952,2.4173837083806,5.9547427173459,653.37420129239,10.347712488526,11.149570891654
34.174999999999,1.6769567690117,-1.6915622194859,1.5885136516183,1.2031752362738,5,4.9999953353925,2.4190787686481,5.9565936084958,653.76358500702,10.346024596654,11.147727584211
34.199999999999,1.6780296931534,-1.6928486103365,1.5877804098335,1.2076323953314,5,4.9999953823554,2.4207538709239,5.9584221628836,654.1623311462,10.344356461656,11.14590637702
34.224999999999,1.67910494939,-1.6941386570577,1.5870447491112,1.1646710491782,5,4.9999954288454,2.4224332745434,5.9602556276953,654.55041008029,10.342684095743,11.144080342765
34.249999999999,1.6801795430752,-1.6954277523066,1.586309679396,1.1204053620493,5,4.9999954748674,2.4241115230795,5.9620877973477,654.94311648388,10.341012873185,11.142255590034
34.274999999999,1.6812533966312,-1.6967186087248,1.5855750690267,1.2296427439243,5,4.9999955204261,2.425790651351,5.9639205887015,655.33885331095,10.33934093279,11.140430342445
34.299999999999,1.6823202941075,-1.6980013809946,1.5848461650179,1.1455391545945,5,4.999995565526,2.4274591161906,5.9657413237111,655.74105687038,10.33767962891,11.138617091599
34.324999999999,1.6834037606606,-1.699299439738,1.5841041513654,1.201627231663,5,4.9999956101719,2.4291499314594,5.9675877907521,656.13292868759,10.335995801089,11.136778055412
34.349999999999,1.6844757873274,-1.7005865246111,1.5833697091877,1.1414322456901,5,4.9999956543684,2.4308249922478,5.9694167888268,656.52588317548,10.334327824822,11.134956550497
34.374999999999,1.6855510404479,-1.7018772381792,1.5826337284486,1.207205517575,5,4.9999956981198,2.4325049061706,5.9712508494683,656.9383165543,10.332655003846,11.133129976683
34.399999999999,1.686626646802,-1.7031660362707,1.5818978602556,1.2646101438007,5,4.9999957414308,2.4341835751522,5.9730837246815,657.3712738839,10.330983288027,11.131304470797
34.424999999999,1.6876997235653,-1.7044549566882,1.5811638575951,1.1234220218686,5,4.9999957843057,2.4358607184325,5.9749144539045,657.77821164318,10.329313278807,11.129481243719
34.449999999999,1.6887750061282,-1.7057463038951,1.580427866882,1.2261887544079,5,4.9999958267489,2.437541138082,5.9767489817807,658.17816710686,10.327639996347,11.127654238861
34.474999999999,1.6898526973991,-1.7070346308916,1.5796908697077,1.2422229476672,5,4.9999958687649,2.4392207823674,5.9785832036212,658.60110340385,10.325967144086,11.12582725888
34.499999999999,1.6909271372175,-1.7083227719414,1.5789559695432,1.1415133530595,5,4.9999959103578,2.4408981995152,5.9804145437151,659.01511551151,10.324296727218,11.12400332028
34.524999999999,1.6920028313173,-1.709608047783,1.5782215766961,1.1195906376178,5,4.999995951532,2.442574222124,5.9822444029007,659.42313994227,10.322627448204,11.122180626935
34.549999999999,1.6930745254084,-1.7108948687464,1.5774885239562,1.2587307063677,5,4.9999959922916,2.4442488672854,5.9840724627291,659.82513500215,10.320959912029,11.120360050385
34.574999999999,1.6941461185901,-1.7121782139865,1.5767561702071,1.1557497242864,5,4.9999960326409,2.445920778453,5.9858977377676,660.2270686919,10.319294904266,11.118542081042
34.599999999999,1.6952160416193,-1.7134595983694,1.5760262408538,1.2067492370163,5,4.9999960725839,2.447590114017,5.987719681259,660.61487896287,10.317632465988,11.116727399376
34.624999999999,1.6962867201014,-1.7147409772048,1.57529316796,1.1544557868792,5,4.9999961121248,2.4492599296152,5.9895433259611,661.00731399667,10.315969498995,11.114911057024
34.649999999999,1.6973626958196,-1.7160275370217,1.5745586681607,1.2408914551632,5,4.9999961512676,2.4509371177109,5.9913742956124,661.39094409438,10.314299124896,11.113087309111
34.674999999999,1.698433487662,-1.7173117121231,1.5738257459895,1.2593470958185,5,4.9999961900163,2.452609152657,5.9931999121575,661.77392166013,10.312634107369,11.111269120388
34.699999999999,1.6995064644648,-1.7185942302569,1.5730924383842,1.1495121341679,5,4.9999962283749,2.4542813165194,5.9950258015372,662.15782296992,10.31096871521,11.109450440804
34.724999999999,1.7005785161357,-1.7198764266638,1.5723610451061,1.2909730725522,5,4.9999962663473,2.4559526400701,5.9968501530763,662.54449410927,10.309304207469,11.107633295034
34.749999999999,1.7016519483201,-1.7211607780741,1.5716271727859,1.1472166171929,5,4.9999963039374,2.4576265024299,5.9986778247596,662.92943384068,10.307637202682,11.105812909156
34.774999999999,1.7027290643161,-1.722448526363,1.5708908598508,1.0535017889452,5,4.999996341149,2.4593053337271,6.0005110272206,663.31023545111,10.305965193043,11.103986969924
34.799999999999,1.7038057484702,-1.72373625414,1.5701542245215,0.94713922924824,5,4.999996377986,2.4609838722567,6.0023440911048,663.69052404743,10.304293505883,11.10216121032
34.824999999999,1.704880388938,-1.7250192344095,1.5694214928525,1.1695042819853,5,4.9999964144522,2.4626574583785,6.0041710520255,664.0758285718,10.302626620402,11.100341360771
34.849999999999,1.705954615649,-1.7263023521027,1.5686876942985,1.18023077923,5,4.9999964505511,2.4643308842183,6.0059982943081,664.45917170802,10.300959933035,11.098521298286
34.874999999999,1.7070291631029,-1.727577941173,1.5679554477428,1.1142887480213,5,4.9999964862867,2.4659987510315,6.0078198224371,664.84678827921,10.299298336758,11.096706539078
34.899999999999,1.7081027054642,-1.7288649009273,1.56722175148,1.1716590642107,5,4.9999965216625,2.4676746861767,6.0096493220454,665.22835880199,10.297629425408,11.094884451162
34.924999999999,1.7091736841016,-1.7301448922771,1.5664906785221,1.1872590870583,5,4.9999965566821,2.4693436298838,6.0114713650656,665.62195665314,10.295967252079,11.093069593871
34.949999999999,1.710246131216,-1.7314251939043,1.5657583780919,1.1691923026746,5,4.9999965913491,2.4710137541515,6.013294982073,666.01716633653,10.294303821981,11.091253113553
34.974999999999,1.7113211789275,-1.7327059407578,1.5650248305485,1.0961267750873,5,4.9999966256671,2.4726858905349,6.0151209426649,666.40746297156,10.292638238093,11.089434170339
34.999999999999,1.7123897500755,-1.7339854514125,1.5642953323309,1.1710354386075,5,4.9999966596396,2.4743529213726,6.0169406018262,666.81435820285,10.290978115568,11.087621803608
35.024999999999,1.7134699344228,-1.7352718653395,1.5635578377131,1.1693018947772,5,4.9999966932701,2.476032700827,6.0187751473631,667.21036398311,10.289304897178,11.085794305971
35.049999999999,1.7145458995475,-1.736553975385,1.5628230761634,1.2504637141851,5,4.9999967265619,2.4777064711573,6.0206030920158,667.59718180008,10.287637707574,11.083973421556
35.074999999999,1.7156155585087,-1.7378292907217,1.5620942646184,1.0424686278524,5,4.9999967595186,2.479370982948,6.0224201681753,667.99957800092,10.285979783285,11.082163351678
35.099999999999,1.7166937327972,-1.7391110201917,1.5613588619914,1.2677568283266,5,4.9999967921435,2.4810458830139,6.0242494049709,668.39598983653,10.284311302123,11.080341030564
35.124999999999,1.7177670674407,-1.7403938075193,1.5606249064294,1.1409645915273,5,4.9999968244399,2.4827184829615,6.0260759539989,668.79316226433,10.282645503661,11.078521738336
35.149999999999,1.7188412122778,-1.7416712960796,1.5598926044258,1.1719837530401,5,4.9999968564112,2.484387543821,6.0278985977867,669.22243572487,10.28098287452,11.076706003507
35.174999999999,1.7199144869799,-1.7429565265318,1.5591585671445,1.1966039225935,5,4.9999968880606,2.486061979816,6.0297268610697,669.60290942266,10.279315398055,11.074885124079
35.199999999999,1.7209829181986,-1.7442245980248,1.5584321323714,1.1751040986756,5,4.9999969193913,2.4877201567006,6.0315371809475,670.00653680714,10.277663467981,11.073081504011
35.224999999999,1.722061277297,-1.7455149511382,1.5576943653119,1.1837447757858,5,4.9999969504066,2.4894017837408,6.0333735277929,670.42889079143,10.275988778486,11.071252542261
35.249999999999,1.7231424515335,-1.7467952100876,1.5569571519894,1.290524409655,5,4.9999969811097,2.491077492757,6.0352042337196,670.83435819223,10.274319223437,11.069428552569
35.274999999999,1.7242125024826,-1.7480700775264,1.5562279969794,1.1437381559032,5,4.9999970115036,2.492741913383,6.0370213641631,671.27319920538,10.272661354756,11.067618409102
35.299999999999,1.7252891399388,-1.7493498433796,1.5554936769092,1.1433463303515,5,4.9999970415915,2.4944143214825,6.0388478840279,671.70584442973,10.270995365163,11.065798806183
35.324999999999,1.7263676708517,-1.7506327231781,1.5547576823876,1.1687229309759,5,4.9999970713766,2.4960903314787,6.0406783750668,672.1514197167,10.269325838335,11.063975297297
35.349999999999,1.7274422041221,-1.7519109055001,1.5540250106017,1.2988228768344,5,4.9999971008617,2.4977601733268,6.0425018826054,672.60095413892,10.267662461154,11.062158733235
35.374999999999,1.728513565876,-1.7531854356127,1.5532941656336,1.2076556311852,5,4.99999713005,2.4994251787369,6.0443202272875,673.00960406013,10.266003910591,11.060347329295
35.399999999999,1.7295882644796,-1.7544604206115,1.5525630881301,1.176651785229,5,4.9999971589444,2.5010926810115,6.0461409519103,673.41398214899,10.264342677467,11.058533349255
35.424999999999,1.7306675249551,-1.7557417189396,1.5518272577366,1.2242729364226,5,4.9999971875479,2.5027679507149,6.0479706991462,673.81527197322,10.2626737586,11.056710467112
35.449999999999,1.7317422508814,-1.7570244163861,1.55109150957,1.1188239108882,5,4.9999972158634,2.5044413749158,6.0497987237415,674.19793104946,10.261007066192,11.054889682485
35.474999999999,1.7328144446101,-1.7582952546017,1.5503630805245,1.0147013204383,5,4.9999972438939,2.5061040923188,6.0516140027934,674.59244390274,10.259350540653,11.053081058498
35.499999999999,1.7338961019412,-1.7595775376264,1.5496248342559,1.0682645860418,5,4.9999972716421,2.5077816597056,6.0534468257227,674.99732512868,10.25767923514,11.05125506317
35.524999999999,1.7349717686573,-1.760858620249,1.5488911117252,1.1669856385262,5,4.999997299111,2.5094544512557,6.0552734565891,675.40092840761,10.256013022526,11.049435478673
35.549999999999,1.7360476947187,-1.7621333841417,1.5481583554106,1.18811286194,5,4.9999973263033,2.5111225759128,6.0570954257679,675.78985916582,10.254351088312,11.047620225227
35.574999999999,1.7371250797706,-1.7634106622254,1.5474252505775,1.1795135081235,5,4.9999973532218,2.5127935630022,6.0589201560354,676.18448985984,10.252686348001,11.045802237836
35.599999999999,1.738194053956,-1.7646841737824,1.5466959777672,1.1249971796768,5,4.9999973798694,2.5144562528395,6.0607357485907,676.57232840314,10.251030226427,11.043993676518
35.624999999999,1.7392682827748,-1.765960838578,1.545963363702,1.0217176420135,5,4.9999974062486,2.5161247373481,6.0625579900468,677.0014701895,10.249368158989,11.042178353368
35.649999999999,1.7403462316601,-1.7672439331104,1.545226631105,0.93372117107811,5,4.9999974323623,2.51780053727,6.0643885856596,677.4107477127,10.247698920211,11.040354841705
35.674999999999,1.7414180555772,-1.7685210338698,1.5444925102498,0.76380784644648,5,4.9999974582131,2.5194678083515,6.0662103228221,677.80775934337,10.246038252978,11.038540258299
35.699999999999,1.7424804155211,-1.7697909203076,1.5437627006198,0.75951048109109,5,4.9999974838036,2.5211234714257,6.0680196990436,678.20999576923,10.244389384203,11.036738230724
35.724999999999,1.7435298868529,-1.7710868634684,1.5429990739246,0.56794103368609,5,4.9999975091364,2.5227910621286,6.0698538158562,678.62977803554,10.242731258728,11.034915029544
35.749999999999,1.7446010903312,-1.7723778231561,1.5422508530423,0.55420263690963,5,4.9999975342142,2.5244685763035,6.0716906305708,679.04407140135,10.241061257,11.033086537111
35.774999999999,1.7456512851875,-1.7736615291786,1.5415039897383,0.62989223352298,5,4.9999975590395,2.526127133022,6.0735095904888,679.46494466301,10.239411260955,11.031277119837
35.799999999999,1.7466956844409,-1.7749410180427,1.5407593655609,0.61545200638192,5,4.9999975836149,2.5277787569362,6.0753213097605,679.86899110746,10.237768349932,11.029475112618
35.824999999999,1.7477477551725,-1.7762284407873,1.5400087975117,0.6223910881807,5,4.9999976079429,2.5294413784047,6.0771454979482,680.28876657545,10.236114407445,11.02766065505
35.849999999999,1.7488030449473,-1.7775185855169,1.5392542731671,0.55084211060803,5,4.9999976320259,2.5311081447147,6.0789750926899,680.69222779743,10.234456266139,11.025840828814
35.874999999999,1.749853137337,-1.7788059389059,1.5385051038939,0.61505524024863,5,4.9999976558665,2.5327694612935,6.0807975161793,681.10558857186,10.232803779911,11.024028244566
35.899999999999,1.7509013031935,-1.7800870861671,1.5377577910306,0.58683100394766,5,4.999997679467,2.5344247527989,6.0826136842562,681.50121597946,10.231157041086,11.022221686418
35.924999999999,1.7519524266529,-1.7813687402986,1.537008923094,0.59522040453514,5,4.9999977028299,2.5360823105926,6.0844325578158,681.91458405723,10.229507851751,11.020412275735
35.949999999999,1.753002677814,-1.7826518464446,1.5362598293877,0.59218736513871,5,4.9999977259576,2.5377404387189,6.0862520440796,682.29847458769,10.22785825857,11.018602406808
35.974999999999,1.754051586431,-1.7839336208843,1.5355121524681,0.56496177454898,5,4.9999977488525,2.5393966859834,6.0880692330563,682.70617484248,10.226210559142,11.016794823366
35.999999999999,1.7551048639984,-1.785212266744,1.5347630093843,0.5506154180979,5,4.9999977715169,2.5410532875857,6.0898873486271,683.09919213475,10.224561974364,11.014985873319
36.024999999999,1.756154338583,-1.7864948736371,1.5340145120903,0.54799046525444,5,4.999997793953,2.5427105375203,6.0917057890427,683.50377305015,10.222913291939,11.013177073461
36.049999999999,1.7572038004013,-1.7877724010286,1.5332672237633,0.55698510580567,5,4.9999978161633,2.5443638512667,6.0935201446274,683.88494582705,10.221268205477,11.011372061841
36.074999999999,1.7582538350897,-1.7890520638667,1.5325192159112,0.52294606759439,5,4.99999783815,2.5460191789763,6.0953366317792,684.26199993373,10.21962120896,11.009565010187
36.099999999999,1.7593064979035,-1.7903302601139,1.5317702117893,0.53174228348588,5,4.9999978599153,2.5476750426923,6.0971540177649,684.64801397721,10.217973387592,11.007756822906
36.124999999999,1.7603562241815,-1.7916097727576,1.5310216917357,0.50644315214103,5,4.9999978814615,2.5493300586633,6.0989704318516,685.00529854459,10.216326720938,11.005949888156
36.149999999999,1.7614002520961,-1.7928754337806,1.5302817560462,0.54932256744479,5,4.9999979027908,2.550970757329,6.1007702643261,685.36375815393,10.214693868313,11.004158969851
36.174999999999,1.7624557010671,-1.7941687832329,1.5295304212736,0.56760850929488,5,4.9999979239053,2.5526401061049,6.1026009006298,685.742400463,10.213033388938,11.00233816763
36.199999999999,1.7635193266255,-1.7954609703446,1.5287726082209,0.58602676801833,5,4.9999979448073,2.5543137389381,6.1044381070644,686.11902906894,10.211367938036,11.000510341675
36.224999999999,1.7645646574857,-1.7967358383145,1.5280285386653,0.55642562034086,5,4.9999979654988,2.5559623762384,6.1062468758311,686.48526779934,10.209727674073,10.99871100798
36.249999999999,1.7656094492713,-1.7980075658633,1.5272854020658,0.57444776903579,5,4.9999979859819,2.557608244044,6.1080527365232,686.85236030569,10.208090010469,10.996914435685
36.274999999999,1.7666607883093,-1.7992851242727,1.5265377041491,0.55805694507297,5,4.9999980062589,2.5592627739659,6.1098683690402,687.21498029991,10.206443595734,10.995108044189
36.299999999999,1.7677169735766,-1.800569052687,1.5257853003031,0.58049411611714,5,4.9999980263317,2.5609253020083,6.1116932282236,687.59393258217,10.204789255022,10.993292545701
36.324999999999,1.7687688698808,-1.8018471419966,1.5250370411191,0.58275584484394,5,4.9999980462025,2.5625805959756,6.1135097881386,687.95976943869,10.203142076066,10.991485237293
36.349999999999,1.769811248131,-1.8031114017554,1.5242973435382,0.57346737609943,5,4.9999980658731,2.564219163995,6.1153075805809,688.30753412122,10.201511401905,10.989696434476
36.374999999999,1.7708566146917,-1.8043835231507,1.5235537984264,0.57589998276404,5,4.9999980853457,2.5658657009945,6.1171142192896,688.65994341005,10.199873066232,10.987899089394
36.399999999999,1.7719224013064,-1.8056560745108,1.5227997336529,1.0186825502522,5,4.9999981046223,2.5675256070376,6.1189373763741,689.0303511361,10.198219956981,10.986084118877
36.424999999999,1.7729838523946,-1.8069160011164,1.5220524913867,0.58399442991622,5,4.9999981237048,2.569173057633,6.1207463718048,689.38782500842,10.19657882884,10.984282807973
36.449999999999,1.7740385409917,-1.8081581850593,1.521314600345,0.57733190349027,5,4.9999981425952,2.5708025940655,6.1225351904581,689.73192599267,10.194955012074,10.982501044993
36.474999999999,1.7750893157907,-1.8093928555921,1.520582244642,0.5249092656206,5,4.9999981612954,2.5724238710322,6.1243142025093,690.0736021525,10.193339271309,10.980728837818
36.499999999999,1.7761612586074,-1.810648432614,1.519831472403,0.44332634270825,5,4.9999981798073,2.5740747904913,6.1261278160335,690.42734396974,10.191693780777,10.978922166582
36.524999999999,1.7772376157585,-1.8119048475374,1.5190796708353,0.46016958843182,5,4.9999981981329,2.5757292158224,6.1279450471068,690.77923226588,10.190044572036,10.977111661657
36.549999999999,1.7783049202996,-1.8131466433908,1.5183363364769,0.46018752350875,5,4.9999982162739,2.5773666515998,6.1297433079036,691.12394906778,10.188412093824,10.975319836705
36.574999999999,1.779371157524,-1.814380587242,1.5175975701556,0.4897318921031,5,4.9999982342323,2.5789974425878,6.131533630479,691.47401729093,10.186785912436,10.973535556242
36.599999999999,1.7804503771013,-1.8156176299141,1.5168502296508,0.44903609494246,5,4.9999982520099,2.5806390848962,6.1333373786041,691.82689854809,10.185148344383,10.971737518058
36.624999999999,1.7815296883991,-1.8168574862053,1.5161038196895,0.49852498653968,5,4.9999982696085,2.5822829086399,6.1351427274155,692.17429011181,10.183508727985,10.969937925011
36.649999999999,1.7826025054277,-1.8180824692502,1.5153645310666,0.4290684183823,5,4.99999828703,2.5839112574468,6.1369310415671,692.50435660944,10.181884207412,10.968154993958
36.674999999999,1.7836734150186,-1.8193049612502,1.5146277957414,0.39788157139342,5,4.999998304276,2.585536475599,6.1387154498673,692.8389929573,10.180262797229,10.966375900242
36.699999999999,1.7847661186029,-1.8205440252691,1.5138747008988,0.32227898906252,5,4.9999983213484,2.5871885290987,6.1405310579219,693.18551943681,10.178614250298,10.964565533348
36.724999999999,1.7858597178915,-1.8217808180789,1.5131222084575,0.34419185951699,5,4.9999983382489,2.5888394730283,6.1423454064917,693.53198478697,10.17696667154,10.962756289868
36.749999999999,1.7869472204863,-1.8230040552097,1.5123779195079,0.41710799611023,5,4.9999983549793,2.590476229263,6.1441434434803,693.86915969469,10.175332976939,10.960962985884
36.774999999999,1.7880295613356,-1.8242233885048,1.5116367357402,0.39507302443042,5,4.9999983715412,2.592106638843,6.1459344177336,694.20775612721,10.173705695874,10.959176790791
36.799999999999,1.7891197163819,-1.8254434708963,1.5108924383871,0.37966368033444,5,4.9999983879364,2.5937428048085,6.1477319208954,694.54428434187,10.172072348051,10.957383806878
36.824999999999,1.7902182789432,-1.8266636345122,1.5101440642761,0.34465777554366,5,4.9999984041665,2.5953846449198,6.1495362775012,694.88253985776,10.170432983788,10.955583722813
36.849999999999,1.79131203231,-1.8278773929003,1.5094000334138,0.29977531878972,5,4.9999984202332,2.5970185071697,6.1513315735146,695.21012106011,10.168801547222,10.953792613548
36.874999999999,1.7924082081951,-1.8290915477361,1.5086552786137,0.27049523911677,5,4.9999984361382,2.598654286353,6.1531289141192,695.55336492779,10.167168114477,10.951999382687
36.899999999999,1.7935133972223,-1.8303160692948,1.5079020294757,0.25355455411763,5,4.999998451883,2.6003038001704,6.1549422756654,695.92077735409,10.165520981348,10.950190276253
36.924999999999,1.7946214147138,-1.8315334004971,1.5071514112424,0.33053065460574,5,4.9999984674693,2.6019498858357,6.1567514262257,696.3003334762,10.163876915109,10.948384995602
36.949999999999,1.7957268330091,-1.8327461003715,1.5064026914525,0.30314412797736,5,4.9999984828987,2.6035907973485,6.1585550813803,696.68183591379,10.162237958558,10.946585164865
36.974999999999,1.7968346322222,-1.833950881943,1.5056560670816,0.34405529779073,5,4.9999984981728,2.605227476221,6.1603540159769,697.04656182633,10.160602899334,10.944789731766
36.999999999999,1.7979404720079,-1.8351585491299,1.5049088192738,0.27784642677656,5,4.999998513293,2.6068649565006,6.162153938462,697.39212907759,10.158967194595,10.942993468336
37.024999999999,1.7990533644842,-1.8363719868419,1.504157504048,0.24619990068427,5,4.9999985282611,2.6085114560434,6.1639637548375,697.76210006649,10.157322420719,10.941187274364
37.049999999999,1.8001643557652,-1.8375791180904,1.5034085506255,0.2110219383139,5,4.9999985430784,2.6101520252976,6.1657671956341,698.10971509821,10.15568344296,10.939387339793
37.074999999999,1.8012766507856,-1.8387806724675,1.5026621345119,0.23033686908824,5,4.9999985577466,2.6117893808281,6.1675666594842,698.46034177803,10.154047474557,10.93759114273
37.099999999999,1.8023956070684,-1.83998231515,1.501910415549,0.23145113587228,5,4.9999985722671,2.6134313334156,6.1693725082317,698.81171841471,10.152406721783,10.935788533778
37.124999999999,1.8035166897177,-1.8411884482608,1.501158046682,0.23636211834581,5,4.9999985866414,2.6150780220283,6.1711829342311,699.17520477687,10.15076129502,10.933981344807
37.149999999999,1.8046340515689,-1.8423879160942,1.500409198007,0.26660581872097,5,4.9999986008709,2.6167172964379,6.1729851536761,699.50468174547,10.149123207229,10.932182278111
37.174999999999,1.8057467974799,-1.8435758787433,1.4996667391552,0.20405109341433,5,4.9999986149572,2.6183450122356,6.1747742047835,699.83297494433,10.147496506295,10.93039615812
37.199999999999,1.8068698580407,-1.8447746741437,1.4989155402911,0.16034650500503,5,4.9999986289017,2.6199876854945,6.1765804924595,700.17161638934,10.145854853236,10.928592909441
37.224999999999,1.8080044352277,-1.8459702832545,1.4981549259021,0.30983968719794,5,4.9999986427058,2.6216359410993,6.1783957832869,700.53556834683,10.144207282572,10.926780668562
37.249999999999,1.809147428276,-1.8471424929981,1.4973824623143,0.66560310707337,5,4.999998656371,2.6232731670433,6.1802060895554,700.86756455591,10.142570247415,10.924973806045
37.274999999999,1.8102897539853,-1.8483169725841,1.4966120939862,0.52421155581305,5,4.9999986698985,2.6249115535435,6.182016552945,701.17677566819,10.140932084689,10.923166676418
37.299999999999,1.8114290884097,-1.8494891038326,1.4958472726447,0.5422420499188,5,4.9999986832898,2.6265461711116,6.1838212485644,701.49490131876,10.139297698912,10.921365115599
37.324999999999,1.8125905653085,-1.8506761468833,1.4950645904269,0.65718935240243,5,4.9999986965464,2.6282069238899,6.1856571928023,701.81963967448,10.137637098389,10.919532581091
37.349999999999,1.8137433378909,-1.8518399679808,1.4942935528376,0.60846568823612,5,4.9999987096694,2.6298450216202,6.1874676797914,702.13867870485,10.13599904583,10.91772530816
37.374999999999,1.8148894721675,-1.8530073160942,1.4935241444665,0.63915617886379,5,4.9999987226604,2.6314809694793,6.1892755278601,702.45544805346,10.134363212406,10.915920701912
37.399999999999,1.8160442462607,-1.8541681668681,1.4927436929903,0.59075734881728,5,4.9999987355205,2.6331183691634,6.191089413808,702.77639564187,10.132725835583,10.914110560539
37.424999999999,1.8172033380693,-1.8553307478669,1.4919620663159,0.35248568977055,5,4.9999987482512,2.6347600416033,6.1929076625968,703.09878713463,10.131084177373,10.912296008867
37.449999999999,1.8183671569393,-1.8564795652744,1.4911741823085,0.3330534844456,5,4.9999987608537,2.6363953568016,6.1947228807675,703.42136731257,10.129448874143,10.910485033579
37.474999999999,1.8195295459948,-1.857626441072,1.4903855678836,0.32453156411383,5,4.9999987733293,2.6380282904841,6.1965362712722,703.74470189147,10.127815953902,10.908676000733
37.499999999999,1.8206965791533,-1.8587720934766,1.489596244105,0.38899880274588,5,4.9999987856793,2.6396636760121,6.1983521781676,704.06696731243,10.126180603835,10.906864449881
37.524999999999,1.8218640263241,-1.8599150959766,1.488806375607,0.35058133810423,5,4.999998797905,2.6412975020774,6.2001669177786,704.38869311405,10.124546829031,10.905054160613
37.549999999999,1.8230321401788,-1.8610566667285,1.4880174609598,0.32190401359685,5,4.9999988100076,2.642930803568,6.2019807700547,704.71087861353,10.122913591282,10.903244725787
37.574999999999,1.8242013464404,-1.8621981632338,1.4872283939862,0.31647576460342,5,4.9999988219883,2.6445648346429,6.203795345554,705.0327105361,10.121279631419,10.901434565385
37.599999999999,1.8253707934913,-1.8633396471378,1.4864390466755,0.3209980159254,5,4.9999988338485,2.6461990292176,6.2056101901988,705.35485069265,10.11964550975,10.899624152063
37.624999999999,1.8265438543783,-1.8644785321462,1.4856485922212,0.32331540592422,5,4.9999988455892,2.6478340004427,6.207426215846,705.67772190122,10.118010658789,10.897812651813
37.649999999999,1.827716745787,-1.8656195221422,1.4848568885015,0.31709100434174,5,4.9999988572117,2.6494703171686,6.2092439966929,706.00110259747,10.11637444352,10.895999422291
37.674999999999,1.8288917621321,-1.8667575665434,1.4840662225229,0.37087499169734,5,4.9999988687172,2.6511061070299,6.2110608514367,706.33186915632,10.114738799083,10.894187109716
37.699999999999,1.830063557288,-1.8678949771617,1.4832776763316,0.32289773343521,5,4.9999988801068,2.6527391430987,6.2128743044683,706.663332225,10.113105885401,10.892378121371
37.724999999999,1.8312404369729,-1.8690294683003,1.4824875108969,0.352656349671,5,4.9999988913818,2.6543738039003,6.2146899248445,706.99581120216,10.111471425884,10.890567097793
37.749999999999,1.8324193333041,-1.8701758264703,1.4816932013299,0.31563299825693,5,4.9999989025433,2.6560181680978,6.2165160851064,707.34173316073,10.109827167615,10.888745438675
37.774999999999,1.8336020076458,-1.8713208193378,1.48089739923,0.32718441547479,5,4.9999989135924,2.6576642930216,6.2183444800985,707.69128646105,10.108181193747,10.886921633813
37.799999999999,1.8347795026371,-1.8724615244079,1.4801063478841,0.31590733458413,5,4.9999989245303,2.659303714417,6.2201647725869,708.02374539048,10.106541915852,10.885105811898
37.824999999999,1.8359639918062,-1.8736064618066,1.47931065988,0.33657568367692,5,4.999998935358,2.6609511051535,6.2219942576616,708.35503182736,10.104894694548,10.883280894158
37.849999999999,1.837152570892,-1.8747576828172,1.478510524741,0.38803054837636,5,4.9999989460767,2.6626058045396,6.2238322582871,708.69480994396,10.103240142214,10.881447519611
37.874999999999,1.8383329543723,-1.8758980292224,1.4777170275035,0.37756848369536,5,4.9999989566875,2.664247052566,6.2256552593705,709.02146239832,10.101599069576,10.879629127385
37.899999999999,1.8395106325437,-1.8770335865571,1.476929119415,0.37391096772633,5,4.9999989671915,2.6658830282186,6.2274710830106,709.32902527439,10.099963292433,10.877817729019
37.924999999999,1.840699434899,-1.8781802923973,1.4761298158549,0.36035570134071,5,4.9999989775897,2.6675347501456,6.2293060411859,709.63856906806,10.098311766283,10.875987477558
37.949999999999,1.8418905076819,-1.8793276955634,1.4753293293266,0.30436244173142,5,4.9999989878833,2.6691885906457,6.2311434216805,709.958968918,10.09665813877,10.874154837234
37.974999999999,1.8430778172312,-1.8804706372753,1.4745327603904,0.36285300547895,5,4.9999989980732,2.6708366257553,6.2329738702027,710.28400545095,10.095010325745,10.872329051907
37.999999999999,1.8442607410098,-1.8816091363658,1.473736381988,0.37666366456609,5,4.9999990081605,2.6724784201532,6.2347986187895,710.61866002529,10.093368755283,10.870509135106
38.024999999999,1.8454481875408,-1.8827443792876,1.4729419933096,0.28982860137982,5,4.9999990181462,2.6741212243885,6.2366234089494,710.96200564341,10.091726274911,10.868689113774
38.049999999999,1.8466335420654,-1.8838837518748,1.4721475436937,0.33231045569187,5,4.9999990280315,2.6757653762189,6.2384494389145,711.30829408079,10.09008236529,10.866867744235
38.074999999999,1.8478198742881,-1.8850217298064,1.4713526728847,0.25579816601296,5,4.9999990378172,2.6774092673088,6.2402754174244,711.65843741006,10.088438746206,10.865046489578
38.099999999999,1.8490107555136,-1.88616812005,1.4705531129326,0.20792369401248,5,4.9999990475043,2.6790622672133,6.2421116376729,712.01078330681,10.086785969324,10.863214992248
38.124999999999,1.8502001433366,-1.8873091533454,1.4697564618355,0.33517490002915,5,4.999999057094,2.6807104784784,6.2439422805504,712.36023994866,10.08513802932,10.861389067561
38.149999999999,1.851381970428,-1.8884390744567,1.4689671946966,0.27190037302039,5,4.9999990665871,2.6823455433064,6.2457578740094,712.6934146974,10.083503286578,10.859578139756
38.174999999999,1.8525627000632,-1.8895703961685,1.468177525168,0.30081882321171,5,4.9999990759846,2.6839807837435,6.247573800564,713.02273420524,10.081868334172,10.857766869349
38.199999999999,1.8537529110324,-1.8907047980586,1.4673819344099,0.3485376294585,5,4.9999990852875,2.6856250069033,6.2494003915017,713.33828438497,10.080224487824,10.855945143903
38.224999999999,1.8549424108446,-1.8918413723767,1.4665870319283,0.36213451288327,5,4.9999990944968,2.6872702153958,6.2512275699109,713.63808628798,10.078579613606,10.854122721047
38.249999999999,1.8561347379249,-1.8929769764149,1.4657885943295,0.36523610054971,5,4.9999991036133,2.6889167998601,6.2530575270134,713.95215347099,10.076933419471,10.85229776184
38.274999999999,1.857324698918,-1.894106274475,1.4649939180776,0.29753849472158,5,4.999999112638,2.6905573245548,6.2548803905901,714.27842836784,10.075293350327,10.850479887774
38.299999999999,1.858513778825,-1.8952372110052,1.4642003448403,0.29322215008746,5,4.9999991215719,2.6921983390155,6.2567032144827,714.61665186299,10.073652750374,10.848661931771
38.324999999999,1.8597048520087,-1.8963715529136,1.4634038078086,0.27000887441179,5,4.9999991304159,2.6938431450509,6.2585307423585,714.96182978081,10.072008335714,10.846839335005
38.349999999999,1.8608975251701,-1.897500934245,1.4626087588714,0.33892024468726,5,4.9999991391708,2.6954856953429,6.2603555914685,715.30852937374,10.070366285552,10.845019487699
38.374999999999,1.8620913359129,-1.8986422790303,1.4618104108272,0.3703017173354,5,4.9999991478375,2.6971373163673,6.2621900427783,715.63957611784,10.068714991399,10.843189833738
38.399999999999,1.8632878692626,-1.8997716081212,1.4610123825487,0.37911169226066,5,4.999999156417,2.698782635866,6.264018683089,715.96500768452,10.067070241826,10.841366377136
38.424999999999,1.8644817005959,-1.9009037782828,1.4602167724168,0.35639900997028,5,4.9999991649101,2.7004279451157,6.2658462601761,716.29009639331,10.065425404141,10.839543737718
38.449999999999,1.8656769095337,-1.9020404896406,1.4594179651837,0.34707392027807,5,4.9999991733177,2.7020773805088,6.2676789440308,716.63044839121,10.063776387115,10.837716032451
38.474999999999,1.8668728311015,-1.9031732842766,1.4586209404304,0.37699605778431,5,4.9999991816407,2.7037246364341,6.2695088895331,716.97156320248,10.062129627503,10.835891086435
38.499999999999,1.8680649772961,-1.9043062746453,1.4578254791694,0.33317233022448,5,4.9999991898799,2.7053692882894,6.2713358099864,717.30081690858,10.060485406386,10.834069079389
38.524999999999,1.869259563705,-1.9054321076742,1.4570295678166,0.36368572096018,5,4.9999991980361,2.70701079269,6.27316009384,717.5878423414,10.058844503651,10.832249988304
38.549999999999,1.8704471354759,-1.9065546697122,1.4562386138587,0.40069947777057,5,4.9999992061102,2.7086449506506,6.2749756048986,717.87073662346,10.057210880847,10.830439498497
38.574999999999,1.8716417474005,-1.9076833847904,1.4554443336949,0.35236865462622,5,4.999999214103,2.7102884516023,6.2768009750958,718.16418726626,10.05556792766,10.82861911171
38.599999999999,1.8728428931374,-1.9088224362809,1.4546436343799,0.32402733238455,5,4.9999992220154,2.7119438033412,6.2786398086316,718.46119876049,10.053913052444,10.826785273667
38.624999999999,1.8740457964002,-1.9099657044022,1.4538394786522,0.39958765079046,5,4.9999992298481,2.7136033328698,6.2804839085993,718.75900900931,10.052253957424,10.824946236136
38.649999999999,1.8752443396667,-1.9111064158374,1.4530378991434,0.41188815619858,5,4.9999992376019,2.7152579411438,6.2823224564635,719.05644491589,10.050599756583,10.82311270088
38.674999999999,1.8764403973785,-1.9122353095354,1.4522418365926,0.42896247276027,5,4.9999992452776,2.7169026158932,6.2841496594124,719.33923269429,10.048955653176,10.821290590818
38.699999999999,1.8776352788432,-1.913365991435,1.4514455449745,0.41276318226464,5,4.9999992528761,2.7185476639997,6.2859772982207,719.62280410148,10.047311122511,10.819468000551
38.724999999999,1.8788430137438,-1.9144995091927,1.4506431338489,0.37302785805183,5,4.9999992603981,2.7202040112149,6.2878177736245,719.90766971415,10.045655480263,10.817632822929
38.749999999999,1.8800440263341,-1.9156461574346,1.4498400847359,0.43864905563801,5,4.9999992678443,2.7218645031397,6.2896622576472,720.19938644217,10.043995342174,10.815793235187
38.774999999999,1.8812482693266,-1.916791455301,1.4490361069393,0.43794264145492,5,4.9999992752156,2.7235264021704,6.291508412756,720.49788310697,10.04233386672,10.813952062555
38.799999999999,1.8824491334031,-1.9179227901563,1.448236131628,0.41237002268155,5,4.9999992825127,2.7251762485526,6.2933419758401,720.78406246313,10.040684635262,10.812123746631
38.824999999999,1.8836536446012,-1.9190610068772,1.4474339551337,0.39311021448053,5,4.9999992897363,2.7268334704841,6.2951831362509,721.07411806919,10.039027964615,10.81028770734
38.849999999999,1.8848565506924,-1.9202003391096,1.4466301777428,0.43368737999727,5,4.9999992968872,2.7284902930455,6.297024635394,721.37046447933,10.037371645135,10.80845140191
38.874999999999,1.8860520511403,-1.9213289524022,1.4458342631243,0.49106959188409,5,4.999999303966,2.7301343700769,6.2988512358881,721.67130230112,10.035728135974,10.806629911051
38.899999999999,1.887246252869,-1.9224465432392,1.4450400437634,0.52750257555972,5,4.9999993109737,2.7317699516394,6.3006694524432,721.97581565942,10.0340933223,10.804817125759
38.924999999999,1.8884453516294,-1.9235690880531,1.4442439326653,0.32227635609108,5,4.9999993179107,2.733412493784,6.3024947572334,722.28313507169,10.032451543283,10.802997171889
38.949999999999,1.8896449584938,-1.9246904398049,1.4434444004018,0.48197709576804,5,4.9999993247779,2.735054591948,6.3043211575785,722.59762072485,10.03081024588,10.801176397988
38.974999999999,1.8908420281447,-1.9258271298352,1.4426492960776,0.26096112539669,5,4.999999331576,2.7367053614577,6.3061534323561,722.91318873404,10.029159928218,10.79934889101
38.999999999999,1.8920481802796,-1.9269611412825,1.44184525655,0.40111869420192,5,4.9999993383056,2.7383608930747,6.3079938846094,723.23259130137,10.027505061998,10.797513847564
39.024999999999,1.8932232879658,-1.9281150901072,1.4410382311595,0.27303768754075,5,4.9999993449675,2.7400078526869,6.3098279418455,723.55632763056,10.025858138508,10.795685074778
39.049999999999,1.8943981175778,-1.9292649373832,1.440224534981,0.41758674559421,5,4.9999993515623,2.7416517423959,6.3116621923317,723.88082306677,10.024214305231,10.793856699838
39.074999999999,1.8955871103156,-1.9303995760334,1.4394101958863,0.40272375856551,5,4.9999993580908,2.7432952473691,6.3134963833682,724.2094949206,10.022571160219,10.792028727655
39.099999999999,1.8967682904605,-1.931548252238,1.43859343505,0.50441793971073,5,4.9999993645534,2.744942864909,6.3153353346512,724.5409016532,10.020923651533,10.79019580688
39.124999999999,1.8979514228523,-1.9326962683474,1.4377781476687,0.63209994294073,5,4.9999993709511,2.7465914228376,6.3171744748737,724.87653171177,10.019275224666,10.788362581762
39.149999999999,1.8991284498433,-1.9338356126841,1.436965394483,0.54098873955721,5,4.9999993772843,2.7482295614322,6.3190031535759,725.21676890165,10.017637242404,10.786539998351
39.174999999999,1.900309549046,-1.9349867261115,1.4361475412806,0.62986843038392,5,4.9999993835537,2.7498788210993,6.3208440613168,725.56094132391,10.015988072057,10.784705135366
39.199999999999,1.9014936001256,-1.936126307771,1.4353329756903,0.83910581544788,5,4.9999993897601,2.7515221784305,6.3226782206388,725.9125139022,10.014344943571,10.782877104584
39.224999999999,1.9026696472593,-1.9372613184387,1.4345216380104,0.76282261093323,5,4.9999993959039,2.7531566006759,6.3245029411399,726.264637032,10.012710712887,10.781058536241
39.249999999999,1.9038483416041,-1.9383999736313,1.4337108918605,0.72476704465519,5,4.9999994019859,2.7547954588168,6.3263313736177,726.62196344672,10.01107203507,10.779236059007
39.274999999999,1.9050241053504,-1.9395470158788,1.4328970668386,0.68101222773054,5,4.9999994080066,2.7564380562431,6.3281645232218,726.98453150731,10.009429518541,10.777408877141
39.299999999999,1.9062080247153,-1.9406759944199,1.4320846766026,0.96487674207542,5,4.9999994139668,2.7580739833835,6.3299910596994,727.35192064842,10.007793962926,10.7755886941
39.324999999999,1.9073841823873,-1.9417878147222,1.4312790302279,0.68287693527805,5,4.9999994198669,2.7596924676293,6.3317989748897,727.72640560675,10.006176012276,10.773787363705
39.349999999999,1.9085540017077,-1.9429092655714,1.4304734110953,0.62408869583256,5,4.9999994257076,2.7613130012604,6.3336087128366,728.10746071783,10.004555761285,10.771983908995
39.374999999999,1.9097282299103,-1.9440342773436,1.4296649153489,0.90881791205478,5,4.9999994314896,2.7629391818652,6.3354247879262,728.48978938402,10.002929873444,10.770174154723
39.399999999999,1.9109087239275,-1.9451568569339,1.4288549061558,0.60873473790245,5,4.9999994372133,2.7645682156467,6.3372440916266,728.87798001972,10.001301260024,10.768361310084
39.424999999999,1.9120778518469,-1.9462644554299,1.4280542592526,0.70875779379774,5,4.9999994428794,2.7661786921353,6.3390426104572,729.26725032285,9.9996912707849,10.766569235259
39.449999999999,1.9132511632424,-1.9473728933297,1.4272486584418,0.80680909949801,5,4.9999994484884,2.7677927845144,6.3408465746682,729.65645847847,9.9980777242941,10.764772022437
39.474999999999,1.9144264334286,-1.9484827831939,1.4264450305729,0.4780099360335,5,4.999999454041,2.7694092978986,6.3426518262499,730.0521800457,9.9964617653552,10.762973302292
39.499999999999,1.9156052673878,-1.949594766732,1.425637914877,0.517351706713,5,4.9999994595377,2.7710298400586,6.3444622385341,730.44796761521,9.9948418036884,10.761169573851
39.524999999999,1.9167874119553,-1.9507255220921,1.4248246997571,0.43895342276813,5,4.999999464979,2.7726657109163,6.3462890916464,730.84742334827,9.9932062538666,10.759349108872
39.549999999999,1.9179729367084,-1.9518311251665,1.4240162592882,0.40478091669838,5,4.9999994703655,2.7742867683175,6.348100555996,731.2527659673,9.9915860509414,10.757544669549
39.574999999999,1.919157742503,-1.9529703277027,1.4232038752844,0.48593150715429,5,4.9999994756978,2.7759304067174,6.3499339994665,731.65473176891,9.9899426563817,10.755717230497
39.599999999999,1.9203507040181,-1.9541069632583,1.4223880300111,0.80658998964688,5,4.9999994809765,2.7775781620278,6.3517726677543,732.05998994895,9.9882952919556,10.753884823559
39.624999999999,1.9215427203964,-1.9552398145177,1.4215721679497,0.85402877984349,5,4.999999486202,2.7792226239525,6.3536083926589,732.46716271678,9.986651267073,10.752055514231
39.649999999999,1.922732150158,-1.9563781148045,1.4207553020281,0.77448947671927,5,4.9999994913748,2.7808689746748,6.3554462557209,732.86572836636,9.985005231847,10.750223967747
39.674999999999,1.9239174845947,-1.9575058092165,1.4199429368864,0.87099271338296,5,4.9999994964956,2.7825050408146,6.3572729055333,733.23825429216,9.9833695810605,10.748403736273
39.699999999999,1.9251005504293,-1.9586242024856,1.4191348799999,0.78084719970904,5,4.9999995015649,2.7841330605544,6.3590904324809,733.60239827747,9.9817420996216,10.746592691026
39.724999999999,1.9262904924007,-1.9597573934313,1.4183185612707,0.6014047723771,5,4.9999995065831,2.7857762536699,6.3609252239901,733.96550137568,9.9800993059811,10.744764364328
39.749999999999,1.9274772329433,-1.9608900278633,1.4175055013119,0.80257363351574,5,4.9999995115508,2.7874167456302,6.3627561473551,734.3572198655,9.9784591741596,10.742939719436
39.774999999999,1.9286639390641,-1.9620200075928,1.4166925587392,0.82127073021328,5,4.9999995164684,2.789055380918,6.3645853551708,734.76345444354,9.9768209395687,10.74111688229
39.799999999999,1.9298554156025,-1.963137226817,1.4158796847472,0.96695781304078,5,4.9999995213366,2.7906887195652,6.3664097891277,735.17194732632,9.9751883256856,10.739299293383
39.824999999999,1.9310394728672,-1.9642641911774,1.4150677671748,0.73559589761998,5,4.9999995261557,2.7923233572241,6.3682349604677,735.55955001381,9.9735540959935,10.737480560028
39.849999999999,1.9322274468391,-1.9653923615755,1.4142547744607,0.97004899950391,5,4.9999995309263,2.7939616644618,6.3700638967044,735.93044054253,9.9719162396098,10.73565806178
39.874999999999,1.933419014029,-1.9665254875484,1.413440280625,0.80714373077486,5,4.9999995356489,2.7956059901103,6.3718988918125,736.28231551287,9.9702723407435,10.733829396891
39.899999999999,1.9346122686621,-1.9676569316526,1.4126252164336,0.81468902018154,5,4.999999540324,2.7972503812987,6.3737341988758,736.6549189805,9.9686284324913,10.732000514051
39.924999999999,1.9358016021411,-1.9687853530906,1.4118104330678,0.77220158201227,5,4.999999544952,2.7988898473904,6.3755649694783,737.03856366251,9.9669894358942,10.730176299585
39.949999999999,1.936994214273,-1.9699206187181,1.4109939178952,0.73608286156694,5,4.9999995495333,2.8005364049333,6.3774028619587,737.44341270634,9.9653432874306,10.728344802556
39.974999999999,1.9381863043614,-1.9710539782539,1.410177759885,0.93092781654893,5,4.9999995540686,2.8021812704647,6.3792390799507,737.82959516982,9.9636988537655,10.726515032721
39.999999999999,1.939377919573,-1.9721839021003,1.4093631546323,0.78133329259198,5,4.9999995585582,2.8038234259723,6.381072180174,738.22320985666,9.9620571805482,10.724688404183
40.024999999999,1.940562611155,-1.9733042446412,1.4085538793985,1.0079867451279,5,4.9999995630026,2.8054539662366,6.3828925065067,738.6182838009,9.9604271738415,10.722874588605
40.049999999999,1.9417533587568,-1.974432720114,1.4077387499443,0.80137147806692,5,4.9999995674023,2.8070944956462,6.3847243833505,739.00794875655,9.9587871376401,10.721049290679
40.074999999999,1.9429417771945,-1.9755682441042,1.4069237703569,0.8548228856367,5,4.9999995717576,2.8087381966882,6.3865590345009,739.39584939948,9.957143779885,10.719220964934
40.099999999999,1.944131258354,-1.9766985589665,1.4061096636987,0.84677220501019,5,4.9999995760691,2.8103790736235,6.3883907677695,739.79288824301,9.9555033439279,10.717395678585
40.124999999999,1.9453242477968,-1.9778284583021,1.405293823011,0.61230665234503,5,4.9999995803372,2.8120222097466,6.3902252955962,740.19023855847,9.9538607148059,10.71556771494
40.149999999999,1.9465129892353,-1.9789588799511,1.4044823866962,0.98337194825572,5,4.9999995845623,2.8136626241187,6.3920554289807,740.60607317328,9.952220728081,10.713743838804
40.174999999999,1.9476998426497,-1.9800904150084,1.4036675069706,0.82447265133355,5,4.9999995887449,2.8153024389294,6.3938865547493,740.99206876276,9.9505812941164,10.711919203169
40.199999999999,1.948883728355,-1.981210719257,1.4028592387654,0.91030261546864,5,4.9999995928854,2.816932367447,6.395705885523,741.37512341946,9.9489518866929,10.710106331531
40.224999999999,1.9500732744691,-1.9823353848775,1.4020471709807,0.7779278143428,5,4.9999995969842,2.8185694052338,6.3975332734957,741.71863238188,9.9473153908829,10.708285470511
40.249999999999,1.951266033232,-1.983463476549,1.4012317404916,0.75366924620527,5,4.9999996010417,2.820211131242,6.3993663559183,742.07212027267,9.9456742013395,10.706459006383
40.274999999999,1.9524590106139,-1.9846084446004,1.4004141508322,0.76105372102957,5,4.9999996050584,2.8218646568307,6.4012109696241,742.44140330765,9.9440209509357,10.704620541103
40.299999999999,1.9536529259681,-1.9857397432167,1.3995989578717,0.99939724959762,5,4.9999996090347,2.8235094274627,6.4030466738473,742.81869533004,9.9423766795273,10.702791306167
40.324999999999,1.9548533180595,-1.9868738826856,1.3987795741307,1.0086693718381,5,4.9999996129709,2.8251608551808,6.4048902039455,743.20252819882,9.9407258139139,10.700954396185
40.349999999999,1.9560384093543,-1.988011613723,1.3979669773044,0.93197725610836,5,4.9999996168674,2.8268036799708,6.4067230124168,743.55740926438,9.9390832585192,10.69912772053
40.374999999999,1.9572222610612,-1.9891358184825,1.3971598705362,1.0705423421108,5,4.9999996207248,2.8284362672441,6.4085442105226,743.86712241634,9.9374511244975,10.697312760216
40.399999999999,1.9584167995703,-1.9902710555189,1.3963435132235,0.98008104837656,5,4.9999996245433,2.8300842009135,6.410383265889,744.18770360261,9.9358036335099,10.695480111605
40.424999999999,1.9596077351559,-1.9914083997359,1.3955266605896,0.9142923199583,5,4.9999996283234,2.8317309794162,6.4122215062602,744.53175980567,9.9341572094551,10.693648272877
40.449999999999,1.9607950964762,-1.9925349529507,1.3947142721563,0.80784676283695,5,4.9999996320654,2.8333677289544,6.414048778549,744.89487657816,9.9325209317379,10.691827514314
40.474999999999,1.9619824303571,-1.993650777696,1.3939042102988,1.0053215871654,5,4.9999996357697,2.8349970928201,6.4158684012626,745.26381408416,9.930892242668,10.690014668679
40.499999999999,1.9631703416534,-1.9947686749784,1.393094954687,1.0293761223955,5,4.9999996394367,2.8366282971549,6.4176893137336,745.64283185172,9.9292616824037,10.688200385206
40.524999999999,1.9643567517158,-1.9958876085737,1.3922840426657,1.0019024390135,5,4.9999996430669,2.8382591194097,6.4195106208283,746.02728577344,9.9276314551286,10.686385800125
40.549999999999,1.9655440886147,-1.9970148514918,1.3914704420735,0.87448650531259,5,4.9999996466604,2.8398963260271,6.421338841666,746.41347162057,9.9259947088163,10.684564165979
40.574999999999,1.9667363516275,-1.9981366783773,1.3906592249883,0.87443494294462,5,4.9999996502178,2.8415333925049,6.4231658774654,746.79529629294,9.9243582927161,10.68274372275
40.599999999999,1.9679153730506,-1.999256629157,1.3898515013758,0.77927040522981,5,4.9999996537394,2.8431595478681,6.4249815863351,747.16618605461,9.9227325845747,10.680934522157
40.624999999999,1.9691040027953,-2.000374405858,1.3890423101843,0.65169780296843,5,4.9999996572255,2.8447911928733,6.4268028649539,747.51582205114,9.9211016012173,10.67911987981
40.649999999999,1.9702900746549,-2.0015092358916,1.3882291702519,0.52171513096715,5,4.9999996606766,2.8464327182802,6.4286347498332,747.84871876942,9.9194603991248,10.677294284959
40.674999999999,1.9714799551474,-2.0026360550829,1.3874185124525,0.60950490116892,5,4.9999996640928,2.8480714791158,6.4304630559192,748.18662100461,9.9178221499743,10.675472353939
40.699999999999,1.9726526043629,-2.0037697073363,1.3865919536022,0.63969009526842,5,4.9999996674747,2.8497025136385,6.4322915725714,748.54576260474,9.9161912913655,10.673651407721
40.724999999999,1.9738235027897,-2.0048892306221,1.3857720793039,0.55576147559567,5,4.9999996708226,2.8513224937351,6.4341072072754,748.91822682789,9.9145716420739,10.671843351087
40.749999999999,1.9749904966341,-2.0060054751719,1.3849490941948,0.4867300417127,5,4.9999996741367,2.8529373858453,6.4359197141078,749.30471885756,9.9129570732303,10.670038866006
40.774999999999,1.976154716287,-2.0071238443881,1.3841275275643,0.45739505602951,5,4.9999996774175,2.8545517455029,6.4377311027553,749.69905331386,9.9113429714273,10.668235342218
40.799999999999,1.9773218920166,-2.0082469714521,1.3833037753231,0.49262558695305,5,4.9999996806652,2.8561715336327,6.4395483207776,750.10000466245,9.9097234179647,10.666425947577
40.824999999999,1.9784888903487,-2.0093709116765,1.3824809685951,0.42482986301879,5,4.9999996838802,2.8577917579182,6.4413654992627,750.50621412834,9.9081034165713,10.664616489134
40.849999999999,1.9796574214658,-2.0104850092597,1.3816582856122,0.5034442359514,5,4.9999996870629,2.8594062790226,6.4431775383591,750.9119863031,9.9064892734896,10.6628125218
40.874999999999,1.9808259197891,-2.0116004423815,1.3808353776958,0.42922383835507,5,4.9999996902135,2.8610216982811,6.4449904798418,751.32402164986,9.9048742114792,10.661007620134
40.899999999999,1.981984672568,-2.0127047594269,1.3800191376747,0.64756038342443,5,4.9999996933324,2.8626223931737,6.4467872747414,751.73555224958,9.9032738988178,10.659218890725
40.924999999999,1.9831513618608,-2.013805123603,1.379201843208,0.45885120009317,5,4.9999996964199,2.8642261279479,6.4485872568167,752.1551864403,9.9016707510174,10.657427139827
40.949999999999,1.9843154103443,-2.0149176133651,1.378381824277,0.48753723699011,5,4.9999996994763,2.8658362963686,6.4503942082244,752.57529273366,9.9000609194898,10.655628174089
40.974999999999,1.9854880006273,-2.0160307619134,1.3775597354982,0.4711130035953,5,4.999999702502,2.8674531042305,6.4522080157178,752.99709870475,9.8984445701273,10.653822389745
40.999999999999,1.9866590113608,-2.0171508251329,1.3767353531222,0.42910257599961,5,4.9999997054972,2.8690735386641,6.4540260954892,753.41997818458,9.8968244615063,10.652012267031
41.024999999999,1.9878342878847,-2.0182581606794,1.3759121146053,0.52417090819541,5,4.9999997084622,2.8706883039474,6.4558386044066,753.84528953172,9.8952103103009,10.650208105025
41.049999999999,1.9889957046093,-2.0193517444452,1.3750969996946,0.49590960441192,5,4.9999997113974,2.8722835513455,6.4576300358395,754.27103890973,9.8936156837512,10.648425090354
41.074999999999,1.9901617508013,-2.0204437598504,1.3742822519501,0.4766907229548,5,4.999999714303,2.8738810998946,6.4594233498818,754.69871384012,9.8920188833898,10.646640194356
41.099999999999,1.9913318329825,-2.0215337296371,1.3734670362643,0.39885676035286,5,4.9999997171794,2.8754802016571,6.461218260203,755.12295210486,9.8904206665822,10.64485381188
41.124999999999,1.9925096273139,-2.0226374215954,1.3726433275953,0.45385369806928,5,4.9999997200268,2.8770943068042,6.4630303946895,755.54895605105,9.888807302896,10.643050218296
41.149999999999,1.9936912082915,-2.0237577770105,1.3718172253309,0.43828105435694,5,4.9999997228455,2.8787225972767,6.4648562574483,755.97472155264,9.8871794986535,10.641232325124
41.174999999999,1.9948601634706,-2.0248600368971,1.3709990379649,0.3754809666622,5,4.9999997256359,2.8803292811499,6.4666592725991,756.399308251,9.8855734094794,10.639437537239
41.199999999999,1.9960341216007,-2.02596406008,1.3701789526375,0.37143310570181,5,4.9999997283982,2.8819408160951,6.4684674719311,756.82065840137,9.8839625311449,10.637637600427
41.224999999999,1.9972103034942,-2.0270680817765,1.3693554135774,0.48066150029127,5,4.9999997311326,2.8835539706918,6.4702786826688,757.24201553053,9.8823500782793,10.635834926431
41.249999999999,1.9983839334088,-2.0281655223568,1.3685365239696,0.50527885633912,5,4.9999997338396,2.8851607634612,6.4720821136193,757.65979675593,9.8807440776291,10.634039969052
41.274999999999,1.9995667519974,-2.0292508395175,1.3677164812233,0.50321503823162,5,4.9999997365193,2.8867660588087,6.4738847348382,758.07670963922,9.8791401203803,10.632246486698
41.299999999999,2.0007451181567,-2.0303471939159,1.3668949734831,0.40704280292577,5,4.999999739172,2.888375574193,6.475691780698,758.49218530406,9.8775315306185,10.630448161096
41.324999999999,2.0019242601836,-2.0314495217921,1.3660722772184,0.32524231887626,5,4.999999741798,2.8899897311452,6.4775035013747,758.90583968231,9.8759181764299,10.628644971852
41.349999999999,2.0031078510478,-2.0325539071809,1.3652465273019,0.36687705329559,5,4.9999997443975,2.8916085438029,6.4793207568177,759.31568894914,9.8743002182641,10.626836378645
41.374999999999,2.0042834769342,-2.0336536573894,1.364426979135,0.42193229414751,5,4.9999997469709,2.8932183719757,6.4811271914121,759.72308818174,9.8726911749685,10.625038363916
41.399999999999,2.0054661411521,-2.0347638846371,1.3636032806977,0.34209101359783,5,4.9999997495184,2.8948404999588,6.4829464710249,760.12662637557,9.8710697518215,10.623227314608
41.424999999999,2.0066544410901,-2.0358807155054,1.3627742073645,0.53018656966122,5,4.9999997520402,2.8964712568172,6.4847758781755,760.53115293969,9.8694396758374,10.621406241256
41.449999999999,2.0078405941611,-2.0369880190941,1.3619491848601,0.60151856700516,5,4.9999997545366,2.8980939337245,6.4865962469509,760.93184710173,9.8678178440271,10.619594328123
41.474999999999,2.0090243241499,-2.038085353169,1.3611254547171,0.46245777278548,5,4.9999997570079,2.8997080460993,6.4884083976363,761.33188189799,9.8662047642489,10.61779102772
41.499999999999,2.0102067052745,-2.0391882149686,1.3603016211067,0.432028490491,5,4.9999997594544,2.9013249348625,6.4902230687058,761.72923582249,9.8645887400146,10.615984955735
41.524999999999,2.0113911734577,-2.0402846326239,1.3594774524601,0.40391359203386,5,4.9999997618762,2.9029389660121,6.4920353464191,762.12593477815,9.8629757844839,10.614181614139
41.549999999999,2.0125695232662,-2.0413827276673,1.3586571657363,0.32313832511627,5,4.9999997642736,2.9045496556146,6.4938428837782,762.52043764147,9.8613659809377,10.612382638544
41.574999999999,2.0137482183584,-2.042473694321,1.3578382536092,0.42118918577637,5,4.9999997666468,2.9061557472558,6.4956457003057,762.91085253745,9.8597609631626,10.610588620598
41.599999999999,2.0149251732278,-2.0435658127649,1.3570201727842,0.48334494652455,5,4.9999997689962,2.9077613454185,6.4974476996665,763.30238239811,9.858156366022,10.608795303321
41.624999999999,2.0161093924711,-2.0446498697852,1.3562012938457,0.43439504545584,5,4.9999997713219,2.9093668219332,6.4992499531324,763.68836152594,9.856552310611,10.607002197221
41.649999999999,2.017293168134,-2.0457405334621,1.3553800297977,0.46404663856801,5,4.9999997736243,2.9109764405453,6.5010569801695,764.07605872446,9.8549439078932,10.605204172883
41.674999999999,2.0184744568117,-2.046830450973,1.3545600689773,0.41288318134562,5,4.9999997759034,2.9125837249385,6.5028613356965,764.46235082509,9.8533377942556,10.603408759834
41.699999999999,2.0196610364569,-2.0479188714257,1.3537389359418,0.30928288436227,5,4.9999997781596,2.9141938896308,6.5046687896511,764.84909825327,9.8517289885703,10.601610414808
41.724999999999,2.0208436971613,-2.0490131808077,1.3529169922273,0.336999034953,5,4.999999780393,2.9158051622226,6.5064775988824,765.23092913069,9.8501188043616,10.599810491985
41.749999999999,2.0220288190543,-2.0501046472018,1.3520953842351,0.38112356221937,5,4.999999782604,2.9174163148506,6.5082861487112,765.61246771175,9.8485088829201,10.598010940049
41.774999999999,2.0232171028669,-2.0511980361849,1.3512718610634,0.38437636350511,5,4.9999997847928,2.9190310959156,6.5100988009951,765.99255258444,9.846895364837,10.5962073411
41.799999999999,2.0244073888059,-2.0522913987296,1.3504494113894,0.46537656730606,5,4.9999997869594,2.9206473329869,6.5119122633567,766.37000055844,9.8452804472759,10.594402840829
41.824999999999,2.0255939722558,-2.0533874700769,1.3496265611631,0.53086950354238,5,4.9999997891043,2.9222626820767,6.5137251161298,766.7454944749,9.8436662418389,10.592598857054
41.849999999999,2.0267838959532,-2.0544767403405,1.3488037489732,0.39769803338388,5,4.9999997912276,2.9238758863764,6.5155360407589,767.12263794745,9.8420544696831,10.590797151261
41.874999999999,2.0279732792222,-2.0555652578656,1.3479812576962,0.38270523629229,5,4.9999997933295,2.9254881837941,6.5173460117156,767.49894072001,9.8404436121042,10.588996416616
41.899999999999,2.029157483675,-2.0566574994744,1.3471596720761,0.41176059057472,5,4.9999997954102,2.9270991871827,6.5191544184312,767.87470081802,9.8388337960863,10.587196987069
41.924999999999,2.0303452065733,-2.0577452965314,1.3463375945781,0.35956844254589,5,4.99999979747,2.9287097734488,6.5209626771331,768.24294618019,9.8372246242204,10.585397977207
41.949999999999,2.0315325394832,-2.0588367494055,1.3455150469416,0.48091119305613,5,4.9999997995091,2.930322543989,6.5227730951594,768.61113180166,9.8356131491476,10.583596656032
41.974999999999,2.0327219259152,-2.0599186134914,1.3446944657286,0.46352486420046,5,4.9999998015276,2.9319303592721,6.5245782055471,768.97986885068,9.8340069866249,10.581801000783
41.999999999999,2.0339106863482,-2.0610041418868,1.3438734883992,0.47762288757473,5,4.9999998035258,2.9335401801518,6.5263852824796,769.34794220554,9.832398682147,10.580003211392
42.024999999999,2.0351004841914,-2.06208824977,1.3430516192714,0.41892808612316,5,4.9999998055039,2.9351498101745,6.5281925947584,769.71466244815,9.8307906456851,10.578205344518
42.049999999999,2.0362933924332,-2.0631723206159,1.3422303258162,0.340933846078,5,4.9999998074621,2.9367617157773,6.5300016725931,770.08038260818,9.8291804322506,10.576405669748
42.074999999999,2.0374826001685,-2.0642592107533,1.3414082306781,0.38289420958921,5,4.9999998094005,2.9383727853625,6.5318103698105,770.44595115594,9.8275708513639,10.574606289563
42.099999999999,2.0386716892494,-2.0653496689823,1.3405851478408,0.36465187355998,5,4.9999998113195,2.9399861768189,6.5336215841404,770.8071641885,9.8259588368536,10.572804285759
42.124999999999,2.0398621157726,-2.0664325492752,1.3397644830769,0.45842041338125,5,4.9999998132191,2.9415954452973,6.5354280269683,771.1636636798,9.8243512234248,10.57100726755
42.149999999999,2.0410559721009,-2.0675151246147,1.3389418269675,0.45499352221812,5,4.9999998150996,2.9432070476982,6.5372374537761,771.5187493958,9.8227413959077,10.56920745925
42.174999999999,2.042253688875,-2.0686063802496,1.3381154115106,0.46590557098849,5,4.9999998169611,2.9448273453041,6.5390563344316,771.87757912714,9.8211227078115,10.567398031181
42.199999999999,2.0434456297547,-2.0696898718195,1.3372934288333,0.48783199671068,5,4.999999818804,2.9464381454291,6.5408647405156,772.23829366287,9.8195135917693,10.565599138179
42.224999999999,2.044637376008,-2.0707761033063,1.33647048323,0.42899130781707,5,4.9999998206282,2.948050645964,6.5426750988893,772.59618594788,9.8179026803965,10.563798223935
42.249999999999,2.0458271695987,-2.0718555000238,1.3356504954226,0.37097626598479,5,4.9999998224341,2.949657103577,6.5444787302448,772.95553860657,9.8162979767141,10.562004173512
42.274999999999,2.0470219074987,-2.0729368131626,1.3348269033638,0.3329863550194,5,4.9999998242218,2.9512685118908,6.5462884099493,773.3119267737,9.8146884183473,10.560204283654
42.299999999999,2.0482175196401,-2.0740139485271,1.3340053125127,0.41993491575054,5,4.9999998259916,2.9528777691686,6.5480952637101,773.67134478662,9.8130811898932,10.558407300568
42.324999999999,2.0494129301027,-2.0750962171244,1.3331826713606,0.43968659728212,5,4.9999998277435,2.9544903173045,6.5499055261098,774.02966439708,9.8114704819568,10.556606698751
42.349999999999,2.0506092493411,-2.0761800202199,1.332358663683,0.48265793817995,5,4.9999998294777,2.9561045691034,6.5517179271479,774.3880814476,9.8098580477877,10.554803991004
42.374999999999,2.0518027168318,-2.0772601842255,1.3315342963955,0.46070308984275,5,4.9999998311945,2.9577142643945,6.5535264349181,774.74671506756,9.8082502029024,10.553005418729
42.399999999999,2.0529969748396,-2.0783388607177,1.3307149956341,0.39092547410055,5,4.9999998328941,2.9593235484477,6.5553322723697,775.10743736167,9.8066428485307,10.551209174685
42.424999999999,2.0541963411402,-2.0794080349253,1.3298897520833,0.42279716534441,5,4.9999998345765,2.9609302883176,6.5571385502906,775.46970053697,9.8050385830188,10.549413611492
42.449999999999,2.0553876922386,-2.0804795336165,1.329074285553,0.34538774241847,5,4.9999998362419,2.9625326075382,6.5589364414294,775.830814204,9.8034383554859,10.547625411616
42.474999999999,2.0565890297953,-2.0815428105743,1.3282430422608,0.34071540354037,5,4.9999998378906,2.9641369048343,6.5607432992613,776.18698153307,9.8018368576036,10.545830212913
42.499999999999,2.0578047019418,-2.0826241562047,1.3273971951611,0.35894658039614,5,4.9999998395227,2.9657639165553,6.5625770452788,776.54193369617,9.8002124528351,10.544008338598
42.524999999999,2.0590235895445,-2.0837108420396,1.3265473631364,0.53973574836889,5,4.9999998411384,2.9673968810656,6.5644179112603,776.90161708339,9.7985820018521,10.54217937777
42.549999999999,2.0602349906478,-2.084796239833,1.3257001338496,0.60445193289907,5,4.9999998427378,2.9690234052747,6.5662518628592,777.25740209973,9.7969577640029,10.540357155373
42.574999999999,2.0614509128358,-2.0858689792016,1.3248528688007,0.54370132271173,5,4.9999998443211,2.9706448973407,6.5680813695095,777.61096370233,9.7953392594516,10.538540252122
42.599999999999,2.0626711918226,-2.0869224662574,1.32399068091,0.53040717485338,5,4.9999998458885,2.9722570126537,6.5699095608948,777.97045430733,9.7937312593467,10.53672761159
42.624999999999,2.0639041051918,-2.0879903992826,1.3231162784812,0.62089305649841,5,4.9999998474401,2.9738881338394,6.5717602731711,778.32998270308,9.7921041141516,10.534892674734
42.649999999999,2.0651249581962,-2.0890616394323,1.3222609230567,0.61085250689704,5,4.999999848976,2.9755123374955,6.5735959393768,778.69234595922,9.790483178526,10.533070538931
42.674999999999,2.0663522502798,-2.0901297025046,1.3213942145108,0.59045426513786,5,4.9999998504965,2.9771392992606,6.5754393569336,779.05264330937,9.7888599257221,10.531242065893
42.699999999999,2.0675780400637,-2.0912020823215,1.3205258839113,0.66722112906102,5,4.9999998520017,2.9787679671413,6.5772850430109,779.41540088464,9.7872346910619,10.529411156566
42.724999999999,2.0688088321638,-2.0922793646363,1.3196567635828,0.6635814371822,5,4.9999998534917,2.9804036279801,6.5791372731599,779.7780990911,9.7856024536724,10.527573450926
42.749999999999,2.0700346502598,-2.0933636662515,1.3187871222023,0.76486321276078,5,4.9999998549668,2.9820401914519,6.580990544896,780.14291898906,9.7839687854804,10.525734227205
42.774999999999,2.0712660674257,-2.09444410961,1.3179149864484,0.72743824991228,5,4.999999856427,2.9836784057502,6.5828464454484,780.5063638335,9.7823338761109,10.523892934039
42.799999999999,2.0724898258524,-2.0955245902345,1.317046570172,0.72757965845936,5,4.9999998578724,2.985310895587,6.5846955452013,780.87566992593,9.7807043660963,10.522058035332
42.824999999999,2.0737177623183,-2.0966000859589,1.3161781485027,0.75584950344594,5,4.9999998593034,2.9869432310357,6.5865445111861,781.24316001061,9.7790754168893,10.520223659985
42.849999999999,2.0749429728299,-2.0976795365343,1.315308301008,0.7744681752908,5,4.9999998607199,2.9885761285655,6.5883946433454,781.61360596343,9.7774456076183,10.518387963549
42.874999999999,2.0761666959046,-2.0987556987602,1.3144431673897,0.80453147553908,5,4.9999998621221,2.9902057368926,6.5902396581088,781.98696283285,9.7758191742839,10.516557147179
42.899999999999,2.0773905386207,-2.0998306084298,1.3135760103915,0.7968283793108,5,4.9999998635103,2.9918346082171,6.5920849719172,782.36139017018,9.7741935415225,10.514726333079
42.924999999999,2.0786100773902,-2.1009070084367,1.3127106908746,0.81156591382759,5,4.9999998648845,2.9934612341068,6.5939274402755,782.74647946965,9.7725699059686,10.512898056946
42.949999999999,2.0798274962412,-2.1019775443366,1.3118469212769,0.79057942180976,5,4.9999998662448,2.9950823928812,6.5957643544514,783.12430288521,9.7709519127164,10.511075601158
42.974999999999,2.0810417899197,-2.1030548792016,1.3109849255576,0.81807759774331,5,4.9999998675914,2.9967057103328,6.5976023414396,783.50274282137,9.7693313339319,10.509251399763
42.999999999999,2.0822596789202,-2.1041211794193,1.3101217892842,0.83819716469125,5,4.9999998689245,2.9983244288915,6.5994368043034,783.88591625802,9.7677160000702,10.507431657638
43.024999999999,2.0834709479694,-2.1051849852639,1.3092625554816,0.80236962873567,5,4.9999998702442,2.9999365255339,6.6012635879009,784.24671923824,9.7661071167079,10.505619354283
43.049999999999,2.0846801382435,-2.1062396853879,1.3084069570862,0.86334149173902,5,4.9999998715505,3.0015410608157,6.6030819888701,784.61204497004,9.7645061352699,10.50381574047
43.074999999999,2.0858902628086,-2.1073059892112,1.3075491900855,0.78486469502732,5,4.9999998728437,3.0031539480736,6.6049087810132,784.96997289436,9.7628963010107,10.502003101732
43.099999999999,2.0871011740274,-2.1083663755697,1.3066926611493,0.82997160685108,5,4.9999998741239,3.0047635210632,6.6067320656941,785.32923238986,9.7612900884828,10.500194290052
43.124999999999,2.0883106006316,-2.1094226418536,1.3058361517263,0.83930845526122,5,4.9999998753913,3.0063692642474,6.608551961176,785.68637691768,9.7596878373205,10.498389172171
43.149999999999,2.0895225672467,-2.1104772128869,1.3049804288286,0.72581514809302,5,4.9999998766458,3.0079758080969,6.6103721932541,786.0403443415,9.7580849854233,10.496583789659
43.174999999999,2.090730257313,-2.1115494481828,1.3041226947814,0.838243131015,5,4.9999998778877,3.0095908015415,6.612200829774,786.39370141218,9.7564726916053,10.494768892466
43.199999999999,2.0919441268396,-2.1126071506536,1.303265044331,0.86372015208744,5,4.9999998791171,3.0112008368655,6.614025049618,786.74991097012,9.7548662834471,10.492959501664
43.224999999999,2.0931556618777,-2.1136703254324,1.3024064896698,0.87692412682195,5,4.9999998803342,3.0128127170591,6.6158513228355,787.11203419063,9.7532576659228,10.4911477278
43.249999999999,2.0943642191838,-2.1147276067805,1.3015508505091,0.8895083393645,5,4.999999881539,3.014418473769,6.617670820839,787.47685150677,9.751655319284,10.489342861865
43.274999999999,2.0955749495251,-2.1157831119713,1.3006965576543,0.86771192894495,5,4.9999998827316,3.0160246988986,6.6194900996656,787.84521787012,9.7500526890394,10.487538232217
43.299999999999,2.0967806003348,-2.1168431908498,1.2998406745412,0.84557916857457,5,4.9999998839123,3.0176301150763,6.6213094119002,788.21570002492,9.7484504275943,10.485733363628
43.324999999999,2.0979900240555,-2.1178992279663,1.2989861746106,0.8715177317654,5,4.999999885081,3.0192357053502,6.62312822752,788.59176638312,9.7468483493109,10.483929178822
43.349999999999,2.0992006803568,-2.1189585925228,1.2981295466968,0.84690975604885,5,4.999999886238,3.02084441351,6.6249507953036,788.96700781433,9.7452430498887,10.482121219535
43.374999999999,2.1004085710452,-2.1200174246381,1.2972739180328,0.90637551071892,5,4.9999998873834,3.0224506903739,6.6267707474388,789.35943744811,9.7436400859119,10.480315803566
43.399999999999,2.1016157423495,-2.1210735030264,1.2964206230813,0.91135217342503,5,4.9999998885172,3.0240546118558,6.6285875238132,789.74604761733,9.7420395768528,10.478513533442
43.424999999999,2.1028225995829,-2.1221268095695,1.2955672021198,0.95501907603188,5,4.9999998896396,3.0256564729783,6.6304025407258,790.13502256755,9.7404412485506,10.47671324838
43.449999999999,2.1040315400799,-2.1231852918224,1.2947101766835,0.8981335089095,5,4.9999998907507,3.0272633089391,6.63222364325,790.52888727036,9.7388377915858,10.474906871735
43.474999999999,2.1052433245685,-2.1242442007184,1.2938525617912,0.89682994476122,5,4.9999998918506,3.0288725664377,6.6340471599075,790.92679342931,9.7372320206906,10.473098130755
43.499999999999,2.1064539553213,-2.1253099199511,1.2929939413799,0.93985372352144,5,4.9999998929394,3.0304854471842,6.6358743471757,791.32530866386,9.7356222588404,10.471285313024
43.524999999999,2.1076680364923,-2.1263689020434,1.2921362968574,0.91096026139584,5,4.9999998940173,3.0320964829261,6.637699447252,791.72738677018,9.7340148122954,10.469475011297
43.549999999999,2.1088826348775,-2.1274298501813,1.2912783030218,0.92485759216672,5,4.9999998950843,3.0337092011868,6.6395261967177,792.13298703751,9.7324056123896,10.467662954796
43.574999999999,2.1100932751723,-2.128498015022,1.2904177554232,0.96757721157918,5,4.9999998961406,3.0353237060802,6.6413557234926,792.53981273155,9.7307941200285,10.465847830706
43.599999999999,2.1113024284766,-2.1295585769296,1.289560531785,0.99415013350268,5,4.9999998971863,3.0369320727277,6.6431782699636,792.94944708456,9.7291890504684,10.464039906109
43.624999999999,2.1125157135393,-2.1306246672875,1.28870085541,0.97346976050243,5,4.9999998982214,3.0385471917,6.6450079291571,793.36108270636,9.7275771525042,10.462224733769
43.649999999999,2.1137259598368,-2.1316799188917,1.2878428943214,1.002291181575,5,4.9999998992461,3.0401528853348,6.6468284645944,793.73567253848,9.7259750612872,10.460419315069
43.674999999999,2.1149349297008,-2.1327358178469,1.2869888223205,0.93536349293359,5,4.9999999002605,3.0417580428771,6.6486466971753,794.14363592617,9.7243734178474,10.458615748328
43.699999999999,2.1161451261101,-2.1337983795624,1.2861311850643,0.94662586648589,5,4.9999999012646,3.0433685126062,6.6504712942299,794.51818731302,9.7227662019241,10.456805692056
43.724999999999,2.1173574457198,-2.1348584049641,1.2852737954004,0.98224381366416,5,4.9999999022587,3.0449789078025,6.652295709129,794.91649143731,9.7211592749981,10.454995999675
43.749999999999,2.1185666508021,-2.1359210217553,1.2844182655395,1.0124834927637,5,4.9999999032427,3.0465886690817,6.6541186909498,795.29484134929,9.7195527242273,10.453187345548
43.774999999999,2.1197745544921,-2.1369799454567,1.2835617581397,0.99818819042568,5,4.9999999042169,3.0481950160958,6.6559391182775,795.67365771485,9.7179497040311,10.451381618489
43.799999999999,2.1209848441574,-2.1380421989766,1.2827038434527,1.0336968514855,5,4.9999999051812,3.0498053525869,6.6577637281604,796.03027109383,9.7163426440888,10.449571621364
43.824999999999,2.1221933102611,-2.1390899777723,1.2818528933711,1.0125834205784,5,4.9999999061359,3.051404799594,6.6595754529656,796.4139305239,9.7147470988452,10.447774897872
43.849999999999,2.1233945787734,-2.1401462976613,1.281002201713,1.0546313118145,5,4.9999999070809,3.0530044425999,6.6613872294539,796.80048583576,9.7131506184519,10.445977403911
43.874999999999,2.1246060881926,-2.1412047488151,1.280144048389,1.0294406709986,5,4.9999999080164,3.054613191778,6.6632105508862,797.17826898049,9.7115453837273,10.444169028298
43.899999999999,2.1258176487797,-2.1422610950385,1.2792880385638,1.0353674828678,5,4.9999999089425,3.0562205953987,6.6650316766975,797.55586010902,9.7099416005685,10.442362795175
43.924999999999,2.1270215552068,-2.1433182982098,1.2784352657609,0.992525092631,5,4.9999999098592,3.0578228030103,6.6668466947922,797.96051349392,9.7083426321003,10.440562234019
43.949999999999,2.1282268972035,-2.1443770788859,1.2775818440902,1.1196304426335,5,4.9999999107667,3.0594271302366,6.6686638888922,798.3243524562,9.7067415342545,10.438759458119
43.974999999999,2.1294180923946,-2.1454472154732,1.2767176986649,1.0962183274508,5,4.9999999116651,3.0610284229327,6.6704834728048,798.73144149853,9.705142431978,10.436954597066
43.999999999999,2.1306105353534,-2.1465192381982,1.2758456755748,1.0676141544736,5,4.9999999125545,3.0626319044365,6.6723087336635,799.0827556163,9.7035411149428,10.435144783275
44.024999999999,2.1317926359819,-2.1475941516899,1.2749779487184,1.2441436183033,5,4.9999999134349,3.0642296531372,6.6741269060448,799.47413507668,9.7019450784421,10.433341464789
44.049999999999,2.1329791614298,-2.1486489845992,1.2741180709699,1.2673628959119,5,4.9999999143064,3.0658172661583,6.675932426703,799.85959707669,9.7003600929858,10.43155131425
44.074999999999,2.1341688482729,-2.1497144337366,1.2732498730961,1.2226344211382,5,4.9999999151692,3.0674143061231,6.6777502012207,800.24640331959,9.6987653721174,10.429749055158
44.099999999999,2.1353728459543,-2.1507891209967,1.2723733880716,0.94690307312064,5,4.9999999160232,3.0690281720171,6.6795867167044,800.6359015812,9.6971539963599,10.427928265335
44.124999999999,2.1365939476995,-2.1519372075198,1.2714682733495,1.2762485157667,5,4.9999999168687,3.0707042364958,6.6814915591643,800.99311550471,9.6954786704168,10.42603748287
44.149999999999,2.1378216728599,-2.1530486773719,1.2705803067347,1.2743363677264,5,4.9999999177057,3.0723603386368,6.6833706970013,801.35898735418,9.6938245191416,10.424172702072
44.174999999999,2.139027108135,-2.1541391217759,1.2697046235811,1.5352211113877,5,4.9999999185342,3.0739858057084,6.6852170350489,801.7477246177,9.6922009980657,10.422340926825
44.199999999999,2.1402464055611,-2.1552494886541,1.2688180508871,1.0805542974793,5,4.9999999193544,3.0756349269342,6.6870893630008,802.12593263623,9.6905535930094,10.420482941281
44.224999999999,2.1414425268094,-2.15634252648,1.2679477677259,1.4761195415894,5,4.9999999201663,3.0772552471895,6.6889286102681,802.51485105083,9.688934834538,10.418657589527
44.249999999999,2.1426514663855,-2.1574127267808,1.2670721620022,1.2947459393611,5,4.9999999209701,3.078869825643,6.6907653326113,802.87892104469,9.6873231340286,10.416836849059
44.274999999999,2.1438663113343,-2.1585210195688,1.2661868329527,1.1522121077069,5,4.9999999217657,3.0805142590267,6.6926329430308,803.26844675329,9.6856803476338,10.414983629696
44.299999999999,2.1450515738635,-2.1596333074814,1.2653175790166,1.734549178936,5,4.9999999225534,3.0821396917886,6.6944762102575,803.69680770538,9.6840556799881,10.413153174333
44.324999999999,2.146240534868,-2.1607059121421,1.2644397342599,1.1152546730298,5,4.9999999233331,3.0837409753452,6.6963023319526,804.04896613266,9.6824564252102,10.411343199146
44.349999999999,2.1474394531612,-2.1618095915878,1.2635638005977,1.2007462251028,5,4.999999924105,3.0853705499499,6.6981524057817,804.39965813891,9.6808281727233,10.409506963583
44.374999999999,2.1486630712644,-2.1629233238306,1.2626866991306,1.3309531418136,5,4.9999999248691,3.0870251317011,6.7000250904201,804.75010595767,9.6791753360953,10.407647439884
44.399999999999,2.1498809460276,-2.1640429798065,1.2618015313375,1.3070771931968,5,4.9999999256255,3.0886794740004,6.7019013554508,805.09975371651,9.6775223810399,10.405784845633
44.424999999999,2.1510666409273,-2.1651268568829,1.2609385571091,1.5163789521493,5,4.9999999263743,3.0902859178718,6.7037249196615,805.51035918431,9.6759174779202,10.403975101438
44.449999999999,2.152266554873,-2.1662433577678,1.260055461121,1.6769820964694,5,4.9999999271156,3.0919249321192,6.7055867000533,805.89079781379,9.6742794657154,10.402127174715
44.474999999999,2.1534760808132,-2.1673410615628,1.2591762570232,1.7539793845503,5,4.9999999278494,3.093558304894,6.7074416681035,806.2644556342,9.6726479283081,10.400286704556
44.499999999999,2.1546743831734,-2.1684260629318,1.2583054595263,1.139478922157,5,4.9999999285758,3.0951748309585,6.7092778175521,806.61397206015,9.6710333087014,10.398465062261
44.524999999999,2.1558734817869,-2.1695166687038,1.2574311938847,1.2652282323733,5,4.9999999292949,3.0967957129513,6.7111194469521,806.9622036589,9.669414167178,10.396637944567
44.549999999999,2.1570322974322,-2.1705474152779,1.256584284631,1.6973011724376,5,4.9999999300067,3.0983466133995,6.7128865200926,807.30964346152,9.6678658237148,10.394886728843
44.574999999999,2.1582380216855,-2.1716537970674,1.2557137468017,1.1410908847083,5,4.9999999307114,3.0999830276621,6.7147400809229,807.65319315943,9.666230849458,10.393046264371
44.599999999999,2.1594323802365,-2.1727735718375,1.2548372218609,1.621548938171,5,4.999999931409,3.1016202166811,6.7165971441571,808.00788984252,9.6645944592599,10.391202287683
44.624999999999,2.1606397154951,-2.1738788011777,1.2539594549067,1.5605281644139,5,4.9999999320996,3.1032570399218,6.7184544715776,808.39391721551,9.6629591597126,10.389358873544
44.649999999999,2.1618357836296,-2.1749901818252,1.2530814030832,1.6124373845089,5,4.9999999327832,3.1048897511411,6.7203083110881,808.76517460036,9.6613274899587,10.387518735275
44.674999999999,2.1630362017444,-2.1760889576718,1.2522064269886,1.5617175218234,5,4.9999999334599,3.1065171146567,6.7221559839968,809.16825922285,9.659701646131,10.385685149985
44.699999999999,2.1642147928626,-2.1771863521837,1.2513440065917,1.592586216057,5,4.9999999341298,3.1081275033485,6.7239827627682,809.59373179307,9.6580922272955,10.383871457806
44.724999999999,2.1654127207808,-2.1782770095619,1.2504700494654,1.5550894285998,5,4.999999934793,3.1097475542161,6.7258235142105,810.02209311967,9.6564738820926,10.382045230245
44.749999999999,2.1665933026483,-2.1793708516762,1.249598562021,1.6016169437032,5,4.9999999354495,3.1113569839651,6.7276537476608,810.44719888886,9.6548655645936,10.380229241258
44.774999999999,2.1678187918543,-2.1804836383148,1.2487034361762,0.96882414126274,5,4.9999999360994,3.1130123141126,6.7295355999864,810.82755243456,9.6532120803508,10.378362565225
44.799999999999,2.16903083431,-2.1815906952275,1.2478247432102,1.4917413095557,5,4.9999999367427,3.1146538444724,6.7313975138541,811.21189196076,9.6515721615712,10.376514546204
44.824999999999,2.1702259851096,-2.1827264014675,1.2469399553302,1.3842546560064,5,4.9999999373796,3.1163025452025,6.733268626809,811.58647894583,9.6499239588569,10.374656588367
44.849999999999,2.171406391346,-2.1838328778568,1.2460696137237,1.6672687510879,5,4.9999999380101,3.1179204601826,6.7351057831428,811.94825886054,9.6483068415726,10.372832853584
44.874999999999,2.1726192279661,-2.184922155019,1.2451897345668,1.3978512817325,5,4.9999999386342,3.1195506434248,6.7369582638401,812.32111515265,9.6466789227946,10.37099557441
44.899999999999,2.1737982567526,-2.1860350374728,1.2443049759896,1.5228291765868,5,4.999999939252,3.1211719442098,6.738805265187,812.69227396545,9.6450582554002,10.369163253523
44.924999999999,2.1749911188947,-2.1871656059357,1.2434407850821,1.8309750911997,5,4.9999999398636,3.1228154481311,6.7406621257267,813.03596003729,9.6434153031025,10.367317759514
44.949999999999,2.1761786162154,-2.1882500587022,1.2425690463911,1.6984685839212,5,4.9999999404691,3.1244236109616,6.7424913649223,813.43469272119,9.6418087276489,10.365503335697
44.974999999999,2.1774128756934,-2.1893560366034,1.2416723101759,1.2108327463153,5,4.9999999410684,3.1260808929464,6.7443757001941,813.8428492023,9.6401538506865,10.363634810968
44.999999999999,2.1785990429242,-2.1904843415113,1.2408014411451,1.7017345933521,5,4.9999999416617,3.1277179832507,6.7462300134183,814.25550795909,9.6385172366084,10.361792774049
45.024999999999,2.1797789483481,-2.1915587511851,1.2399239578053,1.3603089406035,5,4.9999999422491,3.1293137692503,6.7480511421804,814.65210742313,9.6369231309563,10.35998785523
45.049999999999,2.1809555047703,-2.1926815362112,1.2390568079569,1.9108183246628,5,4.9999999428305,3.1309400937042,6.7498942048731,815.07257354359,9.6352972188388,10.35815714733
45.074999999999,2.1821769637695,-2.1938082648744,1.238174032363,1.3419555966185,5,4.9999999434061,3.1326018637145,6.7517758988749,815.44843017125,9.6336367426143,10.356288556779
45.099999999999,2.1833702523803,-2.1949303928278,1.2372978215839,2.0423947488448,5,4.9999999439759,3.1342398835107,6.7536335463608,815.82050745649,9.631999453623,10.354443949146
45.124999999999,2.1845519811473,-2.1960299380307,1.2364230858415,1.3794806492358,5,4.9999999445399,3.1358540342261,6.7554694780456,816.16413312245,9.6303863007595,10.352622339527
45.149999999999,2.1857475389762,-2.1971378519853,1.2355516490432,1.6283147277437,5,4.9999999450983,3.137484013322,6.7573177837417,816.51519135344,9.6287574487812,10.350787341168
45.174999999999,2.1869234156594,-2.1982358199623,1.2346854733576,1.5490593637825,5,4.999999945651,3.1390928077939,6.7591449345212,816.85673181433,9.6271495524342,10.348973771618
45.199999999999,2.1880903976676,-2.1993220203245,1.2338297074286,1.6440692581991,5,4.9999999461982,3.1406870719608,6.7609543580646,817.20024072377,9.6255562651512,10.347177616156
45.224999999999,2.1892724063263,-2.2004057690296,1.2329546643921,1.5112974139039,5,4.9999999467399,3.1422907102384,6.7627812012546,817.53517525933,9.6239540762139,10.345366111649
45.249999999999,2.1904538760554,-2.2015170636467,1.2320926054059,1.8482217324291,5,4.9999999472761,3.1439126986621,6.7646180442371,817.86695122861,9.62233280707,10.343541625625
45.274999999998,2.1916008322554,-2.2025098059787,1.2312568429629,1.861402704789,5,4.9999999478069,3.1454296185224,6.7663499636127,818.19888145304,9.6208197241795,10.341827434239
45.299999999998,2.1927650996989,-2.2035823434013,1.2304233962938,1.2277304364386,5,4.9999999483324,3.1470126078473,6.7681389545443,818.53033827185,9.6192380130031,10.34005025293
45.324999999998,2.1939781713927,-2.2046844974478,1.2295280379574,1.1489003300786,5,4.9999999488526,3.1486515973154,6.7700065607733,818.86511814414,9.6176008396432,10.338198769344
45.349999999998,2.1951531194477,-2.2058049850642,1.2286511897773,1.6993870482852,5,4.9999999493675,3.1502751722076,6.7718517865486,819.19637405936,9.6159776917764,10.336367128234
45.374999999998,2.1963196584148,-2.2068950061274,1.2278136255485,1.5354092461236,5,4.9999999498773,3.1518717181918,6.7736546933452,819.52449015092,9.6143820211312,10.334575462301
45.399999999998,2.1975086033666,-2.2079606798866,1.2269506812061,1.6177795644383,5,4.9999999503819,3.1534683554893,6.7754696103123,819.84970214556,9.6127876980217,10.332775745491
45.424999999998,2.1987208125518,-2.2090596216203,1.2260724337439,1.4375330150453,5,4.9999999508815,3.1551045474225,6.7773266086019,820.17144613808,9.6111534067626,10.330933237705
45.449999999998,2.1999087050541,-2.2101442464319,1.225208577622,1.5107961174785,5,4.999999951376,3.156713118086,6.7791524637381,820.49275269941,9.6095464395496,10.32912143248
45.474999999998,2.201085414496,-2.2112361827074,1.2243462852721,1.6191563020361,5,4.9999999518655,3.1583184124329,6.7809746926033,820.81393102343,9.6079422202655,10.327312761642
45.499999999998,2.2022737340615,-2.2123247646081,1.2234773317695,1.6501877804518,5,4.9999999523501,3.1599299688062,6.7828055924187,821.14171994811,9.6063321558117,10.325496214727
45.524999999998,2.2034641240902,-2.2134125932047,1.2226083761028,1.3756694834675,5,4.9999999528299,3.1615425442234,6.784637390286,821.48906984981,9.6047211590239,10.323678804219
45.549999999998,2.2046824156556,-2.2145107061961,1.2217235658291,1.295466736288,5,4.9999999533048,3.1631826925338,6.7865009824357,821.872451661,9.6030831522187,10.321830456297
45.574999999998,2.205888333896,-2.2155983917447,1.2208492356932,1.3434422267826,5,4.9999999537749,3.1648066687205,6.7883453663008,822.29128598495,9.601461269702,10.320000956938
45.599999999998,2.2070917950423,-2.216686190324,1.2199774212615,1.3667053433992,5,4.9999999542403,3.1664288969658,6.7901870190594,822.74162385488,9.5998410466801,10.318173928421
45.624999999998,2.2083042171434,-2.2177949534243,1.2190934566438,1.5639339559407,5,4.999999954701,3.1680718586099,6.792052686878,823.17215145161,9.5981996697645,10.316322769191
45.649999999998,2.2094949681746,-2.2188920214359,1.21821402381,1.4981086797422,5,4.9999999551571,3.1696909466991,6.7938951983025,823.6047197768,9.5965818917045,10.314495232136
45.674999999998,2.2106777444194,-2.2199992276771,1.2173418623839,1.0654443579062,5,4.9999999556085,3.1713110903055,6.795735179514,824.04424884352,9.5949625930913,10.312668950471
45.699999999998,2.2118973617132,-2.2211626312305,1.2164335394827,1.1482518929888,5,4.9999999560555,3.1729966092676,6.7976498660848,824.49139161141,9.59327751606,10.310768218679
45.724999999998,2.2130976733264,-2.2223087554445,1.2155546549197,1.8274880804396,5,4.9999999564979,3.174656232322,6.7995278401948,824.9365167047,9.5916183096666,10.308902351411
45.749999999998,2.214343749498,-2.223418973466,1.2146471258538,1.6134141870112,5,4.9999999569359,3.1763251510979,6.8014275504058,825.38781895432,9.5899520936842,10.307019469055
45.774999999998,2.2155278489489,-2.2245241051384,1.2137815355506,1.3546062609554,5,4.9999999573694,3.1779448447489,6.8032640291278,825.84517381107,9.5883333259873,10.305196108171
45.799999999998,2.2167507756266,-2.2256917109283,1.2128651715858,1.5699579935427,5,4.9999999577986,3.1796356590319,6.8051871973096,826.30022325134,9.5866429387637,10.303287508534
45.824999999998,2.2179532057984,-2.2268015888236,1.2119939931154,1.8455223260289,5,4.9999999582235,3.1812720169574,6.8070410093787,826.76007768879,9.5850078474618,10.301446920908
45.849999999998,2.2191748866063,-2.2279608329252,1.2110783134167,1.7714768903314,5,4.9999999586441,3.1829561638879,6.8089579914324,827.21816857766,9.5833242509489,10.299544900538
45.874999999998,2.2204174594644,-2.2290907945449,1.2101857336617,1.1376172315292,5,4.9999999590605,3.1846356877996,6.8108599638794,827.67100584899,9.5816465647847,10.297656848076
45.899999999998,2.2216211605517,-2.2301923810325,1.209286773882,1.451404722968,5,4.9999999594727,3.186267370703,6.8127228964553,828.12835760476,9.580016434689,10.295810712625
45.924999999998,2.222827749242,-2.2313058919501,1.2084285944764,1.4392156649637,5,4.9999999598807,3.1879092485398,6.8145755255935,828.58758361844,9.5783758354323,10.293969780422
45.949999999998,2.2240726730277,-2.2324486943252,1.2075155708772,1.578649889532,5,4.9999999602846,3.1895991693962,6.8164963182927,829.04193465856,9.5766874134719,10.292064263248
45.974999999998,2.2252869204906,-2.233605422295,1.2066065517494,1.648568639036,5,4.9999999606845,3.1912761954834,6.8184038644316,829.50329782574,9.575010855914,10.290171257895
45.999999999998,2.2265056695053,-2.234730206338,1.2057234090587,1.9163086283455,5,4.9999999610803,3.1929346551014,6.820282808102,829.95664805787,9.5733536875161,10.288305777306
46.024999999998,2.2276721720135,-2.2358297952726,1.2048519239873,0.83724000718568,5,4.9999999614721,3.1945377221389,6.8221074478353,830.31969708155,9.571751290555,10.28649553652
46.049999999998,2.2289031624208,-2.2369711907603,1.2039581211073,1.1091463959724,5,4.99999996186,3.1962164481565,6.8240092902658,830.65844370731,9.5700737227297,10.284607178846
46.074999999998,2.2300908851321,-2.2380403432655,1.2030792678587,1.4499317138233,5,4.999999962244,3.1978145008209,6.8258330652933,830.99559996772,9.5684778216222,10.282800293974
46.099999999998,2.2312832686637,-2.2391547249516,1.2022065776121,0.78712915413258,5,4.9999999626241,3.1994465624094,6.827683798471,831.34664225973,9.5668466603273,10.280962860199
46.124999999998,2.2324785602398,-2.240337423886,1.2012911016265,1.420991472607,5,4.9999999630004,3.2011280792013,6.8295983728367,831.70301094206,9.5651651622191,10.279062923238
46.149999999998,2.2336717002882,-2.2414467845994,1.2004082846848,1.248339263224,5,4.9999999633729,3.2027572705244,6.8314513785355,832.05591593337,9.5635370143521,10.277224595169
46.174999999998,2.2348855717165,-2.2425774148703,1.199501581057,0.97423995448553,5,4.9999999637417,3.2044161281596,6.8333418599881,832.39677889315,9.5618791679142,10.275349890026
46.199999999998,2.2360596531756,-2.2437314505555,1.1986065460036,1.1851271238063,5,4.9999999641068,3.206062416602,6.8352157205438,832.74829735546,9.5602329327068,10.273490267372
46.224999999998,2.2372367712202,-2.2448583987657,1.1977214364765,1.1810957665137,5,4.9999999644681,3.2076920236587,6.8370701848962,833.1020744699,9.5586036920286,10.271650098259
46.249999999998,2.2384181647445,-2.245981691992,1.1968055051406,1.1206965844912,5,4.9999999648259,3.2093222010514,6.8389400534861,833.46442713849,9.5569740095788,10.269798240313
46.274999999998,2.2395545826737,-2.2471373203981,1.1959502146785,1.3166380243181,5,4.99999996518,3.2109429794825,6.8407726594168,833.82018201532,9.5553532959388,10.267976932192
46.299999999998,2.2406927687864,-2.2481853415818,1.1951110024739,1.4484732360726,5,4.9999999655305,3.2124901756655,6.8425327995116,834.15738760572,9.5538073786092,10.266231118935
46.324999999998,2.2418328350244,-2.249230011356,1.1942554391755,1.1904888747147,5,4.9999999658776,3.2140364893349,6.8443000217731,834.49061905251,9.5522625000222,10.26448029228
46.349999999998,2.2429728019551,-2.2502767948094,1.1933950828219,1.1069716513542,5,4.9999999662211,3.2155841586152,6.84607075418,834.819949993,9.55071619837,10.262726392302
46.374999999998,2.2441238394972,-2.2513232733664,1.1925287411958,1.0999840026118,5,4.9999999665612,3.2171397950746,6.8478513587421,835.15934067413,9.5491622803603,10.260963219304
46.399999999998,2.2452869021044,-2.2524083046746,1.191654465921,0.67032938781841,5,4.9999999668979,3.2187303948256,6.8496663972607,835.51821079171,9.5475726088733,10.259163875006
46.424999999998,2.2464494891689,-2.2534897299732,1.1907740350751,0.8975265911758,5,4.9999999672311,3.220318188691,6.8514819544296,835.8811146668,9.5459858226337,10.257364968658
46.449999999998,2.2476210889795,-2.2545732872409,1.1899002374449,1.1343192923203,5,4.9999999675611,3.2219140403347,6.8533013677326,836.24552356857,9.5443911537194,10.255561158887
46.474999999998,2.2487851302393,-2.255657187177,1.1890257140291,0.99069191767483,5,4.9999999678876,3.2235045846207,6.8551164771868,836.61182586681,9.5428015904427,10.253761840345
46.499999999998,2.2499265018842,-2.2566937741033,1.1881769183743,1.2003224929931,5,4.9999999682109,3.2250464152495,6.8568765043887,836.97627356421,9.5412615039198,10.252017986321
46.524999999998,2.2510725672014,-2.2577269447518,1.1873237825539,0.96390974518472,5,4.999999968531,3.2265894341411,6.8586396685977,837.34594926236,9.539720511876,10.250271706766
46.549999999998,2.2522388957737,-2.258790022134,1.1864490587169,0.81790228505375,5,4.9999999688478,3.2281675519629,6.8604439960764,837.73300092139,9.5381440482616,10.248484522223
46.574999999998,2.2534203093038,-2.2598646659087,1.1855668868583,0.97387001698359,5,4.9999999691615,3.2297646108759,6.8622685026836,838.1683338483,9.536548738657,10.246677078854
46.599999999998,2.2545998572054,-2.2609398681661,1.1846885341027,0.87641031179301,5,4.9999999694719,3.2313606663719,6.8640902866196,838.57568655426,9.5349543547353,10.24487189944
46.624999999998,2.2557688265415,-2.2619980315923,1.1838077731956,0.86656015324049,5,4.9999999697793,3.2329374349489,6.8658963704828,838.98087063261,9.5333794977078,10.243084018554
46.649999999998,2.2569766635036,-2.2631113299209,1.1829100556692,0.98843999606453,5,4.9999999700836,3.2345800862495,6.8677683213509,839.39364809239,9.5317381767218,10.24122808249
46.674999999998,2.258170754025,-2.2642177960733,1.1820147484402,0.76270939767881,5,4.9999999703848,3.2362080050189,6.8696261950157,839.81896391993,9.5301114096646,10.239386579076
46.699999999998,2.2593805536423,-2.265301938866,1.1811158491821,0.98933170077919,5,4.9999999706829,3.2378324990044,6.8714828049868,840.24385261492,9.5284893081358,10.237548110057
46.724999999998,2.2605614236174,-2.266398613521,1.1802321330917,1.3070618665906,5,4.9999999709781,3.2394440663151,6.8733207667181,840.66955536595,9.5268788150593,10.23572600327
46.749999999998,2.2617322994333,-2.2674675887808,1.179358364234,0.94410446491144,5,4.9999999712703,3.2410295183902,6.8751310513087,841.09917888395,9.5252949703732,10.23393234208
46.774999999998,2.2629247861701,-2.2685171975065,1.1784713734522,0.62432571012122,5,4.9999999715595,3.2426181351138,6.8769505170933,841.5314324112,9.5237095271259,10.232132364178
46.799999999998,2.2641102183755,-2.2696229420549,1.1775844286512,1.0779191177166,5,4.9999999718459,3.2442392213299,6.8787983784517,841.95261015686,9.522089397412,10.230300123756
46.824999999998,2.2653137945215,-2.2707007146383,1.1766934556827,0.7314285560196,5,4.9999999721293,3.2458548293519,6.8806433776689,842.37221724918,9.5204762043834,10.22847287259
46.849999999998,2.2665351085239,-2.2718056031095,1.1757843862244,0.78722802311501,5,4.9999999724099,3.2475017617811,6.8825245458449,842.80156637603,9.5188312983837,10.226609493674
46.874999999998,2.2677051847371,-2.2728897269163,1.1749086532823,1.0586520289243,5,4.9999999726877,3.2490968802008,6.8843442466332,843.23430586581,9.5172373147802,10.224805704678
46.899999999998,2.2689041512888,-2.2739561571929,1.1740199426072,0.9322376038329,5,4.9999999729627,3.2507014967678,6.886178531505,843.67733476278,9.5156354017953,10.222989796748
46.924999999998,2.2700919250862,-2.2750530753552,1.1731255148945,0.86355247044309,5,4.9999999732349,3.2523182948531,6.8880262427871,844.10297324185,9.514019856826,10.221159116154
46.949999999998,2.2712981849796,-2.2761731520473,1.1722216946496,0.81002390034856,5,4.9999999735043,3.2539643916688,6.8899041474071,844.5219423274,9.5123748662838,10.219297599975
46.974999999998,2.2724946494976,-2.2772585773006,1.1713350110094,1.0698331491207,5,4.9999999737711,3.2555798406229,6.8917469396365,844.93097267227,9.5107612985248,10.217471601283
46.999999999998,2.2736768558847,-2.2783331018587,1.1704479079791,0.8769465804387,5,4.9999999740352,3.2571774059479,6.8935742783446,845.32871109065,9.5091655222017,10.215662015783
47.024999999998,2.2748883534497,-2.279424657571,1.1695484721048,0.83659020327878,5,4.9999999742966,3.2588081175174,6.895436590111,845.72431266424,9.5075369887175,10.213817437601
47.049999999998,2.2760703164812,-2.2804945079056,1.1686711623595,0.94185464692242,5,4.9999999745554,3.2604023622747,6.8972562847929,846.06075841994,9.5059446898871,10.212014678928
47.074999999998,2.2772844678909,-2.2815963884448,1.1677472411471,0.81604328998714,5,4.9999999748115,3.2620419672175,6.8991382876556,846.4552170644,9.5043069822801,10.2101526263
47.099999999998,2.2784623195358,-2.2826829477321,1.1668878782419,1.0216778339234,5,4.9999999750651,3.2636444482883,6.9009566523564,846.86573930974,9.502705781544,10.208348149076
47.124999999998,2.2796563547625,-2.2837574195024,1.16599721618,1.0719177720383,5,4.9999999753162,3.2652507514066,6.9027933582708,847.28873855763,9.501101678762,10.206529540875
47.149999999998,2.2808604340912,-2.2848418825131,1.1651024956198,0.86338630554616,5,4.9999999755647,3.266871204137,6.9046444098455,847.72182734854,9.4994834095866,10.204696268529
47.174999999998,2.2820492848177,-2.2858974376941,1.1642260771624,0.78691214747822,5,4.9999999758107,3.268461035194,6.9064598084526,848.14662654734,9.4978963475488,10.202898737891
47.199999999998,2.2832681118257,-2.2870300273059,1.1632953034468,0.34123627414383,5,4.9999999760542,3.2701248556484,6.9083662811678,848.53820694315,9.4962336277026,10.201010928964
47.224999999998,2.2844484986404,-2.2881305560077,1.1624248613193,1.3881361853143,5,4.9999999762953,3.271738694691,6.9101998967091,848.93211598826,9.4946207612843,10.199191570704
47.249999999998,2.2856355788665,-2.2891908398085,1.1615424402931,1.1903089533635,5,4.999999976534,3.273330348297,6.9120197945273,849.33022367725,9.493031610834,10.197389920335
47.274999999998,2.2868219030714,-2.2902191300446,1.1606606741271,0.41221504727592,5,4.9999999767702,3.274900299229,6.9138204215015,849.72643299772,9.49146561306,10.195610068477
47.299999999998,2.2880201919385,-2.2912989052831,1.1597858826103,0.95632109985452,5,4.9999999770041,3.2765133121784,6.9156553795317,850.09828470595,9.4898547576915,10.193791009605
47.324999999998,2.2892226456142,-2.2924104121222,1.1588844223084,0.71416483141597,5,4.9999999772356,3.2781507926501,6.9175245967399,850.43512183281,9.4882185250733,10.191938592909
47.349999999998,2.2904098312296,-2.293499463053,1.1579927358501,0.97869944816686,5,4.9999999774648,3.2797618300846,6.9193659403676,850.7750013949,9.4866089665871,10.190114583139
47.374999999998,2.2915761920788,-2.294548075472,1.1571307799488,0.95041089567561,5,4.9999999776917,3.2813302642196,6.9211556201187,851.12021426774,9.4850427251985,10.18834176054
47.399999999998,2.2927307873001,-2.2955349944856,1.1562809267617,0.70373616749837,5,4.9999999779163,3.2828491780633,6.9228961228347,851.45271768701,9.4835284204667,10.186621713461
47.424999999998,2.2938781937101,-2.2965353188923,1.1554290225456,0.94874944339841,5,4.9999999781386,3.2843714101048,6.9246405227836,851.79582786909,9.4820097242966,10.184896834855
47.449999999998,2.2950377477931,-2.2975281151261,1.1545700293989,0.87284672232522,5,4.9999999783587,3.2858979126542,6.9263921161323,852.14422201794,9.4804877601864,10.183166331736
47.474999999998,2.2962093621665,-2.2985481539035,1.1536960005595,0.85232559423556,5,4.9999999785766,3.2874513473478,6.9281745542825,852.48530279578,9.4789380081027,10.181404475603
47.499999999998,2.2973920472317,-2.2995788329994,1.1528081380824,0.86424785995052,5,4.9999999787923,3.2890201186384,6.929977147731,852.84603506958,9.4773729051727,10.179623284612
47.524999999998,2.2985680628749,-2.3005952701039,1.1519289072724,0.89616458089946,5,4.9999999790058,3.2905745179374,6.9317629819892,853.25120894346,9.4758225892465,10.177859017284
47.549999999998,2.2997494102516,-2.3016085139202,1.1510477118419,0.91438014398852,5,4.9999999792172,3.2921308741483,6.9335514869632,853.64695007309,9.4742707617109,10.176092631914
47.574999999998,2.3009531719717,-2.302638630509,1.1501513826814,0.69082617270446,5,4.9999999794264,3.2937152296847,6.9353718134256,854.02622256559,9.4726911549816,10.174294866807
47.599999999998,2.3021651853716,-2.3036789672666,1.1492511180023,0.84895537669189,5,4.9999999796336,3.295312501437,6.9372053219593,854.42424628431,9.4710984884265,10.172483512857
47.624999999998,2.3033831146632,-2.3047576544614,1.1483362379151,0.96899684689855,5,4.9999999798386,3.2969394365382,6.9390718490545,854.82171556575,9.469474524728,10.170637693217
47.649999999998,2.304571514641,-2.3058160457365,1.147440843168,0.95578744269293,5,4.9999999800416,3.2985308153738,6.9408978332691,855.23051456919,9.4678857944145,10.168831793988
47.674999999998,2.3057686950984,-2.3068570912773,1.1465466884165,0.96977752338858,5,4.9999999802425,3.3001173262832,6.9427189674171,855.63269202752,9.4663031200205,10.167031992015
47.699999999998,2.3069642925309,-2.3078788258058,1.1456552682564,0.95907760704855,5,4.9999999804414,3.3016900292645,6.9445267352588,856.00866929873,9.4647352203617,10.165246950584
47.724999999998,2.308174439652,-2.3089265030616,1.1447486500991,0.69161305098638,5,4.9999999806384,3.3032906802842,6.9463663113431,856.39369309199,9.4631386902844,10.163429714206
47.749999999998,2.3093979845779,-2.3099948317046,1.1438397305138,0.84595065804005,5,4.9999999808333,3.3049149919154,6.9482276342833,856.8094800564,9.4615180854126,10.161589228938
47.774999999998,2.3105912208886,-2.3110276410616,1.1429529548231,1.0724663726436,5,4.9999999810263,3.3064931262763,6.9500378495154,857.20136206734,9.4599440290466,10.159800168536
47.799999999998,2.3118041527409,-2.3120751808652,1.1420480032854,0.80960530031278,5,4.9999999812173,3.3080957938396,6.9518783604783,857.58909047472,9.4583456311182,10.157981820577
47.824999999998,2.3129966533489,-2.3131169341139,1.1411569047286,1.1454218122812,5,4.9999999814064,3.3096792418278,6.9536953261271,858.01002187885,9.4567657735062,10.156185794647
47.849999999998,2.3142052548939,-2.3141526518711,1.1402570343707,0.85219532234718,5,4.9999999815936,3.3112709167214,6.9555237668912,858.41161497153,9.4551787997992,10.15437995027
47.874999999998,2.3154157598368,-2.3151777353217,1.1393602842545,0.72078092482699,5,4.9999999817789,3.3128571444155,6.9573459301848,858.83574476253,9.4535980015113,10.152581000501
47.899999999998,2.3166311586087,-2.3162367952086,1.1384508503585,0.83630850925033,5,4.9999999819624,3.3144692244442,6.9591968413199,859.24878359397,9.4519897189853,10.15075184046
47.924999999998,2.3178474482282,-2.3173083438266,1.1375399486023,0.9181534704446,5,4.999999982144,3.3160902046659,6.9610562280168,859.66918234079,9.4503719766282,10.148913343225
47.949999999998,2.3190341663623,-2.3183472670866,1.1366523708804,1.1373176206787,5,4.9999999823237,3.3176674368841,6.9628660500198,860.08260693062,9.4487982153014,10.147124309829
47.974999999998,2.320241768848,-2.3193915076069,1.1357514527243,0.75677453641301,5,4.9999999825017,3.3192639148914,6.9646991881902,860.51609466396,9.447205928489,10.145313168924
47.999999999998,2.3214454193752,-2.3204410611469,1.1348510185361,1.0419506696563,5,4.9999999826779,3.3208608924194,6.966532523662,860.92101855201,9.445612680181,10.143501315673
48.024999999998,2.3226565898948,-2.3215042623185,1.1339422024157,0.78323318283162,5,4.9999999828523,3.3224725160599,6.9683827337851,861.35415258647,9.4440044649876,10.14167247657
48.049999999998,2.3238755784297,-2.3225543543277,1.1330245281786,1.1256327419358,5,4.9999999830249,3.3240814369019,6.9702349627885,861.7540498093,9.4423999938149,10.139843902167
48.074999999998,2.3250909793309,-2.323603866886,1.1321041357761,1.0987707200995,5,4.9999999831958,3.3256872625341,6.9720858539619,862.17861830078,9.4407984704933,10.138017089456
48.099999999998,2.3263065996837,-2.3246444593426,1.1311831347087,0.86545419998613,5,4.999999983365,3.3272874392439,6.9739321498398,862.62643139713,9.4392031017248,10.136195793663
48.124999999998,2.3275478042299,-2.3257435422897,1.1302387784125,0.98367520969546,5,4.9999999835325,3.3289453210401,6.9758401280535,863.07366396338,9.4375482816315,10.134310631155
48.149999999998,2.3287777721963,-2.326787309015,1.1292988388264,1.1626884848971,5,4.9999999836983,3.3305584763877,6.9777071461577,863.50534815256,9.4359405271475,10.132470915664
48.174999999998,2.3299950738075,-2.3278366948116,1.1283927640043,1.0086854095909,5,4.9999999838624,3.3321656583197,6.9795521408313,863.94982343664,9.4343377555891,10.130648187043
48.199999999998,2.3312478179553,-2.328909502054,1.1274451312065,1.0972352746054,5,4.9999999840249,3.3338149864493,6.9814543214744,864.41254943463,9.4326933638973,10.128771565131
48.224999999998,2.332460770479,-2.329960837524,1.1265324031387,1.3266318209931,5,4.9999999841857,3.3354201531371,6.9833008405295,864.87063268318,9.4310922912547,10.126948008932
48.249999999998,2.333690412727,-2.3310049907642,1.1255852904539,0.66370195230575,5,4.9999999843449,3.3370333103045,6.9851714817257,865.32929725095,9.4294845005748,10.125105678294
48.274999999998,2.3349094050712,-2.3320698708845,1.1246749169147,1.3251908534782,5,4.9999999845025,3.3386519245284,6.987028547149,865.79888203867,9.4278695814789,10.123270099239
48.299999999998,2.3361477522466,-2.3331344139582,1.1237362780544,0.91280834265047,5,4.9999999846586,3.3402849449455,6.9889121072337,866.26297497432,9.4262412191836,10.121411712428
48.324999999998,2.3373594397571,-2.3341947663921,1.1228069202966,1.0929620167218,5,4.999999984813,3.3418950796937,6.9907712037211,866.70494293355,9.4246346691735,10.119577027824
48.349999999998,2.338575825405,-2.3352964781553,1.1218864545942,1.1332139076167,5,4.9999999849659,3.3435362265041,6.9926528572393,867.16675191563,9.4229955464262,10.117715252933
48.374999999998,2.3398016051383,-2.3363380814864,1.1209642095954,1.2240838128366,5,4.9999999851173,3.3451447890469,6.9945070442018,867.64196122586,9.421392297488,10.115886247763
48.399999999998,2.3410282514327,-2.33742975493,1.1200186291474,1.1307506911644,5,4.9999999852671,3.3467868645747,6.9964019147574,868.12564721446,9.4197530232331,10.11401520102
48.424999999998,2.3422470705817,-2.3384825133461,1.1191046039346,1.3782641253617,5,4.9999999854154,3.3483973987719,6.9982537415555,868.55355875984,9.4181468078479,10.112186440897
48.449999999998,2.3434728537973,-2.3395316235303,1.118174489825,1.104888831271,5,4.9999999855623,3.3500108350645,7.0001160758239,868.99589894564,9.4165382515066,10.11034965018
48.474999999998,2.3447171873233,-2.340611848252,1.1172209306923,0.98226535371152,5,4.9999999857076,3.351658637047,7.002019894721,869.4585823197,9.4148945757428,10.10847162276
48.499999999998,2.3459113560933,-2.341647308246,1.1163299976541,1.2449971938896,5,4.9999999858515,3.3532392117686,7.0038342756427,869.93547437132,9.4133180254762,10.106678920402
48.524999999998,2.3471200339895,-2.3427018620835,1.1154074993043,1.2257111816084,5,4.999999985994,3.3548432647767,7.0056846781012,870.42397077344,9.4117177145965,10.104852604508
48.549999999998,2.3483449253652,-2.3437439760189,1.1144729395956,0.9667340231636,5,4.999999986135,3.3564514812847,7.0075447216989,870.85958897536,9.4101147436522,10.103019428755
48.574999999998,2.349554182386,-2.3448094297319,1.1135513539596,1.2669438665023,5,4.9999999862746,3.358063155618,7.0094012814856,871.3093366826,9.4085063160741,10.101185900364
48.599999999998,2.3507572572622,-2.3458720204919,1.1126480040319,1.4604997529216,5,4.9999999864128,3.3596682999359,7.0112431635049,871.76326262284,9.4069042845945,10.099364973
48.624999999998,2.3519791293868,-2.3469571112306,1.111692742037,0.85988485788461,5,4.9999999865496,3.3613024337738,7.0131360234783,872.23287218931,9.4052730516404,10.097497962828
48.649999999998,2.353193031286,-2.3480184992867,1.1107917503327,1.3667496426082,5,4.999999986685,3.3629149170842,7.0149831532728,872.70816645157,9.403664220142,10.0956715738
48.674999999998,2.3544246214814,-2.349079991705,1.1098591609562,1.1025905468825,5,4.999999986819,3.3645408262341,7.0168575341062,873.17337429746,9.4020428135757,10.093821981684
48.699999999998,2.3556312026341,-2.3501330752679,1.1089405715078,1.210145812617,5,4.9999999869517,3.3661423327338,7.0187037815553,873.63879758827,9.4004450337234,10.091999498207
48.724999999998,2.3568500232292,-2.3512014435581,1.1080150744186,1.3767354555255,5,4.9999999870831,3.3677631147816,7.0205701896855,874.10108120907,9.398827791699,10.090156380608
48.749999999998,2.3580807572952,-2.3522683511954,1.1070841433441,1.1458011720626,5,4.9999999872132,3.3693919174853,7.0224462576249,874.57136285183,9.397203163768,10.088304413866
48.774999999998,2.3592967078423,-2.3533217541288,1.1061633363391,1.1145200750016,5,4.9999999873419,3.3710007038208,7.0242999239955,874.97060913168,9.395598539668,10.086474770768
48.799999999998,2.3605033099449,-2.3543758869393,1.1052460567622,1.3228390564873,5,4.9999999874693,3.3726029162337,7.0261461326615,875.38282659755,9.394000007949,10.084652093199
48.824999999998,2.3616901536195,-2.3554139004757,1.1043457428965,1.4595711579706,5,4.9999999875955,3.3741796438607,7.0279617964703,875.83841103612,9.3924268456317,10.082859225314
48.849999999998,2.3628878070553,-2.3564596792903,1.1034326204448,1.2149080838278,5,4.9999999877204,3.3757696209301,7.0297953230431,876.28723174247,9.3908405510173,10.081049473395
48.874999999998,2.3641016263564,-2.3575187842049,1.102497892894,1.0426379478266,5,4.999999987844,3.3773805400826,7.0316577881058,876.70312036214,9.3892334046778,10.079212448381
48.899999999998,2.3653012943532,-2.3586151704603,1.101557889507,1.2076925343674,5,4.9999999879664,3.3790057373394,7.033535252484,877.1160452579,9.3876098858416,10.077358261325
48.924999999998,2.3664874381708,-2.3596619227424,1.1006388144872,1.3842504504636,5,4.9999999880875,3.3805877068386,7.0353648224849,877.56909101682,9.3860310402333,10.075553307393
48.949999999998,2.3677115741744,-2.3607577454185,1.0996891445984,0.93600952373748,5,4.9999999882075,3.3822306725389,7.0372625077039,878.00901802483,9.3843906290372,10.073679885661
48.974999999998,2.3689071839051,-2.3618323289862,1.0987470960447,1.4227220896759,5,4.9999999883262,3.3838382211299,7.0391257489523,878.41406563123,9.3827854054197,10.071842022949
48.999999999998,2.3700973921104,-2.3629114997812,1.0978052052302,1.6730768511129,5,4.9999999884437,3.3854448340816,7.0409881032373,878.81709449021,9.3811807545659,10.070004759744
49.024999999998,2.3712615425808,-2.363971130768,1.0968874180462,1.8291613318833,5,4.9999999885601,3.3870190209022,7.0428102990175,879.26492155899,9.3796083441766,10.068206301458
49.049999999998,2.3724467470149,-2.3650739428428,1.0959633246848,1.2479545331524,5,4.9999999886753,3.3886379415373,7.0446743946597,879.69309681983,9.3779905046389,10.066363236669
49.074999999998,2.3736197371172,-2.3661538693343,1.0950281717862,2.1430934878021,5,4.9999999887893,3.3902323527161,7.0465228150532,880.09976405324,9.3763974891038,10.064539286763
49.099999999998,2.3748364352287,-2.3672157782897,1.0941039054424,1.620832142416,5,4.9999999889021,3.3918472845797,7.0483835335161,880.50597499947,9.3747863331247,10.06270240109
49.124999999998,2.3760153684638,-2.3682745417286,1.0931834725694,1.222577116402,5,4.9999999890139,3.3934318550554,7.0502160346119,880.89649749316,9.3732040921295,10.060893854473
49.149999999998,2.3772285401096,-2.3693515539407,1.0922426713238,1.7140127824465,5,4.9999999891245,3.395054119136,7.0520913606451,881.30140140418,9.3715847445972,10.059043344613
49.174999999998,2.3784130408396,-2.3704437328365,1.091313839474,1.5066246449021,5,4.999999989234,3.39666529781,7.0539510986173,881.69398734635,9.3699749283128,10.057206071577
49.199999999998,2.3795939086947,-2.3714811762161,1.0903996434987,1.5450125052209,5,4.9999999893424,3.3982371558371,7.055769474799,882.09391880142,9.3684064072311,10.055412597192
49.224999999998,2.380748643252,-2.372526818431,1.0894958567604,1.6783307464087,5,4.9999999894497,3.3997949682582,7.0575704772998,882.4843567358,9.3668505537468,10.053634714212
49.249999999998,2.3819272729188,-2.3735471754843,1.0885844863438,1.3750952164861,5,4.9999999895559,3.4013539090549,7.0593762714308,882.87704220775,9.3652957057676,10.051855021038
49.274999999998,2.3831229754141,-2.3746218467551,1.0876520095801,1.1014832397864,5,4.999999989661,3.4029615852653,7.0612348019559,883.28476177596,9.3636903639531,10.050020624401
49.299999999998,2.3842987610099,-2.3756707121645,1.0867410172175,1.6234823606757,5,4.9999999897651,3.4045372090829,7.0630548287412,883.67797966949,9.3621173565198,10.048224165155
49.324999999998,2.3855198228406,-2.3767239284146,1.0857936444304,1.296241154025,5,4.9999999898682,3.4061497401566,7.0649250617912,884.06297981796,9.3605092775164,10.046381824665
49.349999999998,2.3866945992738,-2.3777598439399,1.0848948264018,1.1201730262576,5,4.9999999899702,3.4077160161998,7.0667309118658,884.45729725963,9.3589461483551,10.04459900615
49.374999999998,2.387845525417,-2.3787985671539,1.0839791625639,1.2568362002593,5,4.9999999900712,3.4092663635488,7.0685314721027,884.84482619989,9.3573978867028,10.042823930924
49.399999999998,2.3890169009907,-2.3798886625058,1.0830671963825,1.6204675566111,5,4.9999999901711,3.4108664974841,7.0703732405265,885.23866633687,9.3557988251247,10.041002873329
49.424999999998,2.3901906356781,-2.3809305847155,1.0821593528119,1.6305082269898,5,4.9999999902701,3.4124359735137,7.0721863690261,885.62796738643,9.3542321842592,10.03921352829
49.449999999998,2.3913983377413,-2.3820071937321,1.081213626159,1.3434601977203,5,4.999999990368,3.4140538830439,7.0740604101543,886.00332838085,9.3526169981574,10.037365204962
49.474999999998,2.3925675546476,-2.3830445803353,1.0803088716156,1.701386448199,5,4.999999990465,3.4156169694582,7.0758664610734,886.37935825387,9.3510567609081,10.035582963851
49.499999999998,2.3937406013758,-2.3841027344872,1.0793931600481,1.5854380761505,5,4.999999990561,3.4171967570501,7.0776924557367,886.74789844609,9.34947912291,10.033780539258
49.524999999998,2.3949196172599,-2.3851535315318,1.0784806323098,1.4645208831079,5,4.999999990656,3.4187760774369,7.0795164512841,887.12075378676,9.347902474024,10.031980199735
49.549999999998,2.3960714093586,-2.386200153988,1.0775742235983,1.8635371224057,5,4.9999999907501,3.4203323690562,7.081317456658,887.50376990345,9.3463480158509,10.030202766394
49.574999999998,2.3972370810756,-2.3872200052887,1.0766718181354,1.6325019347354,5,4.9999999908432,3.4218812032073,7.083110003128,887.86546275794,9.3448026957222,10.028435308758
49.599999999998,2.3984191463835,-2.3882654647474,1.0757593429032,1.7347310922542,5,4.9999999909354,3.4234592601999,7.0849328785821,888.24748556395,9.3432276720354,10.026636525968
49.624999999998,2.3995912909522,-2.3893185274284,1.0748418676064,1.6489382295184,5,4.9999999910267,3.4250349708015,7.0867562339562,888.65489360019,9.3416542784602,10.024837455717
49.649999999998,2.4007817894965,-2.3903685492188,1.0739185400476,1.4718672576306,5,4.999999991117,3.4266223688437,7.0885926343279,889.01507819591,9.3400700695978,10.023026191881
49.674999999998,2.4019716857614,-2.3914358425911,1.0729921520085,1.3715737102818,5,4.9999999912065,3.4282207956527,7.0904401091079,889.39056563835,9.338474064754,10.021202833538
49.699999999998,2.4031317819999,-2.3924674270938,1.0720937082477,1.8544378929794,5,4.999999991295,3.4297732098593,7.0922337621011,889.74924576762,9.3369243858819,10.019432790716
49.724999999998,2.4043110353336,-2.3934988464949,1.0711791056154,1.4006723716051,5,4.9999999913826,3.4313398828966,7.0940478630853,890.16159458323,9.3353612897352,10.017644390583
49.749999999998,2.4054882266143,-2.394551646191,1.070266850363,1.2879677413929,5,4.9999999914694,3.4329191759383,7.0958716986473,890.52531662929,9.333784520984,10.015844108467
49.774999999998,2.4066535313906,-2.3955887318647,1.0693638487755,1.5377286422101,5,4.9999999915553,3.4344791380905,7.0976741674496,890.90546382171,9.3322272718679,10.014065380822
49.799999999998,2.4078190622045,-2.3966075514743,1.0684611541125,1.5050708754734,5,4.9999999916403,3.4360271870157,7.0994661811575,891.26667550091,9.3306827909795,10.012298671126
49.824999999998,2.4089758204247,-2.3976500767275,1.0675597987178,1.484444338792,5,4.9999999917245,3.437584411625,7.1012654560202,891.66244685192,9.3291277322739,10.010522597176
49.849999999998,2.4101533418002,-2.3986818001293,1.0666479220915,1.5825873835444,5,4.9999999918078,3.4391499817344,7.1030772310474,892.05788899708,9.3275656499716,10.008736170186
49.874999999998,2.41133722527,-2.3997474592136,1.0657212814552,1.642486273654,5,4.9999999918903,3.4407428437354,7.1049200202982,892.41963978254,9.3259750568651,10.006917827366
49.899999999998,2.4125257528869,-2.400813085385,1.0647967003457,1.5869426680325,5,4.9999999919719,3.4423391385181,7.1067647444677,892.77649642983,9.3243812068364,10.005097204126
49.924999999998,2.4136932986645,-2.4018623993189,1.0638876840235,1.4767454874618,5,4.9999999920527,3.4439089228582,7.1085787272538,893.14761081648,9.3228137255648,10.00330680657
49.949999999998,2.4148549252309,-2.4028980660694,1.0629868426308,1.75642074457,5,4.9999999921328,3.4454651946526,7.110376919989,893.50781862057,9.3212600855478,10.001532280031
49.974999999998,2.4160178996378,-2.4039262893044,1.0620852768963,1.5709611651928,5,4.999999992212,3.4470175324032,7.1121720727028,893.86952078943,9.3197107624013,9.9997615218678
49.999999999998,2.4171832853472,-2.4049716015512,1.0611757685184,1.4827578550017,5,4.9999999922904,3.4485830360106,7.1139825994312,894.28963990937,9.3181476418363,9.9979750334216
50.024999999998,2.4183508627251,-2.4059959696231,1.0602713698949,1.5791530041323,5,4.999999992368,3.4501362799967,7.1157799596483,894.68903810957,9.3165977974161,9.9962027783211
50.049999999998,2.419539569858,-2.4070662058509,1.0593393357196,1.4253394631463,5,4.9999999924448,3.4517357893687,7.1176312073182,895.08437724574,9.3150005628931,9.9943763473905
50.074999999998,2.4207312798184,-2.4081643058842,1.0583954696726,1.4350205093229,5,4.9999999925209,3.4533562819829,7.1195065418023,895.48004110011,9.3133814863657,9.9925252798565
50.099999999998,2.4219149258689,-2.4092214443126,1.057480265734,1.9393774047631,5,4.9999999925962,3.4549432790308,7.1213385237561,895.88978160302,9.3117970989823,9.9907169382515
50.124999999998,2.4231135484275,-2.4102717122662,1.0565511016138,1.36298809842,5,4.9999999926707,3.4565369411066,7.1231832743556,896.29917769408,9.3102069957138,9.9888982189131
50.149999999998,2.4243016487322,-2.4113525434188,1.0556023666316,1.6643748347625,5,4.9999999927445,3.458143109938,7.1250487170326,896.71441240803,9.3086026939589,9.9870591837712
50.174999999998,2.4254855828799,-2.4124560926947,1.054681964973,1.5869940540506,5,4.9999999928176,3.459761603395,7.126910613991,897.13990963509,9.3069852557955,9.9852181777291
50.199999999998,2.4266708156603,-2.4135268726015,1.0537604661944,1.8746315374614,5,4.9999999928899,3.4613588968409,7.1287546601812,897.56488465165,9.3053900951886,9.983397546283
50.224999999998,2.4278644130899,-2.4145714273279,1.0528230069127,1.6446024113479,5,4.9999999929615,3.4629450145542,7.1305971040216,897.99107277737,9.3038075892882,9.9815829371343
50.249999999998,2.429039290965,-2.4156374800737,1.0519112292571,1.5260216150727,5,4.9999999930323,3.4645314591572,7.132426897718,898.42598234867,9.3022230909333,9.9797757812475
50.274999999998,2.4302370185232,-2.4166881745573,1.0509857944286,1.5728307529239,5,4.9999999931025,3.4661247294423,7.1342694339655,898.82552788894,9.300633323801,9.9779587758512
50.299999999998,2.4314198289494,-2.4177723225677,1.0500573781403,1.3315295476161,5,4.9999999931719,3.4677292285581,7.1361231799614,899.2092145533,9.2990304151065,9.9761284494104
50.324999999998,2.4326175631481,-2.4188463695836,1.0491160369676,1.5348968374201,5,4.9999999932407,3.4693379995808,7.1379871186424,899.59603348016,9.2974241152597,9.9742902899654
50.349999999998,2.433834939955,-2.4199303764638,1.0481492547918,1.682410039904,5,4.9999999933087,3.4709680539376,7.1398823086017,899.9846856956,9.2957968914096,9.9724234234983
50.374999999998,2.4350413715089,-2.4210180516632,1.0472313029466,1.4025656033325,5,4.9999999933761,3.4725924044028,7.1417480926256,900.39276913463,9.2941748030872,9.970579032688
50.399999999998,2.4362244640966,-2.4220901621787,1.046283767504,1.4153215863865,5,4.9999999934428,3.4741890036099,7.1436046896317,900.80390976413,9.29258021866,9.9687495775731
50.424999999998,2.4374049712957,-2.4231899567897,1.0453672063239,1.6494979873468,5,4.9999999935088,3.4758024302224,7.1454602838305,901.22235677105,9.2909678642888,9.9669147794427
50.449999999998,2.4386316517681,-2.4242866821367,1.0444092438023,1.2211166328993,5,4.9999999935742,3.477447894129,7.1473642910943,901.66495063022,9.2893250691267,9.9650366261456
50.474999999998,2.4398077261809,-2.4253631895614,1.0434930600365,1.8477382041683,5,4.9999999936388,3.4790422652464,7.1492031526859,902.09532593172,9.2877323313417,9.963220266694
50.499999999998,2.4409973011366,-2.4264324754534,1.0425512065122,1.5304693349605,5,4.9999999937029,3.4806417842035,7.1510593716803,902.52979043414,9.2861351704286,9.9613905014934
50.524999999998,2.4422237804108,-2.4275002553763,1.0415819767556,1.5217011932605,5,4.9999999937663,3.4822679469794,7.1529524674769,902.97325858563,9.2845130103462,9.9595275335387
50.549999999998,2.4434122496898,-2.4285719643116,1.0406793041784,1.2697860069006,5,4.9999999938291,3.4838682654692,7.1547898125861,903.39103491356,9.2829149169725,9.9577110954477
50.574999999998,2.4446005817342,-2.4296573486649,1.0397346492976,1.6334675503928,5,4.9999999938912,3.4854776728889,7.1566559757853,903.80515027991,9.2813072403058,9.9558705398822
50.599999999998,2.445806909971,-2.4307667738378,1.0387900757026,1.1707273241194,5,4.9999999939527,3.4871165908334,7.1585476077013,904.22780490652,9.2796698347031,9.9540023077431
50.624999999998,2.4469953653329,-2.4318606253239,1.0378663274773,2.046606318215,5,4.9999999940136,3.4887318113202,7.1604083193943,904.65489251156,9.2780560780337,9.9521636651285
50.649999999998,2.4481954351063,-2.4329416289205,1.0369147606443,1.7416208365526,5,4.9999999940738,3.4903469695902,7.1622829435366,905.08015658917,9.2764432141703,9.9503157992499
50.674999999998,2.4494043912707,-2.4340472298855,1.0359674809001,1.1595099865067,5,4.9999999941335,3.4919852395622,7.1641753672246,905.50699745081,9.2748066615147,9.9484474086068
50.699999999998,2.4505889209768,-2.4351368751601,1.0350444318148,2.0956104046603,5,4.9999999941926,3.4935947231592,7.1660307531852,905.88574099427,9.2731986568775,9.9466144057857
50.724999999998,2.4517509874028,-2.4361914835389,1.0341346611418,1.4911079934103,5,4.999999994251,3.4951639896155,7.1678446660521,906.24949858925,9.2716313220354,9.9448241298989
50.749999999998,2.4529214505359,-2.4372327663713,1.0332228421406,1.7255467702716,5,4.9999999943089,3.4967305954636,7.1696573071567,906.61258507919,9.2700674914287,9.9430363882716
50.774999999998,2.4541079232919,-2.4382918903204,1.0323022424667,1.8352310296135,5,4.9999999943662,3.4983210234374,7.1714949591639,906.98248388212,9.2684797241266,9.9412231627251
50.799999999998,2.4553041783447,-2.4393564162244,1.0313467958111,1.6169381891927,5,4.9999999944229,3.4999223483738,7.1733596628571,907.38125829423,9.2668812246262,9.9393873390745
50.824999999998,2.4564880296751,-2.4404651795592,1.030421265616,1.3369739226851,5,4.9999999944791,3.5015443410079,7.1752271387598,907.81860401489,9.2652601672247,9.9375413099153
50.849999999998,2.4576851834115,-2.441580760283,1.0294777890674,1.9243723201721,5,4.9999999945347,3.5031807081488,7.1771160128735,908.24527277396,9.2636248889538,9.9356755413178
50.874999999998,2.4589123686731,-2.4426988779337,1.0285115189349,1.4799852452446,5,4.9999999945897,3.5048408800517,7.1790369107667,908.66273491141,9.2619666057566,9.9337800920076
50.899999999998,2.4600860832091,-2.4437588873816,1.0275964107805,1.7759635214315,5,4.9999999946442,3.5064224064794,7.1808641077391,909.090819828,9.2603872254795,9.9319767132874
50.924999999998,2.4612820392934,-2.4448294607262,1.0266558689546,1.5278047420437,5,4.9999999946981,3.50802753521,7.1827244994097,909.52026030395,9.2587846593724,9.9301425313273
50.949999999998,2.4624685596384,-2.4459235590413,1.0257256468189,1.7769177759633,5,4.9999999947515,3.5096414997859,7.1845873453169,909.95262714402,9.2571721020864,9.9283027722507
50.974999999998,2.4636740996167,-2.4470193111734,1.0247669142127,1.6045665004578,5,4.9999999948043,3.5112706097804,7.1864776277256,910.38745148558,9.255544942582,9.9264391025036
50.999999999998,2.464868446952,-2.4481151433346,1.0238200149154,1.1451909699547,5,4.9999999948566,3.5128915088158,7.1883548416085,910.82561016786,9.2539256313548,9.9245870362527
51.024999999998,2.4660422526908,-2.4492257897815,1.0229047526047,2.3098804600837,5,4.9999999949084,3.5145074777024,7.1902120062592,911.26136631812,9.2523103383363,9.922750157323
51.049999999998,2.4672495778749,-2.4503017689494,1.0219367001955,1.4300319431487,5,4.9999999949597,3.5161246868014,7.1920968114843,911.68534157465,9.2506959195297,9.9208950271603
51.074999999998,2.4684199111894,-2.4514194875781,1.0210300934149,1.4890835507519,5,4.9999999950104,3.5177430115525,7.1939517807171,912.12928923864,9.2490780721226,9.9190589095102
51.099999999998,2.4696175034531,-2.4524909972909,1.0200868193061,1.7409439601801,5,4.9999999950606,3.5193499839526,7.1958151449701,912.56252879454,9.2474736924072,9.9172221104658
51.124999999998,2.4708319749115,-2.4536335916422,1.0191164057553,1.5318072665972,5,4.9999999951104,3.5210174559239,7.1977444363515,912.96383648704,9.2458070633295,9.9153174708344
51.149999999998,2.4720144002742,-2.4547235556475,1.0181933854267,2.1104020817888,5,4.9999999951596,3.5226256074314,7.1995986525736,913.37957560073,9.2442003290292,9.9134858101052
51.174999999998,2.4731938165296,-2.455789356114,1.0172619784742,1.478937156104,5,4.9999999952083,3.524215246805,7.2014410619334,913.79246156676,9.2426128290726,9.9116690642453
51.199999999998,2.4743627875576,-2.4569042348415,1.0163368426086,1.4583074565558,5,4.9999999952566,3.5258306253492,7.2033026000638,914.22560095319,9.2409979558729,9.9098290661801
51.224999999998,2.4755641909438,-2.4580052737516,1.0153840352971,1.6184556571464,5,4.9999999953043,3.5274602439482,7.2051903231767,914.66720015469,9.239369979861,9.9079668646312
51.249999999998,2.4767479955415,-2.4590871595509,1.014459784594,1.9705945178069,5,4.9999999953516,3.5290639490982,7.2070412984791,915.1009363832,9.2377679934075,9.9061392198279
51.274999999998,2.4779537242527,-2.4602096390402,1.0134975335883,1.6733681094172,5,4.9999999953984,3.5307112929994,7.2089490901152,915.53494229587,9.2361217828855,9.9042566217928
51.299999999998,2.4791309769056,-2.4612944441069,1.0125802199562,1.4844505965436,5,4.9999999954447,3.5323121445983,7.2107941348685,915.97353112134,9.2345223570588,9.9024338862345
51.324999999998,2.4803027383368,-2.4623671049224,1.0116505591574,1.9808772716571,5,4.9999999954906,3.5339007370811,7.2126347584795,916.4116836182,9.2329354083379,9.9006183366704
51.349999999998,2.4815006801887,-2.4635014699882,1.0106799639341,1.384654932175,5,4.999999995536,3.5355505397309,7.2145488911475,916.83235486499,9.2312862817284,9.898730033831
51.374999999998,2.4826889750391,-2.4646261474837,1.0097523647688,2.1750606886206,5,4.9999999955809,3.5371866766812,7.2164296846852,917.24522484995,9.229650826994,9.8968700104728
51.399999999998,2.4838458709241,-2.4656649420807,1.0088497609345,1.9901147496015,5,4.9999999956254,3.5387415086025,7.2182275155964,917.67601718385,9.2280983568136,9.8950964071135
51.424999999998,2.4850276485796,-2.4667036781162,1.0079112467589,1.5674819419295,5,4.9999999956695,3.5403149033332,7.2200595581277,918.10734721378,9.2265283595355,9.8932935058141
51.449999999998,2.4862147879759,-2.467784618506,1.0069935116976,1.3831814260838,5,4.9999999957131,3.5419204350434,7.2219088741405,918.54772020905,9.2249246923002,9.8914667116551
51.474999999998,2.4874269004047,-2.4689060384109,1.0060376865595,1.5529320139089,5,4.9999999957562,3.5435717373002,7.2238168575885,918.98134039801,9.2232747282447,9.8895830029927
51.499999999998,2.4886253058557,-2.4699959013661,1.0050995153861,1.3266461134915,5,4.999999995799,3.5451916067042,7.2256887929604,919.42169931013,9.2216567890872,9.8877355406452
51.524999999998,2.4898014934016,-2.4711064224339,1.0041633407909,1.713130314952,5,4.9999999958413,3.546809220436,7.2275577758544,919.85376719092,9.2200399100275,9.8858897959182
51.549999999998,2.490955443077,-2.4721547575916,1.0032569703886,1.6273849053517,5,4.9999999958831,3.5483682606716,7.229361137649,920.24035678606,9.2184827684843,9.8841105265895
51.574999999998,2.492150955457,-2.4732297909589,1.0023161725619,1.2353242210871,5,4.9999999959246,3.5499760375814,7.2312239439037,920.62662271621,9.2168773751301,9.8822738432435
51.599999999998,2.4933157533065,-2.4742681465536,1.0014146864985,1.4957395264503,5,4.9999999959656,3.5515364658466,7.233026057522,921.03030285623,9.2153196422726,9.8804958009374
51.624999999998,2.494463574393,-2.4753160635908,1.0005116460569,1.3131357691536,5,4.9999999960062,3.5530906934244,7.2348235851026,921.4301935298,9.2137671261507,9.8787220714521
51.649999999998,2.4955826410152,-2.4763258014781,0.99961015962784,1.2363727250741,5,4.9999999960464,3.5545979693467,7.2365798762196,921.82899748064,9.2122619496149,9.8769930640709
51.674999999998,2.4967080788692,-2.4773428453157,0.99869535547108,0.83724481011787,5,4.9999999960862,3.5561148703095,7.2383512754338,922.2113964388,9.2107471015656,9.8752502422269
51.699999999998,2.4978543731108,-2.4783645312638,0.99782467571517,1.0964301904633,5,4.9999999961256,3.5576503938896,7.240116471146,922.60416445588,9.2092142412017,9.8735065407228
51.724999999998,2.4990374409178,-2.4794414735758,0.99674351682319,1.1042980705863,5,4.9999999961646,3.5592502233115,7.2420473669818,922.9855860384,9.2076162871349,9.8716262386713
51.749999999998,2.5002408705291,-2.4805144317902,0.99589846407067,1.0187574375575,5,4.9999999962033,3.5608625142776,7.2438676956098,923.38807831684,9.2060067790131,9.8698203021397
51.774999999998,2.5013976462447,-2.4816758140482,0.99491856485456,0.97420467952917,5,4.9999999962415,3.5625017027369,7.2457774446193,923.76837442264,9.2043675907363,9.8679380713523
51.799999999998,2.5025852363184,-2.4827745396439,0.99402263675676,1.3609809468172,5,4.9999999962793,3.5641195927572,7.2476268378371,924.17121139262,9.2027510187129,9.8661072170395
51.824999999998,2.5037629516313,-2.4838409238229,0.99308520371427,1.2989264266519,5,4.9999999963168,3.5657083622734,7.2494715517132,924.5933845443,9.2011643227715,9.8642892759388
51.849999999998,2.5049395008882,-2.4849316972392,0.99212965377695,1.1878937393431,5,4.9999999963539,3.5673127483864,7.2513389377156,925.01404569022,9.199561178489,9.8624494714596
51.874999999998,2.5061031911823,-2.4859788906754,0.99120304001004,1.1301504725592,5,4.9999999963906,3.5688782480489,7.253158113976,925.42734986054,9.1979979765327,9.8606573636574
51.899999999998,2.5072451833353,-2.4870164057174,0.99026362366716,1.4088822346095,5,4.9999999964269,3.5704211620257,7.2549645155386,925.85054480119,9.1964569486687,9.8588813355555
51.924999999998,2.5084317032915,-2.4880827753471,0.98933410440878,0.76086392825388,5,4.9999999964629,3.5720164594255,7.2568108578268,926.27132825876,9.1948640496509,9.8570604977482
51.949999999998,2.5095920972909,-2.4891484575132,0.9884093425464,1.2078772991406,5,4.9999999964985,3.5735919570335,7.2586377068121,926.68895427325,9.1932900830906,9.8552590435949
51.974999999998,2.5107553974175,-2.4902051593425,0.98746047085025,1.1240050827269,5,4.9999999965338,3.5751635441105,7.2604735290901,927.11045717169,9.191720425448,9.853452931423
51.999999999998,2.5119282975252,-2.4912987192016,0.98652533012312,0.99319431511395,5,4.9999999965687,3.5767671549824,7.2623298846616,927.52780472047,9.1901178871177,9.8516211033961
52.024999999998,2.5131097866861,-2.4923689507601,0.98558150758596,1.1667548406581,5,4.9999999966032,3.5783613043562,7.2641824810039,927.94013641357,9.1885258073653,9.8497959132098
52.049999999998,2.5142649843488,-2.4934521762532,0.98463484670492,1.0863663005573,5,4.9999999966374,3.5799449265045,7.2660274812566,928.3504800005,9.186943086574,9.8479784409727
52.074999999998,2.5154174229491,-2.4945075274912,0.983720975944,1.35079413943,5,4.9999999966713,3.5815075784054,7.2678377411084,928.77235256338,9.185382055661,9.8461930228777
52.099999999998,2.5165915498339,-2.495534604072,0.98278888565756,1.2743767354208,5,4.9999999967048,3.5830675336112,7.269654951208,929.19350797972,9.1838257397726,9.8444054503661
52.124999999998,2.517759597845,-2.4965960009831,0.98183106554516,1.0486836414543,5,4.9999999967379,3.5846457920055,7.2715011145071,929.62625883406,9.1822494088191,9.8425899497249
52.149999999998,2.5189371832519,-2.4976584014755,0.98091921904578,0.66052043068965,5,4.9999999967708,3.5862317939591,7.2733305587493,930.0441118271,9.1806656348294,9.8407840703436
52.174999999998,2.5201282438244,-2.4987245050615,0.97996512586179,1.3990600470167,5,4.9999999968033,3.5878302939257,7.2751921430066,930.45462958142,9.1790697261526,9.8389516669909
52.199999999998,2.5213175390844,-2.4997884971107,0.9790194346022,0.8242527087272,5,4.9999999968355,3.5894260703187,7.2770470915921,930.88129462403,9.1774765601264,9.8371248573848
52.224999999998,2.522465595491,-2.5008199406028,0.97808417172062,1.0135199803033,5,4.9999999968673,3.5909694138288,7.2788517039737,931.32472039257,9.1759355602611,9.8353504802756
52.249999999998,2.5236319707728,-2.5018923887388,0.97717502245072,0.95370762244882,5,4.9999999968989,3.5925538936496,7.2806784849396,931.74524945133,9.1743525862878,9.8335463530459
52.274999999998,2.5248086860001,-2.5029128624706,0.97624301752579,1.2203671756753,5,4.9999999969301,3.5941114639893,7.2824936043692,932.15838577523,9.1727991270686,9.8317615435845
52.299999999998,2.5260037802137,-2.5039793142455,0.97528188743462,0.97769303337217,5,4.999999996961,3.5957132035336,7.284361582051,932.58720030421,9.1712001288576,9.8299237742158
52.324999999998,2.5272077037038,-2.5050479786697,0.97433132322638,0.86967939378059,5,4.9999999969916,3.5973230095535,7.2862310867275,933.02320011171,9.1695933317881,9.8280825414406
52.349999999998,2.5283711984945,-2.5060871801488,0.97340526788365,1.136512189327,5,4.9999999970219,3.5988830287334,7.2880452637695,933.44902885718,9.1680359432271,9.8262962365093
52.374999999998,2.5295478542754,-2.5071165210065,0.97246332246843,1.268542626802,5,4.9999999970519,3.6004463781596,7.289870454881,933.8743303705,9.1664762500046,9.8245020730916
52.399999999998,2.5307125753769,-2.5081284799242,0.97150431367956,0.81869194894853,5,4.9999999970816,3.6019893091675,7.2916871370085,934.30571089239,9.1649372946877,9.8227211299166
52.424999999998,2.5318905352464,-2.5091467625539,0.97059123437878,1.2400524777274,5,4.9999999971109,3.6035463862267,7.2934921862537,934.74382086093,9.1633845165473,9.8209438247041
52.449999999998,2.5330613800982,-2.5101676890789,0.96965412066639,1.3289081045967,5,4.99999999714,3.6050998239102,7.2953063942755,935.17054045909,9.1618348892268,9.8191608222418
52.474999999998,2.5342472178181,-2.5111686967725,0.96870695284096,0.89614915577954,5,4.9999999971688,3.6066516703911,7.297124457638,935.60866044883,9.1602887903187,9.8173775058117
52.499999999998,2.5354322793783,-2.5122408649889,0.96775176039599,0.88952194139321,5,4.9999999971973,3.6082497678806,7.2989862600424,936.05024925567,9.1586928329551,9.8155447921643
52.524999999998,2.5366338361827,-2.513265028385,0.96680282250252,1.1308528216454,5,4.9999999972255,3.6098285805409,7.3008283057915,936.4623118248,9.1571192391248,9.8137352053788
52.549999999998,2.5378122416776,-2.5142899751704,0.96586262580093,0.92176412085701,5,4.9999999972535,3.6113903601102,7.3026512499104,936.87445118303,9.1555614328116,9.8119435037837
52.574999999998,2.5389870526767,-2.5153122826921,0.96491846750676,1.1325289810125,5,4.9999999972811,3.6129476955117,7.3044724386533,937.32103158735,9.1540080345433,9.8101545011549
52.599999999998,2.5401852318145,-2.5163622761346,0.96396653374135,0.86088275375852,5,4.9999999973085,3.6145408431745,7.3063283204839,937.76079609362,9.1524185313827,9.8083290230228
52.624999999998,2.5413653769561,-2.5174082022692,0.96301963153718,1.4017255588227,5,4.9999999973356,3.6161177718458,7.3081677029397,938.17430476899,9.1508446391569,9.8065199312188
52.649999999998,2.5425430613192,-2.5184238161331,0.9620814813332,1.318407127089,5,4.9999999973624,3.6176728962715,7.3099838906461,938.60547820788,9.1492939586718,9.8047356559791
52.674999999998,2.5437203947844,-2.5194410970008,0.96113747738744,0.82686408267224,5,4.999999997389,3.6192288443593,7.3118038131449,939.05269510538,9.1477423463916,9.802948417377
52.699999999998,2.5449141120587,-2.5204901830201,0.96016218022735,1.0375162075818,5,4.9999999974153,3.6208180398812,7.3136684168447,939.48635680062,9.1461566403074,9.80111812644
52.724999999998,2.546087599242,-2.5215435165747,0.95923728423795,1.2695175792706,5,4.9999999974413,3.6223949304122,7.3154965350952,939.91579502073,9.1445822039224,9.7993164778423
52.749999999998,2.5472635936897,-2.5225334277761,0.95830851503921,1.1621460796325,5,4.999999997467,3.6239320989546,7.3172925026206,940.35776153265,9.1430509308217,9.7975537262111
52.774999999998,2.5484573533693,-2.5235423332276,0.95734584691935,1.016810348563,5,4.9999999974926,3.6254950936388,7.3191281720602,940.80258649263,9.1414936651944,9.7957545473248
52.799999999998,2.5496366790695,-2.5245692363627,0.95642185083599,1.0738218714409,5,4.9999999975178,3.6270588516623,7.3209445167186,941.22928601502,9.1399338371055,9.7939668837359
52.824999999998,2.5508187500251,-2.5255736776901,0.95548454650992,1.1990553950425,5,4.9999999975428,3.6286100428575,7.3227569001008,941.67505313786,9.1383879868414,9.7921874927036
52.849999999998,2.5520108297128,-2.5265970102209,0.95453712157363,0.86821561925503,5,4.9999999975675,3.6301811136549,7.324591532887,942.12532164149,9.1368216907315,9.7903853953646
52.874999999998,2.5531864916382,-2.5276085539524,0.95359138418355,1.1639288460938,5,4.999999997592,3.6317320493994,7.3264080738017,942.56330985517,9.1352753347924,9.7886025240574
52.899999999998,2.5543922381578,-2.5287022687213,0.9526238107308,0.833499695523,5,4.9999999976163,3.6333599427206,7.3283018095413,942.99509270954,9.1336495305203,9.7867376739985
52.924999999998,2.5555770571501,-2.5297184452257,0.95168706367551,1.1527925917536,5,4.9999999976403,3.6349208433365,7.3301222231696,943.44852549737,9.1320934327449,9.7849489613116
52.949999999998,2.5567506815068,-2.5307292495855,0.95075186501511,1.2382302531199,5,4.999999997664,3.636469752496,7.3319315645191,943.88250780261,9.1305490427702,9.7831717416375
52.974999999998,2.5579284183182,-2.5317250251142,0.94981713949984,0.94689742467493,5,4.9999999976875,3.6380120342149,7.3337349903395,944.30043838042,9.1290124008156,9.7814019334644
52.999999999998,2.5591447855749,-2.5327793570853,0.94884854556955,1.2305288334678,5,4.9999999977108,3.6396217438808,7.3356136439558,944.75192868526,9.1274070106098,9.7795558112768
53.024999999998,2.5603323083613,-2.5337960265674,0.94790984513975,1.1263187557552,5,4.9999999977339,3.6411850183941,7.3374370982878,945.20147497623,9.1258486621668,9.7777643379988
53.049999999998,2.561507086014,-2.5348045741982,0.94697224745912,1.2222837573418,5,4.9999999977567,3.6427333306549,7.3392471701835,945.62762657738,9.1243050637983,9.7759870376695
53.074999999998,2.5626869087829,-2.5358220267371,0.94603236200902,0.90176334394966,5,4.9999999977793,3.6442912752736,7.3410666690415,946.07853081017,9.1227515972086,9.7741997161363
53.099999999998,2.563887051515,-2.5368711678697,0.94505324715544,0.79523678753428,5,4.9999999978016,3.6458853391662,7.3429374190489,946.51894263395,9.121161339784,9.7723639850496
53.124999999998,2.5650567807413,-2.5378800845114,0.94414427508502,1.2738421216579,5,4.9999999978238,3.6474300654373,7.344729738629,946.9370627625,9.1196210468001,9.7706000760551
53.149999999998,2.5662580028217,-2.5388985961339,0.94319100062231,1.217500426689,5,4.9999999978457,3.64900496239,7.346570671168,947.3767946847,9.1180517347346,9.7687931909442
53.174999999998,2.5674481553887,-2.5399265555423,0.94223324298241,1.0734633130194,5,4.9999999978674,3.6505775919325,7.348411992263,947.82668967229,9.116483540346,9.7669857512301
53.199999999998,2.5686220738678,-2.5409453373429,0.9413112648637,1.2121566882993,5,4.9999999978888,3.6521319409773,7.3502192123946,948.27807147382,9.114933305512,9.76520792452
53.224999999998,2.5698136845242,-2.5419711695524,0.94035694323535,0.98213733344828,5,4.9999999979101,3.6537042856209,7.3520585050436,948.72236726058,9.1133655927229,9.7634021886803
53.249999999998,2.5710092419068,-2.5430175171188,0.93940163501947,1.0428810760662,5,4.9999999979311,3.655293058948,7.3539123697831,949.16900099452,9.1117805588086,9.7615799418301
53.274999999998,2.572196420768,-2.5440379975411,0.93846050297634,1.2060562817306,5,4.999999997952,3.6568585537391,7.355738979611,949.6135092636,9.1102197685007,9.7597854210337
53.299999999998,2.5733698134662,-2.5450173851436,0.93753253946095,1.2116611443215,5,4.9999999979726,3.6583869681135,7.3575270419102,950.06102182081,9.1086978274925,9.7580318981965
53.324999999998,2.5745517490779,-2.5460338583941,0.93659654683698,0.84855431370252,5,4.999999997993,3.6599458746724,7.3593453575735,950.51046694543,9.107143579755,9.756245348848
53.349999999998,2.5757330940611,-2.5470440503951,0.93565905774132,1.5433982322235,5,4.9999999980132,3.661500243949,7.3611605571914,950.95445262759,9.1055942017137,9.7544628188353
53.374999999998,2.5769309092523,-2.5480672846544,0.93469698338578,0.83958475443034,5,4.9999999980332,3.6630756072664,7.363006459856,951.40243572502,9.1040239623951,9.7526520092136
53.399999999998,2.5781323906808,-2.5491283512178,0.93374337181031,0.8451475568166,5,4.999999998053,3.6646785482743,7.3648716126411,951.85165072589,9.1024243265564,9.7508168037975
53.424999999998,2.5793411463152,-2.5501549533964,0.93278849588357,1.2251494525076,5,4.9999999980726,3.666264424126,7.3667227718056,952.29450501971,9.1008439850707,9.7489991669252
53.449999999998,2.5805274956382,-2.5511723916754,0.93184581916326,0.91458134802194,5,4.999999998092,3.6678273077966,7.3685479415968,952.74378101006,9.0992859475975,9.7472067357671
53.474999999998,2.581712002878,-2.5521695059297,0.9309042526055,0.96696276365645,5,4.9999999981112,3.6693756276076,7.3703600789592,953.20189147224,9.097743615549,9.7454293748086
53.499999999998,2.5829100776552,-2.5532060331607,0.92996087551084,1.3181555834916,5,4.9999999981302,3.6709598535613,7.3722039152358,953.65600235432,9.096163780536,9.7436163648446
53.524999999998,2.5840930590659,-2.5541969209202,0.9290275103947,1.277551282773,5,4.9999999981491,3.6725030008549,7.3740073769099,954.11083930073,9.0946269417168,9.7418470931046
53.549999999998,2.5852979907684,-2.5552197809054,0.92807169331924,1.0295296088092,5,4.9999999981677,3.6740835396735,7.3758544527716,954.56987756947,9.0930519595828,9.7400341758821
53.574999999998,2.5864852643263,-2.556222284932,0.92713556541998,1.2229397285423,5,4.9999999981861,3.6756374485591,7.3776685553785,955.02410912355,9.0915038638231,9.7382534261027
53.599999999998,2.5876610408524,-2.5572470873857,0.92618713036579,0.67552920356698,5,4.9999999982044,3.6771971506167,7.3794939867139,955.47561523932,9.0899480757594,9.7364610953543
53.624999999998,2.5888571484128,-2.5582404801092,0.92524672493305,0.89189238225967,5,4.9999999982225,3.6787519825687,7.3813110901169,955.93045538536,9.0884002099138,9.7346790488472
53.649999999998,2.5900502344401,-2.5592305862391,0.92428647740925,0.91802895011905,5,4.9999999982404,3.6803023903915,7.3831347786112,956.38997732457,9.0868568074026,9.7328940715832
53.674999999998,2.5912793445809,-2.5602552202247,0.92332194236194,1.0730762303598,5,4.9999999982581,3.6819025736756,7.3850031774979,956.8469394001,9.0852635222011,9.7310609982933
53.699999999998,2.5924955462307,-2.5612979583244,0.922336522547,1.2399675413036,5,4.9999999982756,3.6835045877822,7.38688400216,957.307246317,9.0836665122928,9.7292169778562
53.724999999998,2.5937297164246,-2.5623558243206,0.9213532365773,1.1171116996279,5,4.999999998293,3.6851300897149,7.3887837673643,957.76746253447,9.0820461064058,9.7273518902107
53.749999999998,2.5949418978458,-2.563385706677,0.9203827198915,1.2348513266652,5,4.9999999983102,3.6867207001216,7.3906470827169,958.21059438146,9.080461048481,9.7255243907483
53.774999999998,2.5961369028504,-2.564400034576,0.91942116547326,0.6230638332592,5,4.9999999983272,3.6882881496576,7.392485964156,958.66848280657,9.0788991338157,9.723721720928
53.799999999998,2.5973388784698,-2.5654361798378,0.91842523199397,0.97954851926909,5,4.999999998344,3.6898750782612,7.3943595238397,959.12836036152,9.0773168388514,9.7218877240645
53.824999999998,2.5985308075996,-2.5664673406064,0.91749825111445,1.381338404806,5,4.9999999983607,3.6914511453858,7.3961879879854,959.58066058661,9.0757451650394,9.7200883447567
53.849999999998,2.5997386851995,-2.5674909636758,0.91651334613142,1.4325021697335,5,4.9999999983772,3.6930344244151,7.3980526086734,960.03468410278,9.0741675871743,9.718262725411
53.874999999998,2.6010022021202,-2.5685268352829,0.91549040299512,1.1333041299694,5,4.9999999983935,3.6946682864029,7.3999802802365,960.49921320758,9.072542085091,9.7163787542592
53.899999999998,2.6021884701114,-2.5695442344616,0.91454384137654,0.86474166628794,5,4.9999999984097,3.6962310828822,7.4018073849772,960.95651386771,9.0709841651566,9.7145852412212
53.924999999998,2.603424636952,-2.570589738577,0.91353701203671,1.0117312679431,5,4.9999999984257,3.6978500910086,7.4037139244163,961.41604991366,9.069371129513,9.7127187046609
53.949999999998,2.6045901365388,-2.5716123677815,0.9125792540179,1.2032164718514,5,4.9999999984416,3.6994006263279,7.4055364117823,961.87425806269,9.0678241531096,9.7109314267977
53.974999999998,2.6058308679423,-2.5726776549084,0.91157406279982,1.0993574046302,5,4.9999999984573,3.7010359400834,7.4074559587246,962.32799768962,9.0661938770949,9.7090494038349
53.999999999998,2.6070162105993,-2.5737108179678,0.91058833338503,0.76041656547062,5,4.9999999984728,3.702608346876,7.4093117942778,962.79547190332,9.0646254408356,9.7072321031933
54.024999999998,2.6082353208255,-2.5748087024168,0.90959139451706,1.5209161124624,5,4.9999999984882,3.7042489504256,7.4112315513233,963.25602072431,9.0629873068697,9.7053457208661
54.049999999998,2.6094337718497,-2.575833862898,0.90861665738939,1.8828389477807,5,4.9999999985034,3.7058260486691,7.4130855608534,963.72018652156,9.0614153018976,9.7035290459494
54.074999999998,2.6106321038813,-2.5768873562888,0.90761129209164,1.4913908141976,5,4.9999999985185,3.7074216200346,7.4149714578188,964.18240392833,9.0598232955039,9.701682749957
54.099999999998,2.6118316602317,-2.5779763138723,0.90662438306009,1.3739113478376,5,4.9999999985334,3.7090417323939,7.4168684959031,964.65140285947,9.0582052837415,9.6998187838133
54.124999999998,2.6130286882504,-2.5790273630255,0.90564709113089,1.5251241896797,5,4.9999999985481,3.710634710862,7.4187373671975,965.11533176327,9.0566159321176,9.6979850338199
54.149999999998,2.6142285368111,-2.5800750043843,0.90466056981334,1.4269817042489,5,4.9999999985628,3.7122275664692,7.4206109768941,965.57662345987,9.055027008762,9.6961483956592
54.174999999998,2.6154245315402,-2.5811146636689,0.90367506528943,1.3346933146107,5,4.9999999985772,3.7138122730098,7.4224771264021,966.04027813507,9.0534464638294,9.694319958459
54.199999999998,2.6165794845117,-2.5821857778,0.90271371574839,1.5413880945233,5,4.9999999985916,3.7153874561256,7.4243224975812,966.5054049506,9.0518725614223,9.6925063737058
54.224999999998,2.6178083087312,-2.5832202261067,0.90169983501937,1.4974082081829,5,4.9999999986057,3.7169937226856,7.4262219834048,966.97399687302,9.0502725622352,9.6906496489765
54.249999999998,2.6189821518441,-2.5842833085533,0.90074795929604,1.6162938718777,5,4.9999999986198,3.7185774057164,7.4280697169719,967.45025641988,9.0486910348067,9.6888323540052
54.274999999998,2.6201986841263,-2.585323375426,0.89974111767756,1.3613344619174,5,4.9999999986337,3.7201779337209,7.4299605950584,967.92058074769,9.0470957233733,9.6869825503235
54.299999999998,2.6213759652637,-2.586380172677,0.89876188151244,1.3128155443919,5,4.9999999986474,3.7217599613143,7.431821163459,968.39714300268,9.0455162299311,9.6851573998984
54.324999999998,2.6225910961573,-2.5874452476896,0.89777581857382,1.3482328590001,5,4.999999998661,3.7233757978998,7.4337141103652,968.86751613646,9.0439041778532,9.6832994137898
54.349999999998,2.6237698549505,-2.5885111678533,0.89677506825245,1.4093710143734,5,4.9999999986745,3.7249650298174,7.4355921836581,969.33612312169,9.0423171757786,9.6814595881473
54.374999999998,2.6249585028013,-2.5895874931603,0.89581037855341,1.4603324719482,5,4.9999999986879,3.7265685758503,7.4374635430826,969.78932142063,9.0407158233655,9.6796192572018
54.399999999998,2.6261279869908,-2.5906198232332,0.89484764600806,2.151529604755,5,4.9999999987011,3.7281285113134,7.4392966422623,970.2407180878,9.0391591803969,9.6778213955817
54.424999999998,2.6272949920545,-2.591626907833,0.89388864321029,1.7430349342616,5,4.9999999987142,3.7296699782153,7.4411120779058,970.70504239329,9.03762218765,9.6760432321713
54.449999999998,2.6284827408255,-2.5926734188483,0.89289323479717,1.5972021303288,5,4.9999999987271,3.7312529919386,7.4429820432417,971.15940247915,9.0360426128639,9.6742123045809
54.474999999998,2.6296530600632,-2.5937250005489,0.89194940979848,1.3968952795688,5,4.9999999987399,3.7328263549581,7.4448167848636,971.60552915091,9.034471733519,9.6724079358259
54.499999999998,2.6308027178505,-2.5947174675262,0.89100943914718,1.762282976347,5,4.9999999987526,3.7343451385928,7.446602911554,972.08017513086,9.032957341854,9.670657716928
54.524999999998,2.6319656190026,-2.5957050860623,0.89006506940639,1.5699817499515,5,4.9999999987652,3.7358708284245,7.4483972258157,972.52522252372,9.0314370518901,9.6689004294946
54.549999999998,2.633107484991,-2.5967300843875,0.8890780033994,0.8809570495317,5,4.9999999987776,3.737405259753,7.4502217199385,972.96676291198,9.0299050886411,9.6671170052839
54.574999999998,2.6343121698241,-2.5977694176236,0.88813958263683,1.829191853344,5,4.9999999987899,3.7389963220155,7.4520689104135,973.39787127366,9.0283186685653,9.6653000949087
54.599999999998,2.6354659905985,-2.5987600994223,0.88720270986486,1.6642573618929,5,4.9999999988021,3.7405170957678,7.4538551028434,973.83498536598,9.0268026134161,9.663549475544
54.624999999998,2.6366434971988,-2.5997699872683,0.88623853731476,1.4019105185229,5,4.9999999988141,3.7420683517928,7.4556815814119,974.27821170521,9.0252562399975,9.661760801952
54.649999999998,2.6378033270629,-2.6007954565659,0.88526395607496,1.4038444414138,5,4.9999999988261,3.7436165095994,7.4575109532131,974.71618710927,9.0237112816091,9.6599697476844
54.674999999998,2.6389768194741,-2.6018107678001,0.88430044369882,1.2237732006612,5,4.9999999988379,3.745168263878,7.4593375066452,975.15350309477,9.0221638953317,9.658180389082
54.699999999998,2.6401534452989,-2.6029091211295,0.88332577921614,1.3801902602302,5,4.9999999988496,3.7467778689128,7.4612192077962,975.58617526756,9.0205554103875,9.6563299873955
54.724999999998,2.6413605921592,-2.6039506502993,0.88234725459337,1.6695206659601,5,4.9999999988612,3.7483722297734,7.46308990205,976.01878009959,9.0189657058197,9.6544957641627
54.749999999998,2.6425418527372,-2.6050404204677,0.8813471587935,1.6727478083378,5,4.9999999988727,3.7499793936023,7.4649828276116,976.45347453653,9.0173600415006,9.6526389477026
54.774999999998,2.6437479105602,-2.6060552113213,0.88038113194781,2.001520254056,5,4.999999998884,3.7515555839299,7.4668314984357,976.88584075639,9.0157900699373,9.6508276430893
54.799999999998,2.6449165342287,-2.607097990626,0.87940776952177,1.3889860164844,5,4.9999999988952,3.7531218118689,7.4686755440884,977.31861965834,9.0142266422793,9.6490198472673
54.824999999998,2.6460951924453,-2.6081154024406,0.87843105613394,1.7096251772002,5,4.9999999989064,3.7546788481537,7.4705135677645,977.74844932668,9.0126741321311,9.6472210684295
54.849999999998,2.6473108043288,-2.6091492635235,0.87745796765381,0.85224848578028,5,4.9999999989174,3.7562746492033,7.4723826536856,978.18233581342,9.0110839055421,9.6453883596286
54.874999999998,2.6484860673486,-2.6101729697842,0.87649935214739,1.2339229935153,5,4.9999999989283,3.7578332439788,7.4742124518611,978.60704977854,9.009529328036,9.643594129439
54.899999999998,2.6496317749305,-2.6112036445401,0.87553433287458,1.1593230402674,5,4.9999999989391,3.7593743268175,7.4760307473576,979.03557894529,9.0079906452832,9.6418124777156
54.924999999998,2.6507918578733,-2.6122463227139,0.87458702898274,1.2869887136087,5,4.9999999989497,3.7609341249481,7.4778556733484,979.46189040888,9.0064333158987,9.6400197342504
54.949999999998,2.6520056653531,-2.6133103538787,0.87357602323282,1.7315456159688,5,4.9999999989603,3.762548278261,7.4797603054766,979.89526817861,9.0048229693083,9.6381547578324
54.974999999998,2.6531872093825,-2.6143284994425,0.8726226172131,1.2925411759443,5,4.9999999989708,3.764107979092,7.4815883234527,980.33611663055,9.0032679129402,9.6363619866976
54.999999999998,2.6543569372508,-2.6153764013499,0.8716571963705,1.723794373087,5,4.9999999989811,3.7656784445305,7.4834317981872,980.77137156857,9.0017000825543,9.6345530096697
55.024999999998,2.6555594431721,-2.6164284203755,0.87065341766685,1.3251527952969,5,4.9999999989914,3.7672761818434,7.4853186835061,981.19378445673,9.0001062266683,9.6327060571758
55.049999999998,2.6567181768068,-2.6174675842153,0.86971728835199,1.6429141285151,5,4.9999999990016,3.7688326281555,7.4871349608023,981.6069306785,8.998552346183,9.6309205784819
55.074999999998,2.657870097805,-2.6184724687563,0.86876666056444,1.3917532873042,5,4.9999999990116,3.7703612598726,7.4889350741646,982.0422327675,8.9970275829486,9.6291571496971
55.099999999998,2.6590453058554,-2.6195123061568,0.86778769383727,1.3881337869539,5,4.9999999990216,3.7719304557754,7.4907846015729,982.49612429869,8.9954616137516,9.627345134217
55.124999999998,2.6602317323204,-2.6205495811269,0.86682636663454,1.4543542435189,5,4.9999999990314,3.7735063831597,7.4926305964568,982.95935596066,8.9938895554002,9.6255337270183
55.149999999998,2.6613882164601,-2.6215436273555,0.86588721423303,1.7136199627824,5,4.9999999990412,3.7750313695432,7.4944215712481,983.37451476044,8.9923692673377,9.6237786051466
55.174999999998,2.6625278046121,-2.6225329887017,0.86495235304577,1.7489545578332,5,4.9999999990508,3.7765405073863,7.4961968071392,983.79515293678,8.9908642136066,9.6220392586131
55.199999999998,2.6636771422117,-2.6235419016558,0.86400873891265,1.5676498670493,5,4.9999999990604,3.7780698478542,7.4979938296485,984.20979936281,8.9893384204885,9.62027742704
55.224999999998,2.6648391640594,-2.6245643184174,0.86305096460304,1.4941587620642,5,4.9999999990698,3.7796176303999,7.4998139841576,984.62023600859,8.9877941090811,9.6184932601833
55.249999999998,2.6660436105576,-2.6256154399843,0.86206242675588,1.0505439366649,5,4.9999999990792,3.7812162385181,7.5016935466042,985.04220232252,8.9861995338588,9.6166511816943
55.274999999998,2.6671979665442,-2.6266298666977,0.86111547389507,1.5047600750359,5,4.9999999990885,3.7827529881076,7.5034986280487,985.47749999691,8.9846662960297,9.6148812410649
55.299999999998,2.6683791333304,-2.627685328109,0.86013581041638,1.3984540993654,5,4.9999999990976,3.7843370189682,7.5053611248404,985.91408846431,8.9830850534125,9.6130548068856
55.324999999998,2.6695579345746,-2.6287080548522,0.85917317677155,1.7590326369834,5,4.9999999991067,3.7858976413968,7.5071947567279,986.34340585515,8.9815287002833,9.6112577072413
55.349999999998,2.6707602362613,-2.6297722861636,0.85816143011557,1.2688080867971,5,4.9999999991157,3.7875032931741,7.5090925841504,986.78089974841,8.9799263422938,9.6094001455053
55.374999999998,2.6719572122498,-2.6308373215969,0.85718897398606,1.2618084813349,5,4.9999999991246,3.7891054954059,7.5109668101014,987.21371060461,8.9783271686634,9.607559559452
55.399999999998,2.6731654174817,-2.6319369653372,0.8561548227396,1.589581621685,5,4.9999999991334,3.7907391955735,7.5129003159944,987.63976386884,8.9766955305384,9.6056666887278
55.424999999998,2.6743094843215,-2.6329954712583,0.85523067976285,1.6346091734716,5,4.9999999991422,3.792297824368,7.5147123215023,988.07271089211,8.9751382813393,9.6038825016045
55.449999999998,2.6755093021033,-2.6340203899636,0.85425022365395,1.5832645028245,5,4.9999999991508,3.7938758044255,7.5165700930822,988.50059572779,8.9735655668849,9.602063832681
55.474999999998,2.6766888743317,-2.6351185177529,0.85325684988146,1.4956910723812,5,4.9999999991594,3.795487410855,7.5184632562383,988.93459076438,8.9719551868616,9.6002053800981
55.499999999998,2.6778743021713,-2.6361591529347,0.85228022485107,1.9163566424291,5,4.9999999991678,3.7970648013408,7.5203185074867,989.36659072509,8.9703814671352,9.5983871611267
55.524999999998,2.6791060934803,-2.6372501250579,0.85125951100782,1.4313732002563,5,4.9999999991762,3.7987102587248,7.5222548408134,989.80189577652,8.9687393622824,9.596489359269
55.549999999998,2.6802802511151,-2.6382912738409,0.8502928181911,1.8692091618626,5,4.9999999991845,3.8002795378394,7.5240979718293,990.23459136272,8.9671732235379,9.5946817849747
55.574999999998,2.6814550139548,-2.6393650597251,0.84930931812609,1.3461037953478,5,4.9999999991927,3.8018711043177,7.5259688957274,990.66502790384,8.9655835049439,9.5928462073439
55.599999999998,2.682630555366,-2.6404237821527,0.84832948098137,1.8095232377252,5,4.9999999992008,3.8034531254262,7.5278297749868,991.0945725883,8.9640039251779,9.5910214214236
55.624999999998,2.6838161306535,-2.6414804899295,0.84731502298548,1.5893651888424,5,4.9999999992089,3.8050412753209,7.5297142762772,991.52705353543,8.9624187043086,9.5891790650043
55.649999999998,2.6849905125903,-2.6424973773015,0.84640052197117,1.586203955725,5,4.9999999992168,3.8065947336759,7.5315169257068,991.9627623898,8.9608696242995,9.5874060443144
55.674999999998,2.686146099212,-2.6434923415989,0.84543304676498,1.6555676904527,5,4.9999999992247,3.8081196383922,7.5333228444946,992.39251984918,8.9593493453379,9.5856411182642
55.699999999998,2.6873586955423,-2.6445918677427,0.84439963335169,1.0671499512238,5,4.9999999992325,3.8097565096764,7.5352586365505,992.83265574191,8.957714706682,9.5837458757592
55.724999999998,2.6885462482008,-2.6456705441714,0.84345313894859,1.9201019664719,5,4.9999999992403,3.8113608239082,7.5371213431322,993.27095010255,8.9561125101414,9.5819118684404
55.749999999998,2.6897104379714,-2.6466915999541,0.84249396144785,1.7943670029303,5,4.9999999992479,3.81290933698,7.5389428573955,993.69856850864,8.9545676602916,9.5801269655523
55.774999999998,2.6908924362224,-2.6477393268222,0.84149767194022,1.4424103072906,5,4.9999999992555,3.8144888468582,7.5408103274056,994.13012504946,8.9529913387268,9.5782994686902
55.799999999998,2.692078172151,-2.6487727424694,0.840536405327,0.90941693944521,5,4.999999999263,3.8160617160811,7.5426536806257,994.55832403567,8.951422538516,9.57649146238
55.824999999998,2.6932776011367,-2.6497666082822,0.83955918160062,1.3891966299868,5,4.9999999992704,3.8176194064051,7.5444925295474,994.99253822788,8.949872152473,9.5746950107069
55.849999999998,2.6944872388637,-2.650893201096,0.83853066495314,1.1027349125288,5,4.9999999992777,3.8192724142087,7.5464393940246,995.42966458963,8.9482203998752,9.5727855958865
55.874999999998,2.695655493203,-2.6519465502834,0.83759714905694,2.3847591480102,5,4.999999999285,3.8208454249245,7.548268550836,995.86670289845,8.9466497785953,9.5709857843687
55.899999999998,2.696826634534,-2.6529597842113,0.83663421861206,1.8480405305801,5,4.9999999992922,3.8223940420526,7.5500921324907,996.2977242941,8.945105587748,9.5692002410091
55.924999999998,2.6980672424521,-2.654043472158,0.8356030925731,0.79922469096142,5,4.9999999992993,3.82404130875,7.5520355080284,996.73316237154,8.9434624577909,9.5672980005043
55.949999999998,2.6992076081616,-2.6550851574305,0.83466732896058,2.0536300729789,5,4.9999999993064,3.8255858287915,7.5538413861242,997.16104289947,8.9419197672819,9.5655235349915
55.974999999998,2.7003834610565,-2.6561056136617,0.83367025912535,1.6664185719099,5,4.9999999993134,3.8271427362872,7.5556901990424,997.59387935302,8.9403671357918,9.5637180164803
55.999999999998,2.7015847342968,-2.6571640073661,0.83270231170805,0.8514468767904,5,4.9999999993203,3.8287437530365,7.5575610749961,998.03325046308,8.9387696742166,9.5618809452968
56.024999999998,2.7027427030588,-2.6581873801704,0.83176034301229,1.9115068038487,5,4.9999999993271,3.8302891279263,7.559370906086,998.46618929128,8.9372275773256,9.5601048673202
56.049999999998,2.7039607698664,-2.6592073307517,0.8307685968831,1.3876089463382,5,4.9999999993339,3.8318778336687,7.5612437505325,998.90374859499,8.9356455649144,9.558273813633
56.074999999998,2.7051558272802,-2.6602699143068,0.82978064855775,1.2522070645838,5,4.9999999993406,3.8334769728228,7.5631234547453,999.33502616339,8.9340495139813,9.5564309978362
56.099999999998,2.7063665087024,-2.6613594416788,0.82877651718872,1.2260124603489,5,4.9999999993473,3.8351057206241,7.565036854653,999.7694550367,8.9324233358242,9.5545542857225
56.124999999998,2.7075547167035,-2.662392445341,0.82779986981025,1.4272519406752,5,4.9999999993538,3.8366801839677,7.5668896295778,1000.201614099,8.9308531037158,9.5527396456312
56.149999999998,2.7087253483122,-2.6634449915436,0.8268201923013,1.0989100420924,5,4.9999999993603,3.8382544240611,7.5687438140059,1000.6403360681,8.9292813886764,9.5509225570544
56.174999999998,2.7098704916205,-2.6644798326467,0.8258882946458,1.9711246355619,5,4.9999999993668,3.839797877755,7.5705467789377,1001.0754940402,8.9277401968879,9.5491509732562
56.199999999998,2.7110606296365,-2.6655096914819,0.82485652703922,1.704572333363,5,4.9999999993731,3.8413717385232,7.5724286881044,1001.4977782227,8.9261708404454,9.5473176334487
56.224999999998,2.7122560051057,-2.6665689793195,0.82390805285218,1.3416282344929,5,4.9999999993795,3.8429689276902,7.5742862716203,1001.9347101312,8.9245769109268,9.5454908863531
56.249999999998,2.7134657898329,-2.6676586461885,0.82292015441133,1.4184070268444,5,4.9999999993857,3.8445971024264,7.5761907128248,1002.3670264481,8.9229512716809,9.5436205171946
56.274999999998,2.7146654617381,-2.6687364110353,0.82191785912718,1.622787500764,5,4.9999999993919,3.846209798847,7.5780894981158,1002.7975553746,8.9213412047079,9.5417596137548
56.299999999998,2.7158537356922,-2.669807992678,0.82092962817727,1.6144446025628,5,4.999999999398,3.8478098870343,7.5799701582705,1003.2296306704,8.9197435568954,9.5399153243509
56.324999999998,2.7170098175597,-2.6708593142652,0.81997459755906,1.6787925180834,5,4.9999999994041,3.8493725137856,7.5818015200168,1003.6608273813,8.9181829680975,9.5381174726881
56.349999999998,2.7181818058495,-2.6718695925796,0.81900819400544,1.8283300061117,5,4.9999999994101,3.8509198401326,7.5836258430837,1004.0994779125,8.9166403021362,9.5363323584141
56.374999999998,2.7193732142382,-2.6729977778513,0.81795648478865,1.4908371091579,5,4.999999999416,3.8525606496754,7.5855747782372,1004.5328602545,8.915000277123,9.5344259773681
56.399999999998,2.7205069900056,-2.6740485487405,0.81705889815907,2.2273264039196,5,4.9999999994219,3.8541064720948,7.5873622985056,1004.9714389118,8.9134557959447,9.5326635917895
56.424999999998,2.7216805853161,-2.6750517854299,0.81609441015752,1.9022711918281,5,4.9999999994277,3.8556504312289,7.589182750898,1005.3991059838,8.9119169985919,9.530882813225
56.449999999998,2.7228582139961,-2.6761042812278,0.8151115363016,1.3670934695577,5,4.9999999994335,3.8572298478024,7.5910430190854,1005.8249791919,8.9103404011015,9.5290601851041
56.474999999998,2.7240222737327,-2.6771935341881,0.81411206440012,1.6699424176496,5,4.9999999994392,3.858824058291,7.5929246277492,1006.2506388794,8.9087472758361,9.5272162329544
56.499999999998,2.7252147160883,-2.6782551305549,0.81314882145891,1.687879969556,5,4.9999999994448,3.860420587532,7.5947892302755,1006.6768216829,8.9071537852196,9.5253847927695
56.524999999998,2.7264110716307,-2.6793032917028,0.8121622795679,1.7015294911073,5,4.9999999994504,3.862011156102,7.5966609068712,1007.1031753136,8.9055670746133,9.5235514482942
56.549999999998,2.7276017249907,-2.6803459996878,0.81117694362423,1.5811098846221,5,4.9999999994559,3.8635938422256,7.5985252518735,1007.5330422678,8.9039882526878,9.5217259216306
56.574999999998,2.7287425993701,-2.6813646842826,0.81020913555012,1.5414784418306,5,4.9999999994614,3.8651233233968,7.6003352146138,1007.9626215949,8.9024615493686,9.5199553566503
56.599999999998,2.7299184283871,-2.68241380652,0.80927043555133,1.4733899573268,5,4.9999999994668,3.866699150591,7.6021694417082,1008.3894309038,8.9008886200609,9.518151889003
56.624999999998,2.7310995064632,-2.6834351170744,0.80830558479388,1.2348083891995,5,4.9999999994722,3.8682605668297,7.6040049137605,1008.8211924251,8.8993317343537,9.5163541723332
56.649999999998,2.7322893081481,-2.6844670823363,0.80733002235768,0.66784770848594,5,4.9999999994775,3.8698355526555,7.6058575611684,1009.2497090154,8.8977611426048,9.5145398571222
56.674999999998,2.7334586527522,-2.6854897966784,0.80636652939791,1.387372456819,5,4.9999999994828,3.8713890362984,7.6076855737812,1009.6808702985,8.8962115287699,9.5127494479495
56.699999999998,2.7346224400644,-2.6865541324114,0.80537626110235,1.0711794701871,5,4.999999999488,3.8729661258521,7.609547788258,1010.1110098334,8.8946362877589,9.510925603679
56.724999999998,2.7358113983188,-2.6876241056355,0.8044016664889,1.620945307513,5,4.9999999994932,3.8745656459147,7.6114208336636,1010.5483648363,8.8930393156214,9.5090870001206
56.749999999998,2.7370178196539,-2.6886880814498,0.80340768506156,1.3887641695063,5,4.9999999994983,3.8761742157676,7.6133117318759,1010.9885146489,8.8914343007507,9.5072340235386
56.774999999998,2.7381807963101,-2.689741025168,0.8024323634176,1.583576581663,5,4.9999999995033,3.8777430386309,7.6151590156889,1011.4302113062,8.8898677194403,9.5054236111061
56.799999999998,2.7393606385949,-2.6907958260002,0.80145990821276,1.4495947111051,5,4.9999999995083,3.8793256417436,7.6170165144743,1011.8673742496,8.8882879410375,9.5036018841294
56.824999999998,2.740511497002,-2.6918960271323,0.80048962539307,1.2089851512246,5,4.9999999995133,3.880917784201,7.6188810161113,1012.3027382166,8.8866963519451,9.5017698928058
56.849999999998,2.7417178186457,-2.6929478461984,0.79949751970534,1.7474017309853,5,4.9999999995182,3.8825182638965,7.6207640479623,1012.7366568792,8.8851000406428,9.4999257740911
56.874999999998,2.7428881216908,-2.6939912951127,0.79852884653071,1.3757019067297,5,4.999999999523,3.8840861908253,7.6226070679223,1013.176430536,8.8835350420761,9.4981192479491
56.899999999998,2.744042592201,-2.6949956767245,0.79756379269668,1.2307281492475,5,4.9999999995278,3.8856164145283,7.6244161874551,1013.6191120741,8.8820089284304,9.4963503848752
56.924999999998,2.745224629979,-2.6960296817065,0.79661773291881,1.2977698037858,5,4.9999999995326,3.8871868856714,7.6262496019512,1014.0588046526,8.8804423709265,9.4945504278023
56.949999999998,2.7464141039027,-2.6971209863949,0.79561173671052,1.1051950071423,5,4.9999999995373,3.8888011329071,7.6281516593923,1014.5015248255,8.8788299015135,9.4926863356958
56.974999999998,2.7475824286239,-2.6981485479758,0.79465545730248,1.3602649771705,5,4.9999999995419,3.8903570459692,7.6299779495563,1014.9398082074,8.8772775787531,9.4908961024344
56.999999999998,2.7487796654086,-2.6991923193068,0.79367510321942,0.91812911325073,5,4.9999999995465,3.8919453892917,7.6318444780554,1015.3735424677,8.875693387037,9.4890675576394
57.024999999998,2.7499785619641,-2.7002561575589,0.79267990368439,1.0314589126134,5,4.9999999995511,3.8935482320093,7.6337311489043,1015.8093743119,8.8740937822564,9.4872193590107
57.049999999998,2.7511393877033,-2.701318875879,0.79170776906622,1.4974944083271,5,4.9999999995556,3.895122044776,7.6355809954764,1016.2508103808,8.872521786689,9.4854051560873
57.074999999998,2.7523400298518,-2.7023524610051,0.79072877845218,1.4320605051446,5,4.9999999995601,3.8967062921626,7.6374433226239,1016.6957560474,8.8709424317825,9.4835816581851
57.099999999998,2.7535084955127,-2.7033977034849,0.78976582289401,1.5319190242834,5,4.9999999995645,3.898274043368,7.6392831941545,1017.1415285334,8.8693774638422,9.4817773008009
57.124999999998,2.7546979088391,-2.7044702776066,0.78877211299648,1.5116857328942,5,4.9999999995689,3.8998756423526,7.6411680227058,1017.5848983081,8.8677783404525,9.4799301339122
57.149999999998,2.7558739629899,-2.7055263366171,0.78780110145165,1.6877516600077,5,4.9999999995733,3.9014562637492,7.6430230772656,1018.0215108627,8.8662003510573,9.4781107741442
57.174999999998,2.7570542021426,-2.7065448011269,0.7868328623835,1.0991805081914,5,4.9999999995776,3.9030151846629,7.6448582124945,1018.4533603993,8.8646461054691,9.4763146184868
57.199999999998,2.7582167501619,-2.7075546964478,0.78588642716489,0.75566501104421,5,4.9999999995818,3.9045551218228,7.6466657373434,1018.8881355557,8.8631104041502,9.4745435296127
57.224999999998,2.7593995435177,-2.7086120358485,0.78490327398833,0.95843946285426,5,4.999999999586,3.9061416169318,7.6485321662596,1019.3361714501,8.8615267630876,9.4727146310186
57.249999999998,2.7606150357134,-2.7096575901129,0.78391233575497,1.334901390345,5,4.9999999995902,3.9077449275685,7.6504169908085,1019.7794073315,8.8599284628144,9.4708692817088
57.274999999998,2.7617965173516,-2.7107263578221,0.78289734096454,1.0310263848575,5,4.9999999995943,3.9093380889782,7.6523060058169,1020.2221750238,8.8583376339537,9.4690224364095
57.299999999998,2.7629749502486,-2.711801424574,0.78192933640003,1.1413491382076,5,4.9999999995984,3.9109332292898,7.6541718850871,1020.6570976703,8.8567444806326,9.467190032709
57.324999999998,2.7641602164684,-2.7128796995963,0.78090507269729,1.7093258158051,5,4.9999999996024,3.9125355816343,7.6560736340633,1021.0926351692,8.8551442381038,9.4653311363783
57.349999999998,2.7653191827765,-2.7139365478137,0.77990601251573,1.0927731465104,5,4.9999999996064,3.9141040621275,7.6579332717441,1021.5390201992,8.8535777297975,9.4635127181873
57.374999999998,2.7664982576532,-2.7149744050637,0.77893049305119,1.0424632172346,5,4.9999999996104,3.9156748470385,7.6597823264924,1021.9813125611,8.8520105456808,9.4617019967642
57.399999999998,2.7676831395081,-2.7160561137642,0.77791013825079,1.4804159790416,5,4.9999999996143,3.9172792281412,7.6616836845969,1022.4302089766,8.8504081383251,9.4598425024755
57.424999999998,2.7688406266181,-2.7171043805157,0.77692858670115,1.3219690199809,5,4.9999999996182,3.9188408425597,7.6635281582445,1022.8846435106,8.8488487670329,9.4580369892006
57.449999999998,2.7700289161336,-2.718168201442,0.77590743363268,0.87775797939407,5,4.999999999622,3.9204357553898,7.6654219640753,1023.3293222072,8.8472566624455,9.4561868835025
57.474999999998,2.7711772683279,-2.7192218785565,0.77494297533072,1.7993872377532,5,4.9999999996259,3.9219942637227,7.6672547564913,1023.7689369412,8.8456998837514,9.4543898596388
57.499999999998,2.7723818082065,-2.7202826815742,0.77387544660824,0.59173034869835,5,4.9999999996296,3.9235993242704,7.669182407117,1024.2223322986,8.8440984810265,9.452514715999
57.524999999998,2.7735592482212,-2.7213492137205,0.772921949462,1.7433482895647,5,4.9999999996334,3.925187989058,7.6710352461859,1024.6701631297,8.8425120939391,9.4506938870668
57.549999999998,2.7746892022062,-2.7223424974086,0.77196763217239,1.6426958607111,5,4.999999999637,3.9266924519167,7.6728168550045,1025.1124344209,8.841011155347,9.4489527311097
57.574999999998,2.7758333783524,-2.7233061503927,0.7709974396001,1.3914754793509,5,4.9999999996407,3.9281883684007,7.6745998411947,1025.5624696613,8.8395212435816,9.4472163048074
57.599999999998,2.7769917556849,-2.7243139047875,0.77000764730526,1.0192777819213,5,4.9999999996443,3.9297237533573,7.6764266131432,1026.0049853966,8.8379900189159,9.4454343226401
57.624999999998,2.7781572471156,-2.7253454120923,0.76903810807679,1.2290885881393,5,4.9999999996479,3.9312801522762,7.6782602935708,1026.4452716799,8.8364369198886,9.4436390333837
57.649999999998,2.779303787311,-2.7263673238761,0.7680645698122,1.3674003336816,5,4.9999999996514,3.9328160097284,7.680078709053,1026.8798056508,8.8349039794156,9.4418612098056
57.674999999998,2.7804562090431,-2.7273758160324,0.76708895812943,0.8924181267343,5,4.999999999655,3.9343473922012,7.6818944597059,1027.3137249421,8.8333764281234,9.4400877122339
57.699999999998,2.7816050061469,-2.7283899981718,0.76610656115338,1.2163931704992,5,4.9999999996584,3.9358798086582,7.6837147355136,1027.7549314399,8.8318473896807,9.4383104448664
57.724999999998,2.7827537781798,-2.7294170726392,0.76513701324077,1.3250239239734,5,4.9999999996619,3.93742076912,7.6855353349479,1028.1998794873,8.8303092149509,9.4365291745564
57.749999999998,2.7839238083908,-2.7304170247588,0.76414767224087,1.0869105603737,5,4.9999999996653,3.9389598841048,7.6873649990018,1028.654435937,8.8287753342876,9.4347449574739
57.774999999998,2.7850944676398,-2.7314758217204,0.76315187447393,1.4033834648383,5,4.9999999996686,3.940538330836,7.689231307464,1029.1039134868,8.8271992245466,9.4329189622456
57.799999999998,2.7862652807968,-2.7324890773108,0.7621698429767,1.4561680440845,5,4.999999999672,3.9420867139733,7.6910648494465,1029.5493465735,8.825655348282,9.4311279991446
57.824999999998,2.7874243017425,-2.7335157330251,0.76115257251282,0.956717930212,5,4.9999999996753,3.9436350522788,7.6929174667045,1029.9961588168,8.8241102596706,9.4293234949834
57.849999999998,2.7885897704355,-2.7345461046744,0.76020019882659,1.2672989193228,5,4.9999999996785,3.9451906817366,7.6947414729129,1030.4453400565,8.8225579938241,9.4275351647494
57.874999999998,2.7897423266828,-2.7355228743374,0.7592367514686,1.317772272113,5,4.9999999996818,3.9467014646058,7.6965333143371,1030.8961888681,8.8210528865292,9.4257870774562
57.899999999998,2.7908914433016,-2.7364855892419,0.75826788821571,0.99993135569474,5,4.999999999685,3.9482005606638,7.6983182471072,1031.3542021248,8.8195601841951,9.4240487055883
57.924999999998,2.7920619638378,-2.7375359139604,0.75728211933475,1.1346499530141,5,4.9999999996882,3.9497732336558,7.7001743291707,1031.8092818643,8.8179901956038,9.4222320625625
57.949999999998,2.7932258477223,-2.7385444693929,0.75630400997946,1.5992730511377,5,4.9999999996913,3.9513133017572,7.7019987489875,1032.2608296573,8.8164545447223,9.4204502686522
57.974999999998,2.7944031553589,-2.7395356846824,0.75531276800505,1.0338727374999,5,4.9999999996944,3.9528523147596,7.7038293559014,1032.7213942221,8.814921760378,9.4186665461973
57.999999999998,2.795559257514,-2.740552933709,0.7543453143617,1.156075763965,5,4.9999999996975,3.9543922393601,7.7056479637007,1033.1955435016,8.813385416667,9.4168878874291
58.024999999998,2.7967322710186,-2.7415667906818,0.75333792884626,0.87418431525513,5,4.9999999997005,3.95594268015,7.7074969342844,1033.6358212683,8.811839578256,9.4150862926417
58.049999999998,2.7978928231817,-2.7425824086462,0.75237975761588,1.2753762699835,5,4.9999999997035,3.9574848737737,7.7093125480318,1034.06267309,8.8103012630287,9.4133090870251
58.074999999998,2.7990625633757,-2.7436024944494,0.75139520485039,1.1291269247085,5,4.9999999997065,3.9590369263396,7.7111505391405,1034.5089446238,8.8087533079539,9.4115135828579
58.099999999998,2.8002459159353,-2.744610100677,0.75040318856016,1.1595655534518,5,4.9999999997095,3.9605911443392,7.7129943639451,1034.9590762456,8.8072046357189,9.4097147947357
58.124999999998,2.8014089169488,-2.7456204500643,0.74942842245681,1.5553046842806,5,4.9999999997124,3.9621317212576,7.7148174235157,1035.4074414445,8.805668343149,9.4079336822076
58.149999999998,2.8025784608653,-2.7466191042907,0.74843807611416,1.3427442569512,5,4.9999999997153,3.9636696234771,7.7166466116184,1035.8579561219,8.8041357531874,9.4061505656332
58.174999999998,2.803761536878,-2.7476347576072,0.74745904224311,0.83895133119333,5,4.9999999997182,3.9652288606339,7.7184877329702,1036.2973581394,8.802581565436,9.404351230864
58.199999999998,2.8049307334942,-2.7486419386114,0.74647711157134,1.069808294896,5,4.999999999721,3.966772050286,7.7203168371625,1036.7358226986,8.8010431670623,9.4025656703855
58.224999999998,2.8060995797379,-2.7496378350421,0.7454776968812,1.0026261049764,5,4.9999999997238,3.9683076320137,7.7221490055405,1037.1787020294,8.799513032507,9.4007817078407
58.249999999998,2.8072605941,-2.7506572984225,0.74451500351075,1.2323887620676,5,4.9999999997266,3.9698527080419,7.7239694556108,1037.6261815442,8.7979716725588,9.3990001750445
58.274999999998,2.8084216459537,-2.7516519198356,0.74354430738839,1.4136962829554,5,4.9999999997293,3.9713815354234,7.7257804122984,1038.0724484432,8.7964479334098,9.3972323346778
58.299999999998,2.8096020948925,-2.7526720629467,0.74254594135483,1.3678670721377,5,4.9999999997321,3.9729417122288,7.7276326775065,1038.5208839978,8.7948924141598,9.3954250265344
58.324999999998,2.8107717031111,-2.7536899255198,0.741560407095,1.0873597510455,5,4.9999999997348,3.9744922049256,7.7294698779256,1038.9699270473,8.7933461468069,9.3936309085123
58.349999999998,2.8119338931033,-2.754717266018,0.74058557431349,1.1450558139564,5,4.9999999997374,3.9760433703189,7.7313019295158,1039.4151881416,8.7917983695429,9.3918391560823
58.374999999998,2.8131153248668,-2.7556987072245,0.73960486206729,1.050826343684,5,4.9999999997401,3.9775792765183,7.7331242369441,1039.8594133963,8.790269655611,9.3900631961121
58.399999999998,2.8142959477785,-2.756694977354,0.73861278774967,1.0750166778322,5,4.9999999997427,3.9791240822118,7.7349601661591,1040.3034960537,8.7887309793546,9.3882739301908
58.424999999998,2.8154613394928,-2.7576824437726,0.73765216486939,1.0260662897792,5,4.9999999997453,3.9806515728912,7.7367646118063,1040.7496262167,8.7872092791792,9.386511630572
58.449999999998,2.8166299425009,-2.7587105076498,0.73666440517098,1.3403505662259,5,4.9999999997479,3.9822080266574,7.7386080372992,1041.2011664049,8.7856564806107,9.3847106916888
58.474999999998,2.8178094091334,-2.7597313246493,0.73566634563351,1.2832987731551,5,4.9999999997504,3.9837679012945,7.7404598827906,1041.6474870153,8.7841011857994,9.3829038105878
58.499999999998,2.8189870648131,-2.7607384277277,0.73468830557284,1.3120121126707,5,4.9999999997529,3.985317459138,7.7422922833665,1042.0963428972,8.7825569097036,9.381114297603
58.524999999998,2.8201659949629,-2.7617583370456,0.73370113470689,1.1982372820695,5,4.9999999997554,3.9868763341538,7.7441374385452,1042.5427399008,8.7810026406575,9.379312234991
58.549999999998,2.8213299665772,-2.7627527977972,0.73271223774835,1.0921335536576,5,4.9999999997579,3.9884072757286,7.7459599915074,1042.9878557696,8.7794769800543,9.3775363649665
58.574999999998,2.8224876786105,-2.7637380773675,0.73175411435729,0.88377819361814,5,4.9999999997603,3.9899274970887,7.747756953782,1043.4425304948,8.7779622492122,9.3757815567675
58.599999999998,2.8236549726451,-2.7647609820788,0.73077058587984,1.2633032785731,5,4.9999999997627,3.9914795632637,7.7495944079114,1043.8973676892,8.7764140460406,9.373986498673
58.624999999998,2.8248338532384,-2.7657909796075,0.72976364344211,1.0942393256184,5,4.9999999997651,3.9930450198623,7.7514557481369,1044.3564440927,8.7748526511876,9.3721708797007
58.649999999998,2.8260177533303,-2.7668052659271,0.72878623837885,1.5269319039175,5,4.9999999997675,3.9946039926542,7.7532957798822,1044.8113272352,8.7732988878224,9.3703727975802
58.674999999998,2.8272229645996,-2.7678277069984,0.72778109064503,1.1999440403604,5,4.9999999997698,3.9961844735773,7.7551688100247,1045.2631148143,8.7717243355239,9.3685455218075
58.699999999998,2.8283895277865,-2.7688271685389,0.72680544884451,1.4062992972385,5,4.9999999997721,3.9977206353656,7.756988609454,1045.7150874985,8.7701933089456,9.3667693774302
58.724999999998,2.8295653672713,-2.7698059532929,0.72583040743186,1.1472478186581,5,4.9999999997744,3.9992505432349,7.7588028100616,1046.1671791737,8.7686704474739,9.3650011041338
58.749999999998,2.8307329894218,-2.7707945346284,0.72485713696364,0.88995223327817,5,4.9999999997767,4.0007804564819,7.7606160640283,1046.6202415798,8.7671464101852,9.3632323669306
58.774999999998,2.8319254141386,-2.7718142643828,0.72385368390606,0.75989486068123,5,4.9999999997789,4.0023494451616,7.7624784934944,1047.0739232267,8.765582790328,9.3614159856481
58.799999999998,2.8330828124091,-2.7728383451983,0.72288322121843,1.6023425594832,5,4.9999999997812,4.0038948616987,7.7643033524208,1047.5295800636,8.7640407275204,9.3596313863786
58.824999999998,2.8342538355536,-2.7738413321684,0.72189099905221,1.3984889267939,5,4.9999999997834,4.0054367041249,7.7661368689585,1047.986634521,8.7625040668407,9.3578442226759
58.849999999998,2.8354640145964,-2.7748996706223,0.72083909573172,0.61208623054136,5,4.9999999997855,4.0070443774744,7.7680580962211,1048.4420962805,8.7609005259821,9.3559735040467
58.874999999998,2.8366071739208,-2.775941970623,0.71986307556522,1.6902478295771,5,4.9999999997877,4.0085913753841,7.7698872539229,1048.9023539319,8.7593555403132,9.354184263937
58.899999999998,2.8377742060203,-2.7769618362415,0.71883730859159,1.1634371149655,5,4.9999999997898,4.0101412430561,7.7717458253326,1049.3821102875,8.757809698982,9.3523767828196
58.924999999998,2.8389444771757,-2.7780413393849,0.71785897453536,1.2614730789693,5,4.999999999792,4.01173336793,7.7736145144827,1049.8476646997,8.7562192029281,9.3505441446028
58.949999999998,2.840101984378,-2.7790570839353,0.71687413908279,1.3818176521141,5,4.9999999997941,4.0132733549153,7.7754424807798,1050.3104454452,8.7546829941352,9.3487600769605
58.974999999998,2.8412684711924,-2.7800572003009,0.71588178081603,1.3226514701555,5,4.9999999997961,4.0148098848476,7.777271606025,1050.775082465,8.753151573888,9.3469778707205
58.999999999998,2.84242049947,-2.7810677035253,0.71490473521117,0.99827470203409,5,4.9999999997982,4.0163422966457,7.7790889953704,1051.2371626216,8.7516229474014,9.345203667589
59.024999999998,2.8436055505373,-2.7820876134188,0.71389258361781,1.4260926636212,5,4.9999999998002,4.0179058062309,7.7809515240469,1051.696448771,8.750064403453,9.3433891514228
59.049999999998,2.8447869095648,-2.7831416586462,0.71288439630158,0.83047916865609,5,4.9999999998022,4.0194890372606,7.7828285062413,1052.1649107221,8.7484842015703,9.3415557595723
59.074999999998,2.8459532522538,-2.7841862866373,0.71188865626054,1.4595556800711,5,4.9999999998042,4.0210547967913,7.7846840657627,1052.6320266972,8.746921257944,9.3397429107927
59.099999999998,2.8471415918396,-2.785243646104,0.71086744778926,0.97421740348973,5,4.9999999998062,4.0226454444622,7.78657431092,1053.0960461321,8.7453337917521,9.3378981833278
59.124999999998,2.8482983927973,-2.7862599682754,0.70988326151545,1.3186096100986,5,4.9999999998081,4.02418528186,7.7884018015036,1053.5724455975,8.743797678693,9.3361145449871
59.149999999998,2.8494667666245,-2.7872805070851,0.70888435363251,1.1031777834689,5,4.9999999998101,4.0257366028655,7.7902469068721,1054.0438857201,8.7422504283795,9.3343153319549
59.174999999998,2.85065078148,-2.7883393951514,0.70784752770935,1.029433017951,5,4.999999999812,4.0273250408137,7.7921437840716,1054.5176907508,8.7406649221407,9.3324670176334
59.199999999998,2.8517968142745,-2.7893765574295,0.70688262723052,1.9234603563793,5,4.9999999998139,4.0288707111398,7.7939659063757,1054.9907433925,8.7391215781892,9.3306834135055
59.224999999998,2.8529563263923,-2.7903559813002,0.70589924712183,1.25756299107,5,4.9999999998157,4.0303885185946,7.795774435034,1055.4565989894,8.7376097855314,9.328922900344
59.249999999998,2.8541519073285,-2.7913630808761,0.70489892384134,0.64482377382234,5,4.9999999998176,4.0319517406936,7.7976303202666,1055.9185378735,8.7360529515166,9.3271142809802
59.274999999998,2.8553058247797,-2.7923699607963,0.70392160554985,1.3658990623546,5,4.9999999998194,4.0334831885895,7.7994470436084,1056.3764606922,8.7345255858925,9.3253413376867
59.299999999998,2.856512001996,-2.793363797034,0.70289580787726,0.90235616780062,5,4.9999999998213,4.0350460622071,7.8013164913369,1056.8422779724,8.7329707280849,9.3235256795639
59.324999999998,2.8576893587153,-2.7943861015968,0.70188318276806,1.7255451769944,5,4.9999999998231,4.0366053169854,7.8031757075899,1057.3090807125,8.7314159143918,9.3217146943717
59.349999999998,2.8588677325958,-2.7954064596047,0.70087183301027,1.4988311829518,5,4.9999999998248,4.03816406503,7.8050338044117,1057.7782429559,8.7298617702268,9.319904800406
59.374999999998,2.860080927771,-2.7964739739053,0.69981811496579,1.0041490699719,5,4.9999999998266,4.0397800567735,7.8069629884445,1058.2418410225,8.7282496166159,9.3180257521999
59.399999999998,2.8612502403694,-2.7975133377179,0.6988367788479,1.7888393164407,5,4.9999999998283,4.0413445276386,7.8088097666293,1058.7092559993,8.7266883413556,9.3162197212353
59.424999999998,2.8624193379461,-2.7985166122671,0.69782120861692,1.1472991650253,5,4.9999999998301,4.0428850953797,7.81065495818,1059.175967816,8.7251528692365,9.3144258925584
59.449999999998,2.8636211615723,-2.799515503377,0.69681697703139,1.2868933118721,5,4.9999999998318,4.0444478376738,7.8125125492425,1059.6464748935,8.7235974942432,9.3126174067349
59.474999999998,2.8648051400384,-2.8005464851632,0.69578006913037,1.1039892789308,5,4.9999999998335,4.0460177830397,7.8143940131531,1060.128006524,8.7220318648994,9.3107878965475
59.499999999998,2.8659880196534,-2.8016020481244,0.69477144305346,1.4427251311672,5,4.9999999998352,4.0476031591302,7.8162730405376,1060.5978842478,8.7204495380027,9.3089526598842
59.524999999998,2.8672335785325,-2.8026921197421,0.69369438040173,1.4818094643076,5,4.9999999998368,4.0492583549051,7.8182478157169,1061.0682766052,8.7187985951612,9.3070292162449
59.549999999998,2.8683898230513,-2.8037080153026,0.69268217213737,1.837448863814,5,4.9999999998385,4.0507974927082,7.8200899641223,1061.5371020843,8.7172632013543,9.3052367284816
59.574999999998,2.8695561819813,-2.8047238125755,0.6917019800365,1.4104125451427,5,4.9999999998401,4.0523441786018,7.8219210877685,1062.0084073623,8.715720764478,9.3034488597323
59.599999999998,2.8707421801944,-2.8057794555056,0.69065889483227,1.3481865668742,5,4.9999999998417,4.0539319360635,7.8238208247242,1062.4826573069,8.7141361921584,9.3015995350962
59.624999999998,2.8719415469837,-2.8068341696685,0.68963413755561,1.4936608136147,5,4.9999999998433,4.0555290906148,7.8257184627657,1062.9560867513,8.712542878263,9.2997484495244
59.649999999998,2.8731203908604,-2.8079290686527,0.68859584843323,1.4664762434286,5,4.9999999998449,4.0571379649639,7.8276332789378,1063.4265367382,8.7109354356307,9.2978794128982
59.674999999998,2.8742836398471,-2.8089477458979,0.68759993868602,1.931508122201,5,4.9999999998464,4.0586842028289,7.8294724873979,1063.8954496495,8.7093931440754,9.2960862507347
59.699999999998,2.8754396011463,-2.8099647270657,0.68656018271169,1.61209444595,5,4.999999999848,4.060223844742,7.8313303328454,1064.3769210432,8.7078571852884,9.2942837103654
59.724999999998,2.8766222599557,-2.8110404579801,0.68556075724347,1.8728178100198,5,4.9999999998495,4.061822556367,7.8332157320409,1064.8517588645,8.7062606875759,9.2924385677232
59.749999999998,2.8777685450244,-2.8120312638277,0.68457902041887,2.0024493286467,5,4.999999999851,4.0633377018011,7.8350211330709,1065.3227970434,8.7047501439236,9.2906801560324
59.774999999998,2.8789185474653,-2.8130197122387,0.68359215578856,1.3142932199579,5,4.9999999998525,4.0648541238648,7.8368303974722,1065.79524552,8.7032386632627,9.2889190909393
59.799999999998,2.8801360786973,-2.8140662110899,0.68254309103282,1.4251769869817,5,4.999999999854,4.0664595964265,7.8387482293231,1066.261119589,8.7016384236557,9.2870531444858
59.824999999998,2.8812920069997,-2.8150565971454,0.68156200874682,0.9945929488929,5,4.9999999998555,4.067981777355,7.8405591841075,1066.7368327797,8.7001214014587,9.2852889423648
59.849999999998,2.8824865866329,-2.8160805740107,0.68054145434755,1.3701588613035,5,4.9999999998569,4.0695551651396,7.8424345721747,1067.2091274139,8.6985533182164,9.2834631232678
59.874999999998,2.8836685175552,-2.8171536946364,0.67951947634755,1.4677342606938,5,4.9999999998584,4.0711515825606,7.8443300899442,1067.6830753087,8.6969591949655,9.2816124251334
59.899999999998,2.8849042204604,-2.8181909171292,0.67846521407231,1.7034464224644,5,4.9999999998598,4.0727648996931,7.8462573317855,1068.1549574278,8.6953527777777,9.2797389489045
59.924999999998,2.8860694549369,-2.8192079777473,0.67747354880544,1.0645223960696,5,4.9999999998612,4.0743115682697,7.8480946079454,1068.6277627475,8.6938102539794,9.2779472231234
59.949999999998,2.8872504897288,-2.8202524796236,0.67643596396141,1.28544392689,5,4.9999999998626,4.0758882189442,7.8499820426218,1069.1057483509,8.6922371108316,9.2761107875417
59.974999999998,2.8884222017112,-2.8213491661917,0.67540482351103,1.6057410497736,5,4.999999999864,4.0774930960106,7.8518896277514,1069.5810891572,8.6906334240179,9.2742479996122
59.999999999998,2.8895926322969,-2.822357883869,0.67441168676226,1.8928135179087,5,4.9999999998654,4.0790382235485,7.853726402019,1070.051329064,8.6890931813553,9.2724579491303
60.024999999998,2.8908409116027,-2.8233806577963,0.67333759748197,1.2705612639471,5,4.9999999998667,4.080651997923,7.8556649415501,1070.5152810551,8.6874882023421,9.2705789938132
60.049999999998,2.8920240448026,-2.8244362758428,0.67233833351031,1.0508847907799,5,4.9999999998681,4.0822375998998,7.8575391512807,1070.9919421733,8.6859056856723,9.268747224702
60.074999999998,2.893173603628,-2.8254342121546,0.67134625518925,1.7357017583812,5,4.9999999998694,4.0837598884321,7.859356176809,1071.460551654,8.6843877909647,9.2669785384445
60.099999999998,2.8943434959073,-2.8264945470579,0.67032604817635,1.3897245470266,5,4.9999999998707,4.0853387988324,7.8612360120149,1071.9301106502,8.6828112338963,9.2651450791311
60.124999999998,2.8954957181154,-2.8274746408871,0.6693558333179,1.993026110412,5,4.999999999872,4.0868514785509,7.8630330976562,1072.3948332828,8.6813041552776,9.2633941921085
60.149999999998,2.8966523019606,-2.8284669846774,0.6683522645632,1.3204226252645,5,4.9999999998733,4.0883754314337,7.8648578120543,1072.868621976,8.6797853016293,9.2616206500458
60.174999999998,2.8978444996617,-2.8294942906273,0.66734248112632,0.95660441948818,5,4.9999999998746,4.0899491826445,7.8667276664504,1073.3429929716,8.6782165483301,9.2597981928359
60.199999999998,2.8989991928874,-2.8305145452447,0.66633521360839,1.0010191330482,5,4.9999999998758,4.0914900382282,7.8685685422698,1073.8141117833,8.6766791818544,9.2580060462952
60.224999999998,2.900235212359,-2.831541970812,0.66528902037332,0.83872444277143,5,4.9999999998771,4.0930973177404,7.8704863190336,1074.2919251309,8.6750795340676,9.256141971689
60.249999999998,2.9014109207573,-2.8325775603435,0.66426981600837,0.99293775084234,5,4.9999999998783,4.094664077427,7.8723554133204,1074.7787640183,8.6735164902499,9.2543216337071
60.274999999998,2.9025692181341,-2.8336107231427,0.66328049972589,1.6977256273871,5,4.9999999998795,4.0962161979709,7.8741960178107,1075.2620289709,8.6719674153786,9.2525248267202
60.299999999998,2.9037733966647,-2.8346067745651,0.66224542766705,1.1216355788595,5,4.9999999998808,4.0977789405504,7.8760704613379,1075.7416359571,8.6704124713563,9.250706584239
60.324999999998,2.9049581832259,-2.8356237012033,0.66124953492981,1.1988976791628,5,4.999999999882,4.0993403050124,7.8779223958203,1076.2312308988,8.6688563202646,9.2489008866212
60.349999999998,2.9061141925961,-2.8365931273293,0.66026490091509,0.92164576781985,5,4.9999999998831,4.1008489947345,7.8797239642539,1076.7169377081,8.6673541817421,9.2471497554446
60.374999999998,2.9073162479263,-2.8376282617158,0.65922936804875,0.83760854352647,5,4.9999999998843,4.102435323898,7.8816183687862,1077.2143544606,8.6657729455362,9.2453067647018
60.399999999998,2.9084927506475,-2.8386851880081,0.65822520305679,1.67689589472,5,4.9999999998855,4.1040168585452,7.8834917612094,1077.70396984,8.6641941795752,9.2434770382546
60.424999999998,2.9096863045386,-2.8397124606146,0.65720440924079,1.3809673481318,5,4.9999999998866,4.1055916156373,7.8853684284452,1078.1954400582,8.6626245143739,9.2416500654234
60.449999999998,2.910884834526,-2.8407868917915,0.65616480147851,1.5940802680438,5,4.9999999998878,4.1072012356187,7.8872845862634,1078.6870558766,8.661017816096,9.2397818434082
60.474999999998,2.9120647689774,-2.8417874020264,0.6551666644071,1.6447733843252,5,4.9999999998889,4.1087482540542,7.8891256575963,1079.1801166738,8.6594767612695,9.2379896175963
60.499999999998,2.9132459512881,-2.8427722706194,0.65416183820543,1.0083491956333,5,4.99999999989,4.1102861610074,7.8909627295851,1079.6680760418,8.657945955073,9.2362046863242
60.524999999998,2.9144293039556,-2.8438423436887,0.65312606188817,1.0514052181722,5,4.9999999998911,4.1118815856872,7.8928648895386,1080.1546201883,8.6563530303422,9.2343507648744
60.549999999998,2.9156142425,-2.8448865969582,0.65211121493548,1.4940693695929,5,4.9999999998922,4.1134609983139,7.8947422436827,1080.6388076743,8.6547773541769,9.232520318827
60.574999999998,2.9167890974267,-2.8459261506515,0.6510793076931,1.4620927576849,5,4.9999999998933,4.1150297417537,7.8966199520032,1081.1237955656,8.653212110449,9.2306937305638
60.599999999998,2.9179508673778,-2.8469380370729,0.65007198112386,1.3252969446216,5,4.9999999998944,4.1165703986101,7.898460693801,1081.6078005719,8.6516757435338,9.2289027890472
60.624999999998,2.9191285481722,-2.8479760673338,0.64906281722066,1.6175909923967,5,4.9999999998955,4.1181402517484,7.9003269335122,1082.0916086033,8.650109599407,9.227083310952
60.649999999998,2.9203523229458,-2.8490137229648,0.64803870946168,1.2561230717694,5,4.9999999998965,4.1197447310736,7.9022303910523,1082.5723986425,8.6485113203017,9.2252285233702
60.674999999998,2.9215594707039,-2.8500894847309,0.64699074356833,1.4628525661906,5,4.9999999998976,4.121361663072,7.9041572282538,1083.0617769828,8.6468976294395,9.2233510026819
60.699999999998,2.9227518443795,-2.8511358900712,0.6459401553461,1.3992169265646,5,4.9999999998986,4.1229480801415,7.9060599775098,1083.5474173172,8.6453152046275,9.2215019012378
60.724999999998,2.9238731019755,-2.8521448818359,0.64500132003489,1.9815400788065,5,4.9999999998996,4.1244564842577,7.9078366864672,1084.0365054829,8.6438093821436,9.2197635161271
60.749999999998,2.9250245042346,-2.853131255662,0.643993848678,1.8942045643383,5,4.9999999999006,4.1259726176579,7.9096570323195,1084.5145564138,8.6422984578334,9.2179964856047
60.774999999998,2.9262575128964,-2.8542010476674,0.64294753285326,1.0761894311299,5,4.9999999999016,4.1276050285421,7.9115959861869,1084.9941540097,8.6406708398214,9.2161065557307
60.799999999998,2.9274039032051,-2.85521133802,0.64195756563897,1.9946683333851,5,4.9999999999026,4.1291330656282,7.9134166817743,1085.4770569945,8.639146430939,9.2143330078178
60.824999999998,2.9285923725203,-2.8562246802373,0.64093227289291,1.2048339499589,5,4.9999999999036,4.1306948984498,7.915284982333,1085.9624168329,8.6375902749982,9.2125174273297
60.849999999998,2.9297571311156,-2.8572551683189,0.6399430299868,1.809008995812,5,4.9999999999046,4.1322500731253,7.9171281236187,1086.4505430399,8.6360385915295,9.210718593743
60.874999999998,2.9309196952388,-2.858270982833,0.63893156653274,1.6214167760528,5,4.9999999999055,4.1337939107035,7.9189737922743,1086.9279918155,8.6344988891048,9.2089232851185
60.899999999998,2.9320769586123,-2.8593008928641,0.63793659769097,1.4313125845409,5,4.9999999999065,4.1353430953883,7.9208149702081,1087.4107762229,8.6329528876615,9.2071278225541
60.924999999998,2.9332539726003,-2.8603389675427,0.63690088671653,1.3501495767772,5,4.9999999999074,4.1369124777402,7.9226953048031,1087.9029820585,8.631387197574,9.2052997550533
60.949999999998,2.934418244642,-2.8613704160109,0.63589716610613,1.3334895305018,5,4.9999999999083,4.1384679247273,7.9245464856136,1088.3847849171,8.6298351780528,9.2034956433655
60.974999999998,2.9355847745379,-2.8623683606273,0.63488287675991,1.6196608415225,5,4.9999999999093,4.1400030747054,7.9263864498343,1088.871543905,8.6283054053183,9.2017087371931
60.999999999998,2.9367463312736,-2.8634086789872,0.63390197189822,1.5717779749686,5,4.9999999999102,4.1415623938967,7.9282286362222,1089.3565719726,8.626748987449,9.1999084642846
61.024999999998,2.937910087149,-2.8644230345704,0.63289582348452,1.3610359230064,5,4.9999999999111,4.1431061701067,7.9300713460792,1089.8419567052,8.6252094936993,9.1981153071845
61.049999999998,2.939061785956,-2.8654750751622,0.6318993051365,1.4154754407578,5,4.999999999912,4.1446660417517,7.9319223588741,1090.3231905973,8.6236516678212,9.1963083228003
61.074999999998,2.9402549392641,-2.8665314743911,0.63085278474435,1.2559293265024,5,4.9999999999129,4.1462596521644,7.9338288737779,1090.8025677614,8.622061607049,9.1944537602192
61.099999999998,2.9414446244113,-2.8675936596246,0.62982844954954,1.5757792856137,5,4.9999999999137,4.1478545152368,7.9357243554611,1091.2874113223,8.6204698690124,9.1926053492503
61.124999999998,2.9426267757633,-2.868623800505,0.62880462088321,1.9443120007644,5,4.9999999999146,4.1494225305596,7.9375970265989,1091.7697332038,8.6189062228007,9.1907834761235
61.149999999998,2.9438252841861,-2.8696377102435,0.62777677171582,1.1693366920226,5,4.9999999999155,4.15099238259,7.9394734352187,1092.2548648831,8.6173426293801,9.1889602755406
61.174999999998,2.9449586597555,-2.8706233678595,0.62681740701272,1.4760248100426,5,4.9999999999163,4.1524944016036,7.9412556927059,1092.7357694813,8.6158449110171,9.1872226470711
61.199999999998,2.9461288464193,-2.871617521185,0.62582721222198,1.5228295205277,5,4.9999999999172,4.1540298747107,7.9430827568499,1093.2169854675,8.6143152804389,9.1854444046899
61.224999999998,2.9473164812203,-2.8726789776293,0.62479413325113,1.2740924931771,5,4.999999999918,4.1556227231667,7.94498128743,1093.700988738,8.612725508786,9.1835948929725
61.249999999998,2.9485151463203,-2.8737277259493,0.623762062807,1.1466166331738,5,4.9999999999188,4.1572154161882,7.9468791389686,1094.1802990492,8.6111370277169,9.1817469605668
61.274999999998,2.9496837328746,-2.8747969956001,0.62271836745589,1.028532019358,5,4.9999999999196,4.1587993770844,7.9487760396267,1094.6651926145,8.609555085912,9.1799011463561
61.299999999998,2.9508294611254,-2.8757959770777,0.62175690329313,2.0216898911703,5,4.9999999999205,4.1603194616931,7.9505746698148,1095.1464590005,8.6080392147554,9.178145848701
61.324999999998,2.9520193105077,-2.8768152818989,0.62073501913726,1.5623471304404,5,4.9999999999213,4.161886217536,7.9524452235027,1095.6260073475,8.6064778807859,9.1763269667391
61.349999999998,2.9531807076988,-2.8778280434084,0.619739542093,1.5783927074786,5,4.999999999922,4.1634271683173,7.9542797544662,1096.1058433287,8.6049411979294,9.1745403840386
61.374999999998,2.9543437702071,-2.8788102463774,0.61873637017669,1.7272460849421,5,4.9999999999228,4.1649494813831,7.9561028811662,1096.5898627804,8.6034250882244,9.1727704462667
61.399999999998,2.9555174198182,-2.8798363612285,0.61771825109155,1.1857055081554,5,4.9999999999236,4.1665084442105,7.957964850975,1097.0697407182,8.6018702982237,9.1709590638514
61.424999999998,2.9567141807699,-2.8808834879863,0.61671429417095,0.88125096635384,5,4.9999999999244,4.1680986364073,7.959845446817,1097.5484869682,8.6002843197482,9.1691233572487
61.449999999998,2.9578761180141,-2.8818712407734,0.61572690238099,1.6210925465086,5,4.9999999999251,4.1696236786126,7.9616622286627,1098.0205200897,8.5987650578289,9.1673559890554
61.474999999998,2.9590606020938,-2.8829293201089,0.61469516140309,1.4030822926208,5,4.9999999999259,4.1712119274644,7.9635561726588,1098.4971313327,8.5971799162259,9.165511469698
61.499999999998,2.9602309675535,-2.8839927160694,0.61367802402137,1.9133254869657,5,4.9999999999266,4.1727932453572,7.965436368056,1098.9767172994,8.595600913397,9.1636777894531
61.524999999998,2.9613804971964,-2.8849813613168,0.61267745280368,1.8270998206094,5,4.9999999999274,4.1743094372399,7.9672529529251,1099.4568216806,8.5940897395293,9.161913493783
61.549999999998,2.962553980969,-2.8860058254284,0.61167820073793,1.5099305119741,5,4.9999999999281,4.1758671891073,7.9691036542979,1099.9368380556,8.5925362495255,9.1601099798418
61.574999999998,2.9637172814612,-2.8870641459971,0.61065675823749,1.6598702745594,5,4.9999999999288,4.1774398653173,7.9709789290093,1100.4115827382,8.5909658254054,9.1582829094185
61.599999999998,2.9649006515043,-2.8881944764403,0.60960696735922,1.878488898098,5,4.9999999999295,4.1790763284453,7.9729231698528,1100.8919505762,8.5893300614209,9.1563847431702
61.624999999998,2.9660763239348,-2.8891672496808,0.60861715636833,1.7459147951426,5,4.9999999999303,4.1806022686282,7.9747420209295,1101.3688346853,8.5878118185573,9.1546176181292
61.649999999998,2.9672399340752,-2.8901942696738,0.6076010412498,1.2193171149028,5,4.999999999931,4.1821542862262,7.976597081187,1101.8479195863,8.5862634524771,9.1528131414186
61.674999999998,2.9684034345543,-2.8912092209625,0.606607690709,1.8352812287546,5,4.9999999999317,4.1836982614473,7.978433001877,1102.3230333269,8.5847237527104,9.1510246975381
61.699999999998,2.9695779019272,-2.8922696394329,0.60558119278698,1.2066173527164,5,4.9999999999323,4.1852806207435,7.9803191511093,1102.8063305963,8.5831439949658,9.1491872131258
61.724999999998,2.9707595631254,-2.8933051167581,0.60456704324506,2.2568432489779,5,4.999999999933,4.1868517784308,7.9821891874116,1103.2857617792,8.5815769321644,9.1473659328061
61.749999999998,2.9719254556217,-2.8943573132877,0.60352163945874,1.8973476530374,5,4.9999999999337,4.1884222633399,7.9840757959895,1103.759497656,8.5800090518825,9.1455330838328
61.774999999998,2.9731019378525,-2.8954365425145,0.60251501600741,1.5194536234627,5,4.9999999999344,4.1900187739611,7.9859631584179,1104.2310653436,8.5784144955804,9.1436886527017
61.799999999998,2.9742798520685,-2.8964720891878,0.60148770784578,1.9540016260179,5,4.999999999935,4.1915871612898,7.9878380453136,1104.6993630777,8.5768500196314,9.1418653004542
61.824999999998,2.975420976568,-2.8975046206519,0.60048471687852,1.6317613085493,5,4.9999999999357,4.1931260850526,7.9896749658966,1105.1806233686,8.5753135373898,9.1400766470411
61.849999999998,2.9765897693795,-2.8984999591757,0.59949503207724,1.8949774673061,5,4.9999999999363,4.1946612643298,7.9915015067308,1105.6543396127,8.5737840860686,9.1382992128018
61.874999999998,2.9777702524972,-2.8995333277914,0.59848034339536,1.2497343814988,5,4.999999999937,4.1962301464436,7.9933699242987,1106.1338888983,8.5722193596778,9.1364800485826
61.899999999998,2.9789477461371,-2.9005677680773,0.59743924826418,1.6374579635224,5,4.9999999999376,4.1977974874968,7.9952515292119,1106.6093949805,8.5706559723026,9.1346530241363
61.924999999998,2.9801126186239,-2.9016510414849,0.59644607866792,1.7909929519705,5,4.9999999999382,4.1993882134902,7.9971268411947,1107.086330153,8.5690666997214,9.1328183103549
61.949999999998,2.9812760590349,-2.9026780653613,0.59542058027824,1.6435306811603,5,4.9999999999389,4.2009401064095,7.9989869537128,1107.5566303754,8.5675184652367,9.1310109369422
61.974999999998,2.9824933316395,-2.9037189932361,0.59439898765768,1.0445318386013,5,4.9999999999395,4.2025417566317,8.0008866734071,1108.0317657217,8.5659225199154,9.1291601668746
61.999999999998,2.9836484865407,-2.9047559890172,0.5933846191208,1.6555640865162,5,4.9999999999401,4.2040940913559,8.0027410430101,1108.5054643781,8.5643730118979,9.127355485805
62.024999999998,2.9848349152602,-2.9057750079249,0.59237748646008,1.5298382601194,5,4.9999999999407,4.2056580647062,8.0046012389237,1108.9853571421,8.5628143300381,9.1255447172074
62.049999999998,2.9860028599089,-2.9067874346396,0.5913757711882,1.668446655731,5,4.9999999999413,4.2072037369079,8.0064431227531,1109.4641961626,8.5612733263043,9.1237524276748
62.074999999998,2.9871657408952,-2.9078284246851,0.59035483780481,1.4942748511585,5,4.9999999999419,4.2087644907204,8.0083081314492,1109.9443805348,8.5597155519643,9.1219377767328
62.099999999998,2.9883509071655,-2.9088963886626,0.58933474931619,1.555560025718,5,4.9999999999425,4.2103598484061,8.0102017382378,1110.4281186463,8.5581229261694,9.1200907331228
62.124999999998,2.9895264842414,-2.9099181150161,0.58832604831903,1.7113126239236,5,4.999999999943,4.2119173804934,8.0120573739522,1110.9085829662,8.5565699465056,9.1182848465194
62.149999999998,2.990685856587,-2.9109320602523,0.58731383756975,1.0006213101876,5,4.9999999999436,4.2134575847584,8.0139004148576,1111.3848608888,8.5550338894178,9.1164936460238
62.174999999998,2.9918441090478,-2.9119822413112,0.5863154148731,1.1871296566319,5,4.9999999999442,4.2150210517453,8.015755482754,1111.8697035486,8.5534728292136,9.1146837645853
62.199999999998,2.9930102134263,-2.9130296352693,0.58527787078914,1.8190129496596,5,4.9999999999447,4.2165884806991,8.0176351984908,1112.3532356562,8.5519082383472,9.1128570733653
62.224999999998,2.9941584243862,-2.9140163757641,0.58431812267493,1.6804964221424,5,4.9999999999453,4.2181024309005,8.0194277278923,1112.8348401171,8.5503993886741,9.1111095834654
62.249999999998,2.9953557965403,-2.9150887376958,0.58327556099938,1.5133446816047,5,4.9999999999458,4.2197098077039,8.021343607595,1113.3199349915,8.5487950659879,9.1092439107629
62.274999999998,2.9965277957486,-2.9161536393502,0.58224978672001,1.6854328571947,5,4.9999999999464,4.221293347308,8.0232303536166,1113.8059826534,8.5472138762998,9.1074057646985
62.299999999998,2.9977241240434,-2.9171819204908,0.58122664528245,1.610049187598,5,4.9999999999469,4.2228708654515,8.0251106147406,1114.2894389576,8.5456416657554,9.1055769737021
62.324999999998,2.9988776119639,-2.9181960070719,0.58021859231504,1.7438174323315,5,4.9999999999475,4.2244067384855,8.0269477529395,1114.7717270692,8.5441096507819,9.1037911350999
62.349999999998,3.0000759318363,-2.9192209332727,0.57919625182162,1.0567595162648,5,4.999999999948,4.2259835847791,8.0288270145812,1115.2542001723,8.5425384331637,9.1019635907348
62.374999999998,3.0012191418304,-2.9202096371444,0.57821087257884,1.6833839452559,5,4.9999999999485,4.2274950292659,8.030631297455,1115.7394953034,8.541031708208,9.1002093518772
62.399999999998,3.0024216602441,-2.9212281539253,0.57718277644362,1.5148730730036,5,4.999999999949,4.2290709185286,8.0325128948167,1116.2270947759,8.5394621082443,9.0983813772527
62.424999999998,3.0035888469268,-2.9222414070703,0.57617525818195,1.3630846242959,5,4.9999999999496,4.2306165597186,8.0343579150702,1116.7196233751,8.5379210719373,9.0965873320901
62.449999999998,3.0047748275156,-2.9232404050069,0.57515809152383,1.3929080111485,5,4.9999999999501,4.2321672198471,8.036212416309,1117.2063761648,8.5363769858256,9.0947871144685
62.474999999998,3.0059413881607,-2.9242902651608,0.57414611340845,1.0703743652821,5,4.9999999999506,4.2337366369624,8.0380798128356,1117.6905726542,8.5348103332285,9.0929675249916
62.499999999998,3.0070951479041,-2.9252669858747,0.573155162148,1.5336993329235,5,4.9999999999511,4.2352483065355,8.0398873330427,1118.1714652476,8.5333047384456,9.0912125173561
62.524999999998,3.008297263692,-2.9263081928597,0.57211391010141,0.8410467220652,5,4.9999999999516,4.2368386506345,8.0417882276157,1118.6602449186,8.5317192785747,9.089365215521
62.549999999998,3.0094556507122,-2.9273116162019,0.57111296646472,1.5401131484233,5,4.999999999952,4.2383712036979,8.043618693965,1119.1504647984,8.5301914285379,9.087585910009
62.574999999998,3.0106053317277,-2.9283647402088,0.57008508859853,1.2495031679299,5,4.9999999999525,4.2399303177448,8.0454861439694,1119.6458439906,8.5286343115571,9.0857698643082
62.599999999998,3.0117717075587,-2.9293433125601,0.56910852778012,1.9596284878753,5,4.999999999953,4.2414528276548,8.047294930153,1120.1363341853,8.5271185460948,9.0840103466172
62.624999999998,3.012965597672,-2.9303516919198,0.56808091188421,1.3865752248127,5,4.9999999999535,4.2430155824454,8.049165276903,1120.6262434749,8.5255622406056,9.0821951917069
62.649999999998,3.0141983759053,-2.931377860366,0.56703939178423,1.1397961561095,5,4.9999999999539,4.2446195661898,8.0510777433658,1121.1211785692,8.5239659640728,9.0803377428372
62.674999999998,3.0153224997,-2.932382675229,0.56604096166089,1.4407036338712,5,4.9999999999544,4.2461273152455,8.0528861044818,1121.6092617715,8.522461192781,9.0785810635605
62.699999999998,3.0164675752489,-2.9334281655806,0.56504830675561,0.91816108519151,5,4.9999999999549,4.2476778790423,8.0547271943354,1122.0992557318,8.520912750417,9.0767853969596
62.724999999998,3.0176419839867,-2.9344287333184,0.56403608727536,1.6072597649062,5,4.9999999999553,4.2492207243623,8.0565724476941,1122.5910611135,8.5193756944363,9.0749936964517
62.749999999998,3.0188081593391,-2.9353999022287,0.56301022521064,1.4505503522203,5,4.9999999999558,4.2507383323501,8.0584042574496,1123.1009756057,8.5178653535189,9.0732223956242
62.774999999998,3.0199616291016,-2.9364463610448,0.56202567289885,1.4421430453781,5,4.9999999999562,4.2522957560391,8.060246786093,1123.5934752937,8.5163103307655,9.0714233975985
62.799999999998,3.0211596663687,-2.9374893289874,0.56098941499798,1.3154498643778,5,4.9999999999567,4.2538841751975,8.0621433371362,1124.0905215002,8.5147265000819,9.0695795631491
62.824999999998,3.0223365745085,-2.9385618188957,0.55995517699025,1.3090116747371,5,4.9999999999571,4.2554764526145,8.0640420197399,1124.5820434725,8.513136487324,9.067730640433
62.849999999998,3.023497989921,-2.9396100785816,0.55892084951604,1.4622880995671,5,4.9999999999575,4.2570409762255,8.065917537656,1125.0661477868,8.5115746061529,9.0659081181672
62.874999999997,3.0246639045981,-2.940610822393,0.55792424253542,1.3771337154127,5,4.999999999958,4.258577480443,8.0677489498663,1125.5591955091,8.5100433993437,9.064127401872
62.899999999997,3.0258101993534,-2.9415821860079,0.55694065629477,1.6792245644055,5,4.9999999999584,4.2600799913209,8.0695447730288,1126.0508722652,8.5085468902185,9.0623837632662
62.924999999997,3.0269946359552,-2.9426169370914,0.55591204509554,1.448073492228,5,4.9999999999588,4.2616527595392,8.0714240390737,1126.5392171699,8.5069784676888,9.0605571265242
62.949999999997,3.0281640757553,-2.9436308708297,0.55490490122325,1.4327259972758,5,4.9999999999592,4.2632005486307,8.0732706548571,1127.0295663576,8.5054353994882,9.0587617032173
62.974999999997,3.0293423253732,-2.944635490701,0.5539013259679,1.6567585793634,5,4.9999999999596,4.2647489456237,8.0751158368376,1127.5108786497,8.5038927796661,9.0569679478361
62.999999999997,3.0304872696714,-2.9456854224728,0.55287619553083,1.299064278232,5,4.99999999996,4.2663024108378,8.0769770586364,1127.9919661412,8.5023412799777,9.0551584572455
63.024999999997,3.0316630612157,-2.9467003914807,0.55184928239972,1.3136549861334,5,4.9999999999604,4.267855680886,8.0788391001025,1128.4728915645,8.5007930197927,9.0533514154775
63.049999999997,3.0327846496968,-2.9477273663001,0.55086373945935,0.94580835396097,5,4.9999999999608,4.2693764168922,8.0806512625919,1128.9580108785,8.4992742672258,9.0515863313365
63.074999999997,3.0339495369798,-2.9487357279686,0.54984308939901,1.3793573791289,5,4.9999999999612,4.2709171166152,8.082499364911,1129.4392320016,8.4977383707236,9.0497930928517
63.099999999997,3.0351162943484,-2.9497695511035,0.54882441657621,1.5347368582629,5,4.9999999999616,4.2724759985965,8.0843615698814,1129.9295019644,8.496183031615,9.0479822978574
63.124999999997,3.0362944127448,-2.9508392326963,0.54775538954365,1.1081997369058,5,4.999999999962,4.2740672816216,8.0862785989532,1130.4194815809,8.4945941821929,9.046122741862
63.149999999997,3.0374422521397,-2.9518937169163,0.5467500512683,1.6672606277464,5,4.9999999999624,4.2756259580623,8.0881333704471,1130.9071409546,8.493037413555,9.0443152297179
63.174999999997,3.0385988137743,-2.9529025248426,0.54571960369322,1.4493541567202,5,4.9999999999628,4.2771606659324,8.0899819240578,1131.3957698958,8.4915070498227,9.0425239007474
63.199999999997,3.0397533113119,-2.9539555070585,0.54470482289214,0.93069159292864,5,4.9999999999631,4.2787232394864,8.0918450977442,1131.8831774032,8.4899466783158,9.0407097982814
63.224999999997,3.0409285729607,-2.9550279956259,0.54363417433418,0.96502620611326,5,4.9999999999635,4.2803142994067,8.0937628464256,1132.3756962443,8.488357839195,9.0388497820053
63.249999999997,3.0420824279874,-2.9560421907718,0.54265451492872,1.7376772321922,5,4.9999999999639,4.2818505198391,8.0955848523991,1132.8657673404,8.4868255428415,9.037074153707
63.274999999997,3.0432327413637,-2.9570352763261,0.54162346076567,1.57460518865,5,4.9999999999642,4.2833702039451,8.0974212925612,1133.3520308588,8.4853107677402,9.0352973396873
63.299999999997,3.0443852118006,-2.9580045029417,0.54063340849021,1.3077896437292,5,4.9999999999646,4.2848760553123,8.0992234556638,1133.842496096,8.4838114719678,9.0335491701617
63.324999999997,3.0455176054993,-2.9590006041854,0.5396428087972,1.3364865104287,5,4.999999999965,4.2863842108667,8.1010278450143,1134.3296597922,8.4823071322991,9.0317960946244
63.349999999997,3.0466821216542,-2.960021506319,0.53860454553357,1.2530680513976,5,4.9999999999653,4.2879328680404,8.1028923368073,1134.8122754532,8.4807625815584,9.0299889034431
63.374999999997,3.0478643512959,-2.9610727125802,0.53756873720168,1.0463506955072,5,4.9999999999657,4.2895148609384,8.1047832626201,1135.3004716908,8.479184015182,9.0281506298624
63.399999999997,3.0490171317616,-2.9621105144545,0.5365513381162,1.2731362804004,5,4.999999999966,4.2910659687787,8.1066382657014,1135.7896752805,8.4776356690842,9.0263470807098
63.424999999997,3.0501822404109,-2.9631135930608,0.53553497079587,1.2508370901953,5,4.9999999999663,4.2926033837699,8.1084812652633,1136.2737719508,8.4761034008918,9.0245590064626
63.449999999997,3.0513349566376,-2.9641121614583,0.53449575001037,1.3101614633745,5,4.9999999999667,4.2941284718145,8.1103267661126,1136.7585022582,8.4745830456476,9.0227742972108
63.474999999997,3.0524791798443,-2.9650810911259,0.53351217115218,1.4870803510722,5,4.999999999967,4.2956278288259,8.1121199473131,1137.2416475709,8.4730897636501,9.0210341363013
63.499999999997,3.0536517480729,-2.966133450494,0.53248856098346,1.4215396193864,5,4.9999999999674,4.2972033847565,8.1139988177897,1137.725795554,8.4715171646196,9.019205756284
63.524999999997,3.0548029989787,-2.9671178213251,0.5314921426106,1.2256752987094,5,4.9999999999677,4.2987181007633,8.1158118853988,1138.2078781788,8.4700079552929,9.0174462674594
63.549999999997,3.0559532566078,-2.9681178467467,0.53047544562347,1.1951787169283,5,4.999999999968,4.3002422869254,8.1176440470239,1138.6866449205,8.468488294753,9.0156700239977
63.574999999997,3.0571124457696,-2.969139265812,0.52945483904422,1.1531803363031,5,4.9999999999683,4.3017872841486,8.1194957095766,1139.1611429896,8.4669471285345,9.013872259479
63.599999999997,3.0582879079165,-2.9701560784573,0.52842795063793,1.2456051335223,5,4.9999999999687,4.3033415103917,8.1213585351223,1139.6414813869,8.4653978231018,9.0120647154018
63.624999999997,3.059424839462,-2.9711252324322,0.5274428752205,1.5342541095848,5,4.999999999969,4.3048354557609,8.1231480172665,1140.125341549,8.4639095104459,9.0103288255392
63.649999999997,3.0605904447573,-2.9721590738393,0.52641206540039,1.3172275815408,5,4.9999999999693,4.3063934877758,8.1250161801728,1140.6047523079,8.4623549970446,9.0085150853728
63.674999999997,3.0617669860752,-2.9731395383188,0.52537928524534,1.3821372629822,5,4.9999999999696,4.3079250099168,8.1268633929156,1141.0823910276,8.4608308310852,9.0067291987811
63.699999999997,3.0628964890131,-2.9741422068343,0.52440843825507,1.3320511437846,5,4.9999999999699,4.3094353479712,8.1286588496589,1141.5622784135,8.4593238644486,9.004980722682
63.724999999997,3.0640425426049,-2.9751188513986,0.52340568703341,1.2006165312665,5,4.9999999999702,4.3109410947761,8.1304679332536,1142.0381439823,8.4578238212189,9.0032278322386
63.749999999997,3.0651917819755,-2.9760788724647,0.52240773816242,1.318761249153,5,4.9999999999705,4.3124385564879,8.1322674591711,1142.5162349044,8.4563333860188,9.0014856341329
63.774999999997,3.0663328726601,-2.9770496302922,0.52141572495517,0.91407762789694,5,4.9999999999708,4.3139367082526,8.1340642754982,1142.9963511019,8.4548410235815,8.9997436797144
63.799999999997,3.06749603176,-2.9781023608328,0.52038635895075,1.2424249450807,5,4.9999999999711,4.3155055233095,8.1359406483433,1143.4773346663,8.4532747802133,8.9979195377898
63.824999999997,3.0686649680873,-2.9791368134961,0.51935663216091,1.3858733418597,5,4.9999999999714,4.3170664539453,8.1378106327581,1143.9586903273,8.451717504235,8.9961037175945
63.849999999997,3.0698090766375,-2.9801683381724,0.5183187441783,1.3792991342332,5,4.9999999999717,4.3186069173601,8.1396681146549,1144.4395269336,8.4501797391697,8.9943034533594
63.874999999997,3.0709508808801,-2.9811601404561,0.51731114916913,1.5325053055245,5,4.999999999972,4.3201193289108,8.1414854303679,1144.9203775668,8.4486718904081,8.9925416935897
63.899999999997,3.0720906722997,-2.9821907226946,0.51629745703622,1.2506724414145,5,4.9999999999722,4.3216559564618,8.1433262986334,1145.3984526749,8.4471378286056,8.9907532383444
63.924999999997,3.0732439252654,-2.9831512313319,0.51530739023956,1.2942171916737,5,4.9999999999725,4.3231568126325,8.1451242979401,1145.8759873048,8.4456442427104,8.9890109220602
63.949999999997,3.0744024903165,-2.9842079691181,0.51424297592205,1.1606958154875,5,4.9999999999728,4.3247249222353,8.1470195408179,1146.3531296891,8.4440783751449,8.9871752580756
63.974999999997,3.0755539472362,-2.9852563846442,0.5132363622914,1.4786321004575,5,4.9999999999731,4.326282172425,8.1488738059432,1146.8347207314,8.442523425527,8.9853696622465
63.999999999997,3.0767193315203,-2.9862435443363,0.51221728219565,1.4313800418739,5,4.9999999999733,4.3278094591655,8.1507098694032,1147.3103418963,8.4410023448416,8.9835916418624
64.024999999997,3.07788999212,-2.9872635377853,0.51118238020229,1.1123953496442,5,4.9999999999736,4.3293621448631,8.1525758423428,1147.7880080315,8.4394541713003,8.9817827711572
64.049999999997,3.0790373898632,-2.9882683775389,0.51016889747282,1.1480505849927,5,4.9999999999739,4.3308873414115,8.154407063726,1148.264122866,8.4379331196175,8.9800067360964
64.074999999997,3.0801907792859,-2.9892779664113,0.50913665151775,1.1917924619763,5,4.9999999999741,4.3324201743612,8.1562550649607,1148.7391187574,8.4364044814554,8.9782171736676
64.099999999997,3.0813215842062,-2.9902584567349,0.50814691723312,1.5426996584844,5,4.9999999999744,4.3339168643901,8.1580494046712,1149.224136261,8.4349124243485,8.976476550176
64.124999999997,3.0824826117628,-2.9912515303711,0.50713280743252,1.2423216683635,5,4.9999999999747,4.33544466681,8.1598831437262,1149.7070943681,8.4333901967925,8.9746992581438
64.149999999997,3.0836912481275,-2.9922508420329,0.50609532483847,1.1527001063184,5,4.9999999999749,4.3370129224203,8.1617635149109,1150.1898494824,8.4318301211859,8.9728784276707
64.174999999997,3.0848355435602,-2.9932429069936,0.50509443379739,1.1375123684884,5,4.9999999999752,4.3385273876472,8.1635788352131,1150.6719660097,8.4303203569682,8.9711174099086
64.199999999997,3.0860078763403,-2.9943066437066,0.50403669439829,1.1722672341867,5,4.9999999999754,4.3401103911033,8.1654827030075,1151.1486236183,8.4287398541262,8.9692704999648
64.224999999997,3.087164542124,-2.9953262684169,0.50300837663951,1.2665712076176,5,4.9999999999757,4.3416523088329,8.1673360641968,1151.624671719,8.4272017760749,8.9674735397247
64.249999999997,3.0883081430872,-2.9963708588529,0.50196866384088,1.3744946267676,5,4.9999999999759,4.343201176917,8.1692015386795,1152.0964399249,8.4256550769373,8.9656646043583
64.274999999997,3.0894765488335,-2.9973936314376,0.50096032354098,1.1595973323253,5,4.9999999999761,4.3447539923433,8.1710530207638,1152.5750598032,8.4241065213288,8.9638646687359
64.299999999997,3.0906218335968,-2.9983669283874,0.49994497080326,1.6532604342479,5,4.9999999999764,4.3462569840737,8.1728668358932,1153.0507105722,8.4226094436247,8.9621107353582
64.324999999998,3.0917505655769,-2.9993388243551,0.49896418254322,0.91743839508531,5,4.9999999999766,4.3477464865594,8.1746502492681,1153.5323508938,8.4211249797312,8.960380488337
64.349999999998,3.09290415727,-3.0003438768958,0.49794487624345,1.6715517678725,5,4.9999999999769,4.3492764879985,8.1764886969113,1154.0095638749,8.4195994495404,8.9585985060203
64.374999999998,3.0940702848617,-3.0013925936977,0.49690872223147,0.70008307411769,5,4.9999999999771,4.3508448184774,8.1783683978522,1154.484829207,8.4180340112819,8.9567732824453
64.399999999998,3.0952344938791,-3.0023936282548,0.49588296914663,1.5702746814348,5,4.9999999999773,4.3523802183669,8.1802149140888,1154.9541726316,8.4165038984529,8.9549848339486
64.424999999998,3.0963946871346,-3.0034530249767,0.49484306766579,1.019057689921,5,4.9999999999776,4.3539513230116,8.1820989960653,1155.4268833287,8.4149350154207,8.9531551361329
64.449999999998,3.0975488020016,-3.0044493918336,0.49382929162984,1.3308051370169,5,4.9999999999778,4.3554760288979,8.1839299711855,1155.9066986516,8.4134153136427,8.9513806060551
64.474999999998,3.0987354087952,-3.0054523786495,0.49279268539825,1.3220065279497,5,4.999999999978,4.357029740015,8.1857977427762,1156.3893024896,8.4118681016791,8.9495724454682
64.499999999998,3.0999069144277,-3.0064565697935,0.49176908274449,1.1201553062729,5,4.9999999999782,4.3585727323354,8.1876493873678,1156.8720837895,8.4103306277571,8.9477778990537
64.524999999998,3.1010724265286,-3.0074954766093,0.49073269888123,1.1341125118087,5,4.9999999999784,4.3601340605613,8.1895233770532,1157.3541216546,8.4087726203007,8.9459597111608
64.549999999998,3.102217032413,-3.0085071412971,0.4897095299825,1.3949896700022,5,4.9999999999787,4.3616616691732,8.1913619805086,1157.8352811295,8.4072486943499,8.9441780904407
64.574999999998,3.1034039590018,-3.0095537486527,0.48867265677153,0.95140089695187,5,4.9999999999789,4.3632441298153,8.1932538810715,1158.3160443541,8.4056701791706,8.9423405023395
64.599999999998,3.1045548757116,-3.0105418401834,0.48765779550657,1.5420559976581,5,4.9999999999791,4.3647610128517,8.1950789502573,1158.7948538304,8.4041586290175,8.9405733925512
64.624999999998,3.1057074156098,-3.0115564208957,0.48663290195809,1.0614100998714,5,4.9999999999793,4.3662965004741,8.196925062124,1159.2767926132,8.402627063634,8.9387840673172
64.649999999998,3.1068699091869,-3.0126106450253,0.48559822636419,1.1600946378492,5,4.9999999999795,4.3678658251162,8.1988047784369,1159.7632224379,8.4010602637591,8.9369583057351
64.674999999998,3.1080494037998,-3.0136050340082,0.48457638045929,1.5660848048594,5,4.9999999999797,4.3694085554851,8.2006552340684,1160.2518714142,8.3995241839593,8.9351658194317
64.699999999998,3.1091827681541,-3.0145749625443,0.48356909435287,1.2890657961196,5,4.9999999999799,4.3709002914286,8.2024552066863,1160.739355379,8.3980378981054,8.9334251288842
64.724999999998,3.1103449542906,-3.0155708661012,0.48255958730115,0.81413991007011,5,4.9999999999801,4.3724308143819,8.2042886747112,1161.2211036902,8.3965128842935,8.931647295212
64.749999999998,3.1115049708443,-3.0166176795245,0.48151063594492,1.0651731412185,5,4.9999999999803,4.3739933305411,8.2061706299964,1161.7026879094,8.3949531089441,8.9298233564977
64.774999999998,3.1127122644163,-3.0176324405815,0.48047780747962,1.3222840482024,5,4.9999999999805,4.3755704474587,8.2080558441515,1162.1924013763,8.3933830186366,8.9279952389972
64.799999999998,3.1138613926238,-3.0186826610078,0.47943219920016,1.1038334139603,5,4.9999999999807,4.3771271936105,8.2099311455287,1162.6812598181,8.3918284548108,8.9261773844492
64.824999999998,3.115025802171,-3.0197124464962,0.47839687828018,1.4658001016911,5,4.9999999999809,4.3786816413406,8.2117988171146,1163.1756450385,8.3902777386512,8.9243666757281
64.849999999998,3.1162051828733,-3.0207206816023,0.47737792490711,1.6798907517452,5,4.9999999999811,4.380233245952,8.2136550883358,1163.6735896106,8.3887318837513,8.9225661360951
64.874999999998,3.1173489029982,-3.0216903322332,0.47636631767344,1.1107870827636,5,4.9999999999813,4.3817326852039,8.215463863409,1164.1663924265,8.3872385451215,8.9208174949526
64.899999999998,3.1185329704658,-3.0227016806198,0.47533264285148,0.85298457803442,5,4.9999999999815,4.3832898754065,8.2173329072727,1164.6596227771,8.3856871882012,8.9190068102372
64.924999999998,3.119697691885,-3.0237048911208,0.47432540998676,1.3021641768121,5,4.9999999999817,4.3848270830351,8.219170711761,1165.151599136,8.3841552027164,8.9172233662184
64.949999999998,3.1208386695966,-3.0247855393639,0.47328083177124,0.61341812539971,5,4.9999999999819,4.3863985889257,8.2210577131951,1165.6401698844,8.3825846729696,8.9153909848768
64.974999999998,3.122012783133,-3.0258028718695,0.4722519429694,1.4973341701164,5,4.999999999982,4.3879521358426,8.2229210757979,1166.1297619034,8.3810360366374,8.9135845531788
64.999999999998,3.1231824142214,-3.0268716099496,0.47115783289582,1.039159484093,5,4.9999999999822,4.3895365088942,8.2248465146622,1166.6250750352,8.3794539022864,8.9117244430805
65.024999999998,3.1243610890915,-3.0279003485334,0.47016308813541,2.284915789557,5,4.9999999999824,4.3911009824553,8.2267004549691,1167.1285631312,8.3778939393161,8.9099190288546
65.049999999998,3.1255298575384,-3.028852000202,0.46914086676948,1.7321519674439,5,4.9999999999826,4.392608185355,8.228521607654,1167.632065835,8.3763958771159,8.9081624873621
65.074999999998,3.1267369329329,-3.0298537495198,0.46809004836698,1.0363717042126,5,4.9999999999827,4.3941767938797,8.230409662743,1168.1338446306,8.3748352405941,8.9063373975753
65.099999999998,3.1278775087183,-3.0308409200518,0.4670812124595,1.3715650884452,5,4.9999999999829,4.3956852430109,8.2322243717195,1168.6335168241,8.3733316352778,8.9045802439187
65.124999999998,3.1290185253863,-3.0318195797149,0.46606322050492,1.0617210992927,5,4.9999999999831,4.3971884707957,8.2340398610179,1169.1296390094,8.3718337898175,8.9028254132394
65.149999999998,3.130233429569,-3.0328269059989,0.4650124532857,1.6259622978584,5,4.9999999999833,4.3987666654653,8.2359358594789,1169.6224976473,8.3702636950768,8.9009915154831
65.174999999998,3.1314378168885,-3.0338139404862,0.46397283452716,0.74200162178681,5,4.9999999999834,4.4003238378689,8.2378081823832,1170.1291677306,8.3687154446655,8.8991819746332
65.199999999998,3.1325952265561,-3.0348070367695,0.4629531138717,1.1889488799983,5,4.9999999999836,4.4018489074957,8.2396427579695,1170.6349667207,8.3671958184333,8.8974061413548
65.224999999998,3.1338073133124,-3.0358330296021,0.46188501544281,1.3645223477746,5,4.9999999999838,4.4034369300388,8.2415565630408,1171.1434549532,8.3656143999191,8.895555770605
65.249999999998,3.1350014339441,-3.0368563065666,0.46083735217407,0.73548953309662,5,4.9999999999839,4.4050095138455,8.2434461709773,1171.6573434481,8.3640475182995,8.8937260423964
65.274999999998,3.1362180627484,-3.037885320303,0.45976494398459,0.92653057209719,5,4.9999999999841,4.4066029550641,8.2453668776811,1172.1778931804,8.3624607659167,8.8918692387143
65.299999999998,3.1373991972672,-3.0389544405903,0.45867772265668,1.347836716394,5,4.9999999999842,4.4081960956544,8.2472956459814,1172.6998124785,8.3608703095767,8.8900039420528
65.324999999998,3.1386193005134,-3.0400147442138,0.4576149918821,1.1886887760388,5,4.9999999999844,4.4098125410464,8.2492301465383,1173.2190385933,8.3592588160376,8.8881272079704
65.349999999998,3.1398129201132,-3.0410256556342,0.45654326574354,1.5690813671813,5,4.9999999999846,4.4113767244272,8.2511262653544,1173.7589383541,8.3577011102385,8.8862980288464
65.374999999998,3.1410205527107,-3.042067968413,0.45550086640809,1.926125102955,5,4.9999999999847,4.4129719649794,8.2530318856718,1174.2892800507,8.3561111922215,8.884448541235
65.399999999998,3.1422111129294,-3.0430125908856,0.45446148291246,1.2423440663202,5,4.9999999999849,4.4144917495859,8.2548730981259,1174.8184485724,8.3546029012656,8.8826768740981
65.424999999998,3.1433654142572,-3.0440096413074,0.45346119152597,1.6077514372843,5,4.999999999985,4.4160170433606,8.2566971332015,1175.3460257739,8.3530826539523,8.8809072615618
65.449999999998,3.1445400546386,-3.0450316244253,0.45240718155974,0.89299859830447,5,4.9999999999852,4.4175740371045,8.2585773370542,1175.8716397761,8.3515303702871,8.8790892956262
65.474999999998,3.1457348653728,-3.0460769425819,0.45135608459322,1.7317538885277,5,4.9999999999853,4.4191615706441,8.2604812980759,1176.4069403107,8.3499473076281,8.8772433921963
65.499999999998,3.1469082339965,-3.0470869641684,0.45030795536489,1.0904705952794,5,4.9999999999855,4.4207097752598,8.2623509270261,1176.9286904877,8.3484044483621,8.8754363352093
65.524999999998,3.1480565126769,-3.048093584865,0.4492830923137,1.7119501069361,5,4.9999999999856,4.4222368080541,8.2641899956568,1177.4517396406,8.3468816065252,8.873656028318
65.549999999998,3.1492181317892,-3.0491259216541,0.44824571136099,1.4010179493742,5,4.9999999999858,4.4237908602437,8.2660584809923,1177.9817864211,8.34533107586,8.871845450182
65.574999999998,3.1504129856948,-3.0501386409823,0.44719607142944,1.2299062902212,5,4.9999999999859,4.4253571540519,8.2679439571337,1178.5131597449,8.3437712354462,8.8700219776972
65.599999999998,3.151585878662,-3.0511699735637,0.44613047922731,1.8411304555389,5,4.9999999999861,4.4269189878478,8.2698346743381,1179.0458608442,8.3422135202892,8.8681951159321
65.624999999998,3.152778933581,-3.0522141807042,0.44508644397728,2.0587500425825,5,4.9999999999862,4.4285044684033,8.2717330310473,1179.5833223652,8.3406324911118,8.8663536604178
65.649999999998,3.1539896679183,-3.0532128288231,0.44403675981165,1.2531065585965,5,4.9999999999863,4.4300739191674,8.2736211551291,1180.1128916077,8.3390715587576,8.8645292168993
65.674999999998,3.1552145498792,-3.0542137633678,0.44296090178797,0.94382896706468,5,4.9999999999865,4.4316557553729,8.2755341831655,1180.6421822773,8.3374990812395,8.8626850598358
65.699999999998,3.1563617842591,-3.0552113273802,0.44196219891825,1.1479568752285,5,4.9999999999866,4.4331760450431,8.2773531631278,1181.170367593,8.3359834427964,8.8609205619421
65.724999999998,3.1575312256369,-3.056258205745,0.440901585589,1.5917406567623,5,4.9999999999867,4.4347456142345,8.2792474830799,1181.7041172782,8.3344170699685,8.8590873652815
65.749999999998,3.1586998240511,-3.0573135940857,0.43984941497912,1.5629041592632,5,4.9999999999869,4.4363202465101,8.2811412966388,1182.2388189975,8.3328452202462,8.8572519024947
65.774999999998,3.1598757104787,-3.0583191578929,0.43879719471353,1.4725852355095,5,4.999999999987,4.4378674593142,8.2830124019133,1182.7858306507,8.3313037963166,8.8554450713896
65.799999999998,3.1610261842912,-3.0592983937254,0.43779047268358,1.3969281517543,5,4.9999999999871,4.4393782514273,8.2848278858858,1183.319872389,8.3297989648806,8.8536881107877
65.824999999998,3.1622159928512,-3.0603316502226,0.43673285793207,1.2528684596101,5,4.9999999999873,4.4409540887914,8.2867257300209,1183.8596488033,8.3282280359912,8.8518517399929
65.849999999998,3.1633790792233,-3.0613010145889,0.43571837083116,1.0335259710523,5,4.9999999999874,4.4424681684405,8.2885482615738,1184.4024887619,8.3267214083438,8.8500905031379
65.874999999998,3.1645772994503,-3.0623322916481,0.43466943817806,1.0522225215579,5,4.9999999999875,4.4440490745368,8.290445502675,1184.9447074125,8.325145999254,8.8482529053935
65.899999999998,3.1657544522953,-3.0633944321696,0.43360139924585,1.6568463544964,5,4.9999999999876,4.4456345811775,8.292357187395,1185.4868565675,8.3235633462422,8.8464020439635
65.924999999998,3.1669218181867,-3.0644078887038,0.43255514950848,1.4968825987423,5,4.9999999999878,4.4471804910297,8.2942238624562,1186.0316398243,8.3220222774773,8.8445977133634
65.949999999998,3.1680953790152,-3.0653990676757,0.43152830509875,1.4297089664365,5,4.9999999999879,4.4487166162761,8.2960715881432,1186.5760085736,8.3204927578965,8.8428108444553
65.974999999998,3.1692904430184,-3.0664472350428,0.43045944112723,1.703306796085,5,4.999999999988,4.4503062177359,8.2979871306227,1187.1169298599,8.3189075215685,8.8409573461017
65.999999999998,3.1704358618705,-3.0674788600885,0.42944236586065,1.3370903591684,5,4.9999999999881,4.4518477217359,8.2998339323662,1187.6558163373,8.3173688818076,8.8391652487288
66.024999999998,3.1716415008384,-3.0685069153221,0.42837767724667,1.8314577573047,5,4.9999999999883,4.4534321657658,8.3017428652431,1188.1899870416,8.3157905822797,8.8373197389816
66.049999999998,3.172802472902,-3.0695190752492,0.42735235291022,1.1623964666835,5,4.9999999999884,4.4549724007643,8.3035931662579,1188.7090004709,8.3142549286542,8.8355277047035
66.074999999998,3.1739429703878,-3.0705094499831,0.42632487448648,1.77475542066,5,4.9999999999885,4.456482889635,8.3054199909731,1189.2425963157,8.3127491658917,8.8337630919147
66.099999999998,3.175113496892,-3.0715208455645,0.42527770030713,1.8169683186795,5,4.9999999999886,4.4580298393172,8.3072880453302,1189.792143393,8.3112073646773,8.8319579261619
66.124999999998,3.1762538039538,-3.0725758113412,0.4242495702018,1.0321015667982,5,4.9999999999887,4.4595833041495,8.3091509206612,1190.3270725063,8.3096556648431,8.8301499113315
66.149999999998,3.1773918611932,-3.073552593308,0.42325243666899,1.916016015743,5,4.9999999999888,4.4610830632271,8.3109519072166,1190.8575090887,8.3081613129733,8.828406370501
66.174999999998,3.178573408563,-3.0745972430351,0.42218118241828,1.2391081044183,5,4.9999999999889,4.4626601958276,8.3128584572184,1191.3968109048,8.3065880716295,8.8265635442869
66.199999999998,3.1797419787728,-3.0756033818564,0.42115367537317,1.2958027748901,5,4.9999999999891,4.4642022307374,8.3147114662283,1191.9297325294,8.3050513979584,8.8247699491358
66.224999999998,3.1809158913911,-3.0766536574092,0.42010474056112,1.5192502914546,5,4.9999999999892,4.4657773972594,8.3166039285957,1192.433953518,8.3034794970149,8.8229359795381
66.249999999998,3.1820650017365,-3.0776654656657,0.41906384349532,1.6512353289246,5,4.9999999999893,4.467308478751,8.3184553273198,1192.9643759799,8.3019524197978,8.8211469358251
66.274999999998,3.1832264858094,-3.0786696466075,0.41804446834823,2.0273256122827,5,4.9999999999894,4.4688438694554,8.3202983005442,1193.4928764575,8.3004221139287,8.8193621513974
66.299999999998,3.1844184443413,-3.0796902129825,0.41699889404397,1.2416495557205,5,4.9999999999895,4.4704130478607,8.3221839162243,1194.0295277359,8.2988587652022,8.8175374368717
66.324999999998,3.1855882655241,-3.0807250849121,0.41593915274618,1.0479998977307,5,4.9999999999896,4.4719749190175,8.3240713730129,1194.5623139652,8.2973007260433,8.8157129566958
66.349999999998,3.1867566378315,-3.081716588007,0.41490787366191,1.164076886324,5,4.9999999999897,4.4735072937223,8.3259184541658,1195.0924628242,8.2957746433029,8.8139281944422
66.374999999998,3.1879086372837,-3.0827144512681,0.41387776644262,1.0667598081975,5,4.9999999999898,4.4750313783084,8.3277580070215,1195.6178371264,8.2942554984636,8.8121503816641
66.399999999998,3.1890557203572,-3.0837543715906,0.41284949813703,1.6692227803552,5,4.9999999999899,4.47657967862,8.3296166542616,1196.1530044736,8.2927097957656,8.8103482160683
66.424999999998,3.1902281530631,-3.0847676507988,0.41182047773359,1.2997227581642,5,4.99999999999,4.4781293021884,8.3314768198979,1196.6818312493,8.2911653377855,8.8085469906786
66.449999999998,3.1914111891743,-3.0857712553027,0.41076806751286,1.3879348202477,5,4.9999999999901,4.4796806875178,8.3333514835245,1197.2063906148,8.2896203542656,8.8067373963454
66.474999999998,3.1925899967554,-3.08681320111,0.40971822480728,1.6173134425946,5,4.9999999999902,4.48125397655,8.3352428872586,1197.7340130753,8.2880509810421,8.8049057356971
66.499999999998,3.193766849692,-3.087837423759,0.40868294220986,1.0878691196187,5,4.9999999999903,4.4828141095152,8.3371152720817,1198.2640155459,8.2864956238231,8.8030922068137
66.524999999998,3.1949133732575,-3.0888157280321,0.40765485465146,1.7774368082184,5,4.9999999999904,4.484321290837,8.3389397061212,1198.7869621582,8.2849942812983,8.8013319749093
66.549999999998,3.1961043303715,-3.0898476780276,0.40661608532695,1.3621486754673,5,4.9999999999905,4.4858971397006,8.3408271227022,1199.3057154705,8.2834235321422,8.7995028268012
66.574999999998,3.1972423461801,-3.0908388954778,0.40559012456227,1.3135303393012,5,4.9999999999906,4.4874063090132,8.3426520028366,1199.8323793621,8.2819189411732,8.7977403020769
66.599999999998,3.1983961065734,-3.0918275593422,0.40458029106839,1.1631812875071,5,4.9999999999907,4.4889257231378,8.3444763884777,1200.3534306749,8.2804051425502,8.7959745734864
66.624999999998,3.1995742006933,-3.0927971489841,0.40356609443293,1.0227545306837,5,4.9999999999908,4.4904515048486,8.3463084923624,1200.8775988894,8.2788879069784,8.7942041597311
66.649999999998,3.2007263197552,-3.0938340442118,0.40253015175452,1.3535715604881,5,4.9999999999909,4.4920015145408,8.348172817248,1201.4006577124,8.277340848104,8.7923983584817
66.674999999998,3.201878802589,-3.0948221341894,0.40150467587254,1.5656054112355,5,4.999999999991,4.4935195851867,8.3500047941229,1201.9159027914,8.2758283601539,8.7906286562647
66.699999999998,3.2030601924627,-3.0958299719596,0.40044722025098,1.4966695015922,5,4.9999999999911,4.4950724596197,8.3518835254492,1202.4339242969,8.2742815308776,8.7888158652465
66.724999999998,3.2042062924795,-3.0968174865005,0.3994575106155,1.4774163459393,5,4.9999999999912,4.4965853146085,8.3536913571282,1202.9528889429,8.272773929452,8.7870628681463
66.749999999998,3.2053721667938,-3.0978146354009,0.39842778857208,1.3779302744109,5,4.9999999999912,4.4981194491679,8.3555390303496,1203.4777330256,8.2712456016888,8.7852768919042
66.774999999998,3.2065831943055,-3.098799778676,0.39737196358818,1.3456290061444,5,4.9999999999913,4.4996805689283,8.3574236685915,1204.0092153521,8.2696942105896,8.7834604283601
66.799999999998,3.20772807095,-3.0997780194175,0.39635358833715,1.3675728653451,5,4.9999999999914,4.5011864565336,8.3592415755285,1204.5340148371,8.2681940906227,8.7817048815692
66.824999999998,3.208863924645,-3.1007727065541,0.39535347799717,1.8730319712124,5,4.9999999999915,4.5026962797405,8.3610525936975,1205.0641355554,8.266688557277,8.7799504146313
66.849999999998,3.2100338470034,-3.101784412461,0.39432252052579,1.4189114227039,5,4.9999999999916,4.5042429753041,8.3629113945137,1205.5905951397,8.2651470144175,8.7781516732895
66.874999999998,3.2112276106477,-3.1028337168945,0.39325297746158,1.4221820956636,5,4.9999999999917,4.5058323498455,8.3648271277412,1206.1125151245,8.2635619406115,8.7762989718621
66.899999999998,3.2124630820582,-3.1039223516277,0.39216042932781,1.3721059948871,5,4.9999999999918,4.5074790177502,8.3668032797123,1206.6315173352,8.2619195839814,8.7743846118319
66.924999999998,3.2135984715884,-3.1049009236071,0.39114276943497,1.3204528332918,5,4.9999999999918,4.5089779215177,8.3686150037977,1207.155263375,8.2604258829974,8.7726354683223
66.949999999998,3.2147482653022,-3.1059197124397,0.39012655120661,1.3543742893233,5,4.9999999999919,4.5105141364342,8.3704569201252,1207.6707757533,8.2588933925818,8.7708503084874
66.974999999998,3.2159105042163,-3.1068934287381,0.38909472509467,2.1120287499772,5,4.999999999992,4.5120303563138,8.372290928808,1208.200197078,8.2573843531402,8.7690819997251
66.999999999998,3.2170572614279,-3.1079044253678,0.38808172201162,1.277672052337,5,4.9999999999921,4.5135591356594,8.3741248703376,1208.7251822674,8.2558595541715,8.7673052102146
67.024999999998,3.2182405856463,-3.1089239204626,0.38701427184604,1.3028230282218,5,4.9999999999922,4.5151210660209,8.376016715022,1209.2653549124,8.2543030778113,8.7654802911809
67.049999999998,3.2194210741361,-3.1100287001707,0.38594614279666,1.475170984164,5,4.9999999999922,4.516737881186,8.3779544949229,1209.7892258942,8.2526877216429,8.7635997230027
67.074999999998,3.2205723571801,-3.1110328422943,0.3849260617014,1.779534721106,5,4.9999999999923,4.5182655441239,8.37979142701,1210.3089032693,8.2511646488921,8.7618222476607
67.099999999998,3.2217164209572,-3.112030422433,0.38390217807305,1.6784752628539,5,4.9999999999924,4.5197834532316,8.3816223791513,1210.8320811011,8.2496513178552,8.7600526903657
67.124999999998,3.2228462843267,-3.1130183014106,0.38288914035435,1.5722438417803,5,4.9999999999925,4.5212842850369,8.383433108708,1211.3567946322,8.2481548587575,8.7583026934656
67.149999999998,3.2240825486241,-3.1140859443296,0.38180164922629,1.369374579306,5,4.9999999999926,4.5229177509275,8.3853954664147,1211.8862299729,8.2465269462876,8.7564038854236
67.174999999998,3.2252613514112,-3.1151039008187,0.38075493532437,1.4417882132178,5,4.9999999999926,4.5244752525887,8.3872720114893,1212.4194678762,8.2449747457263,8.7545901174705
67.199999999998,3.2264601525028,-3.1161608442886,0.37968099532719,1.289555870288,5,4.9999999999927,4.5260734558159,8.3891975245828,1212.9557314706,8.2433807130886,8.75272782419
67.224999999998,3.2275844528121,-3.1171764222679,0.37866635960613,1.8156330828035,5,4.9999999999928,4.5275885300114,8.3910209651396,1213.4774236721,8.2418683862421,8.7509624417135
67.249999999998,3.2287343045837,-3.1181465802127,0.37766421125298,1.5459684425336,5,4.9999999999929,4.529092978593,8.3928286340408,1213.9975165662,8.2403705850497,8.7492149594422
67.274999999998,3.2299049616427,-3.1191439235181,0.37662227273226,1.0152728558168,5,4.9999999999929,4.5306308770352,8.3946862581954,1214.5274428031,8.2388388104131,8.7474221312931
67.299999999998,3.2310863001027,-3.1202094745869,0.37556849989652,1.6921013714194,5,4.999999999993,4.532221776038,8.3965945026311,1215.0595472693,8.2372508702601,8.7455724512045
67.324999999998,3.2322790895889,-3.1212584033988,0.37447758492609,1.8857674198313,5,4.9999999999931,4.5338101709545,8.3985214416243,1215.5919284671,8.235666776892,8.7437139421612
67.349999999998,3.2334285905632,-3.1222520000086,0.37348399253259,1.8368949461337,5,4.9999999999931,4.5353295743614,8.4003368789152,1216.1225628562,8.2341524986811,8.7419539073671
67.374999999998,3.2346029272701,-3.1232589155973,0.37232556019536,1.6538206897417,5,4.9999999999932,4.5368764892602,8.4022694707459,1216.6330387563,8.2326113220137,8.7401132028065
67.399999999998,3.235735688494,-3.1243045679812,0.37138704587704,1.0591374684192,5,4.9999999999933,4.5384180913159,8.4040742826541,1217.1682779968,8.2310716108383,8.7383477531072
67.424999999998,3.2369073978185,-3.1253218210034,0.37035279038542,2.0073741675829,5,4.9999999999933,4.5399697699078,8.4059390590145,1217.6871345326,8.2295248980787,8.7365435819621
67.449999999998,3.2381070999536,-3.1263528956131,0.3692930984984,1.3047402754978,5,4.9999999999934,4.5415516675225,8.4078430934047,1218.2190885583,8.2279487175406,8.734703138392
67.474999999998,3.2392434771872,-3.1273592754461,0.36828016342363,1.5938978544432,5,4.9999999999935,4.5430696113902,8.4096679745107,1218.7497330104,8.2264345128871,8.7329367933974
67.499999999998,3.2404134990916,-3.128338680765,0.36722496072844,1.4819479861507,5,4.9999999999935,4.5445954508429,8.4115231399382,1219.3027053514,8.2249160062123,8.7311522352691
67.524999999998,3.2415945693022,-3.1294162242219,0.36618125563101,1.6270069336951,5,4.9999999999936,4.5461942087182,8.413432419141,1219.8440523912,8.2233197051264,8.7292982763077
67.549999999998,3.2427776817391,-3.130453061708,0.36511875070995,1.4759498424081,5,4.9999999999937,4.5477673542967,8.4153307615017,1220.3789411004,8.2217510350712,8.7274640636486
67.574999999998,3.2439351330757,-3.1314542399998,0.36410150837057,1.5348019186151,5,4.9999999999937,4.5492977305799,8.4171683777688,1220.9060190104,8.2202257930946,8.7256859706842
67.599999999998,3.2451404004146,-3.1324796875217,0.36303129903191,1.0664462153924,5,4.9999999999938,4.550880200794,8.4190787599314,1221.4335348779,8.2186497448356,8.7238422734762
67.624999999998,3.2462547553594,-3.1334665433422,0.36201902373247,1.3658034773208,5,4.9999999999939,4.5523687139291,8.4208788634382,1221.9665508214,8.2171649087937,8.7221039602016
67.649999999998,3.2473864536771,-3.1344485194203,0.3610219879328,1.4714112743189,5,4.9999999999939,4.5538670523757,8.4226786130003,1222.4963777028,8.2156714141127,8.7203626224318
67.674999999998,3.2485905814928,-3.1354629723392,0.35993541216079,1.2886789075947,5,4.999999999994,4.555441548651,8.4245916434312,1223.0560992337,8.2141040198002,8.7185216678968
67.699999999998,3.2497505193344,-3.1365402253617,0.3588996911445,1.4271665805407,5,4.999999999994,4.5570245615603,8.4264833748853,1223.6075461269,8.2125227317004,8.716684695969
67.724999999998,3.2509088581321,-3.1375266099984,0.35788512395841,1.8235660188046,5,4.9999999999941,4.558545976501,8.4283120492677,1224.1424305329,8.2110074415982,8.7149170176287
67.749999999998,3.2520555549833,-3.1384661700055,0.3568603833594,1.2255358047657,5,4.9999999999942,4.5600284361718,8.4301142090749,1224.6799860307,8.2095337372575,8.7131851355547
67.774999999998,3.2532240868491,-3.1394913625329,0.35583030512426,0.94158877529633,5,4.9999999999942,4.5615829413791,8.4319790274602,1225.2124800792,8.2079836065746,8.7113794808565
67.799999999998,3.2543883907257,-3.140518584643,0.35479504088322,1.2415975117199,5,4.9999999999943,4.563135612877,8.4338451895189,1225.7512533706,8.2064349885649,8.7095735377028
67.824999999998,3.2555675844108,-3.1415636072472,0.35373236582313,1.4162207266275,5,4.9999999999943,4.5647112302133,8.4357456758445,1226.2894307931,8.2048632374466,8.7077366411329
67.849999999998,3.2567506051655,-3.1425844108125,0.3526698181266,1.1180720214476,5,4.9999999999944,4.5662737851803,8.4376352751756,1226.8271390871,8.2033061015498,8.7059135845709
67.874999999998,3.2579084923648,-3.1436219491636,0.35162982561673,1.7523893184516,5,4.9999999999944,4.567828516217,8.4395057759152,1227.3669064163,8.2017546144941,8.7041034289339
67.899999999998,3.2590576483044,-3.1446462806957,0.35060718450334,1.2933445595736,5,4.9999999999945,4.5693679363874,8.4413539126277,1227.906329633,8.2002186716979,8.7023137536226
67.924999999998,3.2602233727743,-3.1456550339781,0.34955815216181,1.2130424247824,5,4.9999999999946,4.5709095254132,8.4432185749505,1228.4495726849,8.1986822545841,8.700514821147
67.949999999998,3.2613813506799,-3.1466837002683,0.34853140971918,1.6832298773206,5,4.9999999999946,4.5724584176517,8.4450768718078,1228.990168549,8.1971370433237,8.69871508697
67.974999999998,3.2625579058485,-3.1477123630821,0.34746062710225,1.2341000623277,5,4.9999999999947,4.5740212449771,8.4469713386621,1229.5407526731,8.1955788306235,8.6968883878593
67.999999999998,3.2637109780486,-3.1487584239243,0.3464398265949,1.4138683066279,5,4.9999999999947,4.5755781068157,8.4488330186722,1230.0877176746,8.1940246353643,8.6950822239018
68.024999999998,3.2648989297954,-3.1497695865522,0.34538290041805,1.7594689270339,5,4.9999999999948,4.5771381322042,8.4507173679381,1230.6328743002,8.1924709444643,8.6932644733266
68.049999999998,3.2660758717945,-3.1507709605144,0.34435256234963,1.3409937217969,5,4.9999999999948,4.5786834290305,8.4525746613497,1231.180171453,8.1909319533481,8.6914694946752
68.074999999998,3.2671971395197,-3.1517728418988,0.34333058629567,1.147469643292,5,4.9999999999949,4.5801870937604,8.4543927489919,1231.7227442667,8.1894315755054,8.6897137265427
68.099999999998,3.2683389185208,-3.1528139369269,0.34228748337849,1.3762866595744,5,4.9999999999949,4.5817322598179,8.4562570455995,1232.2651033835,8.1878888371264,8.6879109964491
68.124999999998,3.2694835711426,-3.1538207287962,0.34127876635944,1.7193921112073,5,4.999999999995,4.5832566808531,8.4580849869325,1232.8068183726,8.1863685851822,8.6861409796292
68.149999999998,3.2706649784956,-3.1548893755592,0.34019028227925,1.0768856199045,5,4.999999999995,4.5848497060374,8.4600143720239,1233.3389804975,8.1847784332007,8.6842784430146
68.174999999998,3.2718182590777,-3.1558932605336,0.33917339104476,1.1993391985128,5,4.9999999999951,4.5863787060841,8.4618506478544,1233.872364678,8.1832542206211,8.6825020091398
68.199999999998,3.2729384541293,-3.156869933369,0.33817540785191,1.9281273104394,5,4.9999999999951,4.5878648846672,8.4636408146718,1234.419658765,8.1817726029118,8.680772063155
68.224999999998,3.2741409233143,-3.1578857859738,0.33712242837346,1.1314208403322,5,4.9999999999952,4.5894390157468,8.465534661138,1234.9576383741,8.1802054164789,8.6789431138021
68.249999999998,3.2753323321123,-3.1589143799718,0.33605362160375,1.5807618138707,5,4.9999999999952,4.5910130108347,8.4674372405576,1235.4989732418,8.1786368747034,8.6771076250873
68.274999999998,3.2764476469155,-3.159892459382,0.33506597529402,1.6197571068707,5,4.9999999999953,4.5924964414676,8.4692193773862,1236.0453247637,8.1771576739404,8.6753834816124
68.299999999998,3.2776031756269,-3.1608891836051,0.33402362145111,0.98028766742089,5,4.9999999999953,4.5940224512251,8.4710674053388,1236.5808063927,8.1756370113732,8.6736020086936
68.324999999998,3.278773636221,-3.1619311145831,0.33298740457239,1.1853857810145,5,4.9999999999954,4.5955894860573,8.4729460600663,1237.1170130208,8.1740736121271,8.6717823270578
68.349999999998,3.279933586273,-3.1628901988792,0.33192861767563,1.417352685779,5,4.9999999999954,4.5970945863231,8.4747862656262,1237.6554818595,8.1725767422392,8.6700178463323
68.374999999998,3.2811040367945,-3.1639220352157,0.33091534671317,1.3477648869813,5,4.9999999999955,4.5986549198286,8.4766467383328,1238.1939277238,8.171020563492,8.6682126804805
68.399999999998,3.2822413113966,-3.1648909891906,0.32990691235207,1.4854654161311,5,4.9999999999955,4.6001489965757,8.4784492935155,1238.7404380646,8.16953251962,8.666473378735
68.424999999998,3.2834069516549,-3.1659112700221,0.32887979273236,1.3565179063581,5,4.9999999999956,4.6016980899192,8.4803079664023,1239.2753823211,8.1679879645872,8.6646745936045
68.449999999998,3.2845525350554,-3.1669171059761,0.32784539419568,1.3536807303581,5,4.9999999999956,4.6032225791103,8.4821502605228,1239.8112859724,8.1664677659987,8.662896364164
68.474999999998,3.285695656714,-3.1679511517476,0.32682247807625,1.2107631749157,5,4.9999999999956,4.6047639998134,8.484000215974,1240.3428191135,8.1649291421359,8.6611046208633
68.499999999998,3.2868502291849,-3.1689123286645,0.32577847614279,1.5577902095814,5,4.9999999999957,4.6062662976055,8.4858296526887,1240.8763999369,8.1634345550489,8.6593473825486
68.524999999998,3.2880665325724,-3.1700445871187,0.32469539474758,1.2512905576228,5,4.9999999999957,4.6079280446192,8.4878132021452,1241.4017090615,8.1617745651607,8.6574212050123
68.549999999998,3.2892048317564,-3.1709853188991,0.32369019695532,1.5271871761519,5,4.9999999999958,4.6094047644013,8.4895995738637,1241.9226388084,8.1603059750308,8.6557014685603
68.574999999998,3.2903398996925,-3.1719596355077,0.32267737821864,1.6686598222759,5,4.9999999999958,4.6109006494482,8.4914060826144,1242.4489200149,8.158815658611,8.6539587322851
68.599999999998,3.2914766531283,-3.1729817524999,0.32167396361597,1.1831193941141,5,4.9999999999959,4.612429352009,8.4932346810899,1242.9710249342,8.1572900192698,8.6521858526595
68.624999999998,3.2926497566405,-3.1739881968573,0.32062460706559,1.612930250251,5,4.9999999999959,4.6139750240618,8.4951029025074,1243.4922126613,8.1557501390573,8.6503842558584
68.649999999998,3.2938122181051,-3.1750304488792,0.31955575843882,1.0872235280901,5,4.9999999999959,4.6155363074871,8.4969950027481,1244.0246549581,8.1541921288213,8.6485590958239
68.674999999998,3.2949786809983,-3.176082647628,0.31852022722445,1.5152558663627,5,4.999999999996,4.6171072173788,8.4988765135198,1244.5446906457,8.1526242141732,8.6467357262899
68.699999999998,3.2961187765214,-3.177075692594,0.31751304669375,1.5544987714905,5,4.999999999996,4.6186191552435,8.5006932052184,1245.0639140535,8.1511170094246,8.6449790674065
68.724999999999,3.2972591985668,-3.1780453528715,0.31648851106016,1.5094586381626,5,4.9999999999961,4.620116086603,8.5025071723514,1245.5887070257,8.1496262835515,8.6432321884385
68.749999999999,3.2984190746145,-3.1790803660171,0.31545312911142,1.2754657763172,5,4.9999999999961,4.6216706169687,8.5043749465448,1246.1052907043,8.1480752594712,8.6414248668785
68.774999999999,3.2995350534592,-3.1800488110281,0.31447459410144,1.8804360804991,5,4.9999999999961,4.6231482145191,8.5061471839123,1246.6267807838,8.1466025095592,8.6397103066889
68.799999999999,3.3007494551064,-3.1810280744479,0.31338133398375,1.1988657052789,5,4.9999999999962,4.6247082556102,8.5080521631487,1247.1406016504,8.1450531639661,8.6378853447269
68.824999999999,3.3019130628052,-3.182058695542,0.31235449916542,0.99094303998129,5,4.9999999999962,4.6262626566899,8.509915105032,1247.6536030639,8.1435026718206,8.6360814449637
68.849999999999,3.3030715513826,-3.1830403955537,0.31132139184422,0.74074987555372,5,4.9999999999963,4.6277811528858,8.5117517164318,1248.1629599248,8.1419907140961,8.6343118182863
68.874999999999,3.3042346440288,-3.1840614864147,0.31028335096308,0.96181950574113,5,4.9999999999963,4.6293288644384,8.5136152989819,1248.6735976876,8.14044739459,8.6325110013027
68.899999999999,3.3053649325063,-3.1850969881621,0.30924486802971,1.5400207618642,5,4.9999999999963,4.6308617753657,8.5154668558172,1249.1889395704,8.1389167331415,8.6307219990653
68.924999999999,3.3065238273806,-3.186146352791,0.30817598761671,1.5519264422938,5,4.9999999999964,4.6324251702148,8.5173607166334,1249.6996539394,8.1373561529129,8.6288946949412
68.949999999999,3.3076751074973,-3.18712565215,0.30713866670451,1.5616211415312,5,4.9999999999964,4.6339366175813,8.5191938854245,1250.2109316437,8.1358509613745,8.6271301509611
68.974999999999,3.3088520260831,-3.1881271255488,0.30610054622245,1.3043355813646,5,4.9999999999964,4.6354819610143,8.5210555460974,1250.7183130704,8.1343119911767,8.6253335117697
68.999999999999,3.3100019603225,-3.1891293508211,0.30508699679121,1.2235899297303,5,4.9999999999965,4.6370073476051,8.5228869626806,1251.2186257392,8.1327913653937,8.623562369122
69.024999999999,3.311155881475,-3.1901665600118,0.30402837119856,0.76043925251305,5,4.9999999999965,4.638558907121,8.5247652664571,1251.7180420292,8.1312429557407,8.6217500595236
69.049999999999,3.3122747548623,-3.1911390461244,0.30303270800106,1.5412932685329,5,4.9999999999966,4.6400413398838,8.526551030187,1252.2139289895,8.1297653130725,8.6200254501506
69.074999999999,3.3134293188596,-3.1921614248457,0.30197827278897,0.95812031923713,5,4.9999999999966,4.6415835059818,8.5284192137674,1252.7128783358,8.1282270530944,8.6182241582239
69.099999999999,3.3145618100009,-3.1931746554217,0.30091744209325,1.5404457225563,5,4.9999999999966,4.6431031021074,8.5302724633864,1253.2106031985,8.1267107734149,8.6164414989768
69.124999999999,3.3156774602446,-3.1941730541687,0.29993701091057,1.6486272956646,5,4.9999999999967,4.644600257919,8.5320620781014,1253.7139814435,8.1252168747002,8.6147066927438
69.149999999999,3.3168362040043,-3.195153081821,0.29886454213475,0.84457335892348,5,4.9999999999967,4.6461178683104,8.5339203920078,1254.2047069771,8.1237059569884,8.6129252777282
69.174999999999,3.3180004993826,-3.1962209480606,0.2978254332153,1.7214748060699,5,4.9999999999967,4.647697717048,8.5358113360525,1254.6934682628,8.1221283915454,8.6110921108072
69.199999999999,3.3191264091463,-3.1972133132438,0.29679324728706,1.313606526647,5,4.9999999999968,4.649198537308,8.5376328379722,1255.1762632642,8.1206316310527,8.6093374854035
69.224999999999,3.3202669734511,-3.1982265888203,0.29575936047444,1.1798387743045,5,4.9999999999968,4.650724189407,8.5394758073883,1255.6660141323,8.1191096782555,8.60755855882
69.249999999999,3.3214019786817,-3.199208271304,0.29474920048989,1.3839077923443,5,4.9999999999968,4.6522248350588,8.5412847741007,1256.1585427645,8.1176141918318,8.6058125007001
69.274999999999,3.3225297333012,-3.2001894672561,0.2937024018383,1.2470146432653,5,4.9999999999969,4.6537196848768,8.5431097024268,1256.6521155971,8.1161241270064,8.6040594179182
69.299999999999,3.3236809075603,-3.201232977198,0.29267306581793,1.387708435879,5,4.9999999999969,4.6552734271893,8.5449734748958,1257.1426439879,8.1145731510617,8.6022547015407
69.324999999999,3.3248242240704,-3.2022024342673,0.29165525805128,1.7072150178639,5,4.9999999999969,4.6567724334106,8.546785366808,1257.6311771953,8.1130805925317,8.6005089418606
69.349999999999,3.3259772014103,-3.2032110482022,0.29060576886982,1.1009726155996,5,4.9999999999969,4.6583043142206,8.5486422691635,1258.1169346414,8.1115532957998,8.5987199248088
69.374999999999,3.3271073772436,-3.2041848887937,0.28959168024514,1.2730060896307,5,4.999999999997,4.6597961798016,8.5504461645736,1258.6060499388,8.110066800749,8.5969811703103
69.399999999999,3.3282494415605,-3.2051621445454,0.28857050776916,1.3603445396225,5,4.999999999997,4.6612992898136,8.552263341762,1259.0954704659,8.1085695512938,8.5952299454981
69.424999999999,3.3293808102382,-3.2061467026061,0.28753622574851,0.56820196979606,5,4.999999999997,4.6627990730178,8.554085178461,1259.5990065979,8.107074566514,8.5934765345856
69.449999999999,3.3305526198014,-3.2071672373601,0.28648935491777,1.6321996166664,5,4.9999999999971,4.6643529806202,8.555958829275,1260.0875944381,8.1055255852261,8.5916680346892
69.474999999999,3.3316699718969,-3.208130092652,0.28548851123713,1.5984871960216,5,4.9999999999971,4.6658279606263,8.5577413146443,1260.5825602769,8.1040559185594,8.5899496497816
69.499999999999,3.332820621643,-3.2091278491548,0.28446006252618,1.0736807481434,5,4.9999999999971,4.6673509553331,8.5595790359583,1261.0807134181,8.1025380205161,8.5881766338865
69.524999999999,3.3339654184604,-3.2101608839265,0.28341150153982,1.5001371434466,5,4.9999999999972,4.6688929412581,8.5614437613362,1261.5741584418,8.1009990043955,8.5863770527838
69.549999999999,3.3351257591897,-3.2111701960541,0.28235580542864,0.74970000893378,5,4.9999999999972,4.6704308299338,8.5633091288222,1262.0558856305,8.0994660727266,8.5845808744489
69.574999999999,3.336315858247,-3.2122277903272,0.28127922383513,1.2491280046027,5,4.9999999999972,4.6720229484635,8.5652310729786,1262.5366522968,8.097877821294,8.5827256088222
69.599999999999,3.337451806433,-3.2132712954298,0.2802299603507,1.1592519255511,5,4.9999999999972,4.6735654403372,8.5670966117855,1263.0259701494,8.0963375142571,8.5809246582981
69.624999999999,3.3386046836883,-3.2142584491124,0.27920734455622,1.5886093791556,5,4.9999999999973,4.6750832013061,8.5689267323886,1263.521014386,8.0948256448934,8.5791593936846
69.649999999999,3.3397296681642,-3.215248219063,0.27818308438564,1.1355544015279,5,4.9999999999973,4.6765816120063,8.5707417650394,1264.0170809489,8.0933314152155,8.577410253733
69.674999999999,3.3408889712858,-3.2162430081146,0.2771338895948,1.5233209498799,5,4.9999999999973,4.6781092209172,8.5725949781124,1264.5135201284,8.0918095983839,8.575626852143
69.699999999999,3.3420464188173,-3.2172549153585,0.27608268519765,1.80473401739,5,4.9999999999974,4.6796466346737,8.5744574151565,1265.0110584022,8.0902768457429,8.5738324937126
69.724999999999,3.3431849350042,-3.2182513799866,0.27507440061538,1.073053924187,5,4.9999999999974,4.6811596319846,8.5762756006975,1265.4997727745,8.0887683725392,8.5720752810827
69.749999999999,3.3443501177753,-3.2192943597681,0.27399123474912,0.61158346771544,5,4.9999999999974,4.6827234279159,8.5781778903728,1265.9833675746,8.0872080033419,8.570244336934
69.774999999999,3.345499788987,-3.2203446495228,0.2729561867348,1.6145217491417,5,4.9999999999974,4.6842806216943,8.5800476970086,1266.4707873175,8.0856532578788,8.5684346529494
69.799999999999,3.3466600839716,-3.2213955078396,0.27185913484292,1.1124529692565,5,4.9999999999975,4.6858460569863,8.5819592697922,1266.9658043041,8.0840906775578,8.5665970848377
69.824999999999,3.3478162338599,-3.2224120360518,0.27083277831493,1.7583665706126,5,4.9999999999975,4.6873855413709,8.5838095183952,1267.4675801217,8.0825555369188,8.5648088300268
69.849999999999,3.3489809750081,-3.2234088463055,0.26978129995323,1.7622235771871,5,4.9999999999975,4.6889185947373,8.5856685125774,1267.9799025323,8.0810284851473,8.5630199240483
69.874999999999,3.3501089982019,-3.2244194403004,0.26874793688842,1.0561484236423,5,4.9999999999975,4.6904331034194,8.587501972632,1268.4798077747,8.0795172587092,8.5612519716288
69.899999999999,3.3512531318987,-3.2254865585459,0.26770797307931,1.4528206237171,5,4.9999999999976,4.6919976427337,8.589380617886,1268.9698612514,8.0779543614345,8.5594330986922
69.924999999999,3.3523874659223,-3.2264675914456,0.26669008722297,1.6637743323002,5,4.9999999999976,4.6934973557821,8.5911931384635,1269.4583713548,8.0764598561313,8.5576860962871
69.949999999999,3.353532040835,-3.2274450391015,0.26564013482125,0.71105240036412,5,4.9999999999976,4.6950024988487,8.5930283103074,1269.9523824294,8.0749607547326,8.5559241817073
69.974999999999,3.3546608792305,-3.2284542298171,0.26463906510045,1.3469419892071,5,4.9999999999976,4.6965166791628,8.5948434914581,1270.4525867647,8.0734499667619,8.5541674219674
69.999999999999,3.3557972375182,-3.2294425135465,0.26359837317513,1.4975468189843,5,4.9999999999977,4.6980226721534,8.5966740800441,1270.9512883411,8.0719488680536,8.552406736932
70.024999999999,3.3569587998311,-3.2304440784931,0.26254781930735,1.4582848416229,5,4.9999999999977,4.6995564124668,8.5985331181766,1271.4515228556,8.0704206531134,8.5506172277374
70.049999999999,3.3580996390718,-3.231477517318,0.26152173933407,1.3419974146813,5,4.9999999999977,4.7010957337387,8.6003830776598,1271.9532321008,8.0688841431668,8.5488280018364
70.074999999999,3.3592531921687,-3.2325135504774,0.26045345355097,1.2442310009151,5,4.9999999999977,4.7026462334822,8.6022659701073,1272.4536957996,8.0673368899214,8.5470147199751
70.099999999999,3.3603952880506,-3.2335561767739,0.2594158764879,1.159376911343,5,4.9999999999978,4.7041926656979,8.6041282318396,1272.9480533363,8.0657929351964,8.5452147218071
70.124999999999,3.3615676527466,-3.2345693561619,0.25834171783539,1.0765736931675,5,4.9999999999978,4.7057421725396,8.6060136464527,1273.439745321,8.0642488703823,8.5434025666642
70.149999999999,3.3626990246463,-3.2356389216836,0.25730562525266,1.5634067563144,5,4.9999999999978,4.7072990838346,8.6078837963453,1273.9446059406,8.0626931560077,8.5415920117511
70.174999999999,3.3638474946462,-3.2365895020838,0.25626801501189,1.5960642774864,5,4.9999999999978,4.7087899179763,8.6097001722562,1274.4513678264,8.0612105561818,8.5398499977398
70.199999999999,3.3650324002585,-3.23765593305,0.25519321710225,1.0533803607108,5,4.9999999999978,4.7103840560869,8.6116227920476,1274.9554648431,8.0596196557933,8.5379935062744
70.224999999999,3.3662264708234,-3.2386632426178,0.25414304047093,1.1747165569662,5,4.9999999999979,4.711946258724,8.6135051703401,1275.457854467,8.0580646193745,8.5361790224937
70.249999999999,3.367370630891,-3.2396716291265,0.2530977005295,1.4923038677594,5,4.9999999999979,4.7134713638389,8.6153541379452,1275.9597339675,8.0565437099316,8.5343983773824
70.274999999999,3.3685013096869,-3.2407329218209,0.25205469590665,0.9097091211042,5,4.9999999999979,4.7150220980917,8.6172229973209,1276.4615015708,8.0549943995508,8.5325917189342
70.299999999999,3.3696465151557,-3.2417346989091,0.25100410887703,1.7661643828468,5,4.9999999999979,4.7165436278811,8.6190719932665,1276.9580797263,8.0534774875234,8.5308131714865
70.324999999999,3.3707934296864,-3.24277158506,0.24994244567974,1.0355187299414,5,4.9999999999979,4.7180897668886,8.6209475397402,1277.4674229489,8.0519342789826,8.5290061742668
70.349999999999,3.3719217949249,-3.2437743194495,0.24893127062582,1.2461115140372,5,4.999999999998,4.7195992980633,8.6227644490271,1277.9849547641,8.0504284586518,8.5272511494833
70.374999999999,3.3730924830782,-3.2448293901731,0.24786136802685,1.3166268962325,5,4.999999999998,4.7211752691875,8.6246692788242,1278.4984895494,8.0488556299766,8.5254135267472
70.399999999999,3.3742438173623,-3.2458172827754,0.24683427768501,1.7363212905009,5,4.999999999998,4.722692339531,8.6265013314974,1279.0115897398,8.0473443675347,8.5236481692663
70.424999999999,3.375397483345,-3.2468048163474,0.24576953587816,1.2131032105666,5,4.999999999998,4.7242109467072,8.6283560128368,1279.4992408097,8.0458317339828,8.5218691353736
70.449999999999,3.3765576337575,-3.2478557971588,0.24472823938777,0.89852363957905,5,4.999999999998,4.7257763570832,8.6302361213513,1280.0113999768,8.0442692009114,8.5200507436362
70.474999999999,3.3776839737561,-3.2488425966809,0.24371323682534,1.3108550757185,5,4.9999999999981,4.7272738266453,8.6320451667601,1280.5270759295,8.0427761983478,8.5183066889888
70.499999999999,3.3788477407293,-3.2498706197045,0.24266333681925,0.99145093259881,5,4.9999999999981,4.7288266257002,8.6339195933198,1281.0417240434,8.0412275562903,8.5164986305367
70.524999999999,3.3800021143886,-3.2508461313632,0.24163573463218,1.508064025887,5,4.9999999999981,4.7303379832164,8.6357472059146,1281.5574374198,8.0397230325141,8.5147395997985
70.549999999999,3.3811323689004,-3.2518316842184,0.24059956439954,1.3782047697768,5,4.9999999999981,4.731837579726,8.6375699616422,1282.0773165965,8.0382281904891,8.5129869160256
70.574999999999,3.382303375568,-3.2528589802067,0.23954544787216,1.2376891767696,5,4.9999999999981,4.7333953324866,8.639450853802,1282.5931998646,8.0366750130602,8.5111732683647
70.599999999999,3.3834596125159,-3.2538750250908,0.23850867517208,1.4671765576151,5,4.9999999999982,4.7349345631666,8.641306690195,1283.1055186442,8.035140207334,8.5093827052236
70.624999999999,3.3846455167691,-3.2548521908023,0.23743565963886,0.84602356118322,5,4.9999999999982,4.7364711899025,8.6431808791023,1283.6325032059,8.0336124702322,8.5075869149497
70.649999999999,3.3858060470261,-3.255935177803,0.23638673453138,1.3186842443615,5,4.9999999999982,4.7380585434615,8.6450834918328,1284.1538539552,8.0320267942288,8.5057443705282
70.674999999999,3.3869768344411,-3.2569054617517,0.2353535530682,1.3326121000582,5,4.9999999999982,4.7395791335154,8.6469218764628,1284.6739694389,8.0305145496636,8.5039763749445
70.699999999999,3.388128101551,-3.2579520700805,0.23428337618899,1.0914354172437,5,4.9999999999982,4.741135027134,8.6488102841267,1285.2024724456,8.0289613670819,8.5021575766458
70.724999999999,3.3893121592128,-3.2590113333417,0.2332157338977,1.8860615171849,5,4.9999999999983,4.7427237471228,8.650724413502,1285.7301512081,8.027376216265,8.5003094517311
70.749999999999,3.3904679561737,-3.2600154150292,0.23217711184225,1.4594181449274,5,4.9999999999983,4.7442547750945,8.6525744898312,1286.2624652963,8.025850284326,8.4985268232764
70.774999999999,3.391589402648,-3.2610447951486,0.23113739834831,1.3190175892032,5,4.9999999999983,4.7457770318484,8.6544179294897,1286.791043809,8.0243302693609,8.4967494509509
70.799999999999,3.3927184300077,-3.2619863672059,0.23014181379153,1.7232182729342,5,4.9999999999983,4.7472471545365,8.6561934433105,1287.3121970986,8.0228677575606,8.4950409202497
70.824999999999,3.3938823016579,-3.2629434324292,0.22910458573907,1.1696328990338,5,4.9999999999983,4.7487539959548,8.6580227637013,1287.8367302794,8.0213698148865,8.4932852641898
70.849999999999,3.3950560512103,-3.2639647671674,0.22803657178782,1.4589120047115,5,4.9999999999983,4.75030989205,8.6599099484987,1288.3675369304,8.0198190042776,8.49146958722
70.874999999999,3.3962015256493,-3.2649435675816,0.22700494724895,1.4088186309798,5,4.9999999999984,4.7518165977085,8.6617359855,1288.8931348413,8.0183183788223,8.4897132951581
70.899999999999,3.3974298372942,-3.2659591381534,0.22589704553565,1.0234885406274,5,4.9999999999984,4.7534103772049,8.6636770108192,1289.4328350664,8.0167335638256,8.4878524546314
70.924999999999,3.3985331167513,-3.2669231612952,0.22491009679574,1.6282602082786,5,4.9999999999984,4.7548754936435,8.6654435424475,1289.9796818898,8.0152730011288,8.4861487343037
70.949999999999,3.3996755472038,-3.2678894316387,0.22389727918976,1.553785897008,5,4.9999999999984,4.7563717642458,8.6672503698378,1290.5149476715,8.0137834725245,8.4844091829523
70.974999999999,3.4009163976827,-3.2690018480113,0.22275873134239,1.0292132149139,5,4.9999999999984,4.7580382515986,8.6692686540839,1291.0547571448,8.0121206308839,8.4824646687511
70.999999999999,3.4021082284371,-3.2700611779493,0.2216688967949,1.5436914865699,5,4.9999999999984,4.7596328175159,8.6712000732008,1291.60011422,8.0105300193293,8.4806044069567
71.024999999999,3.4032562492299,-3.2710407843176,0.2206438771612,1.4659698845002,5,4.9999999999985,4.7611419829732,8.6730244212014,1292.147157424,8.0090270511927,8.4788482382883
71.049999999999,3.4044276968532,-3.2720917591263,0.21955549303103,1.2227593616824,5,4.9999999999985,4.7627157801593,8.6749379043075,1292.6885907095,8.0074566633615,8.4770076147747
71.074999999999,3.4056188893062,-3.2731637721916,0.21845612897542,1.2325722160346,5,4.9999999999985,4.7643183254697,8.6768812912476,1293.2454102566,8.0058574301462,8.4751361711267
71.099999999999,3.4067828592276,-3.2741532991689,0.21742578305525,2.210483200319,5,4.9999999999985,4.7658460655054,8.678724007268,1293.7948840814,8.0043362263994,8.4733611128676
71.124999999999,3.4079853431651,-3.2751782625614,0.21634349060108,1.2080078284148,5,4.9999999999985,4.7674261027126,8.6806391768512,1294.3478891019,8.0027627634277,8.47151967343
71.149999999999,3.4091380150436,-3.2761582716636,0.21530443672107,1.3315228835398,5,4.9999999999985,4.768939070095,8.6824745796042,1294.9075305768,8.0012562679791,8.4697557087513
71.174999999999,3.4102893470372,-3.2772178310049,0.21423707598004,1.3980252235298,5,4.9999999999985,4.770503752605,8.6843686467384,1295.4604864675,7.999693802741,8.4679296147549
71.199999999999,3.4114381946102,-3.2782179229446,0.21318554262714,1.8821376397324,5,4.9999999999986,4.7720269185952,8.6862195268063,1296.0114777418,7.9981756163499,8.4661505703707
71.224999999999,3.4126000252828,-3.2792084841075,0.21213994791515,1.6492809720248,5,4.9999999999986,4.7735537001543,8.6880700213972,1296.5690168316,7.9966551786217,8.4643713748249
71.249999999999,3.4137270634188,-3.2801894899884,0.21111308733444,1.4014680464831,5,4.9999999999986,4.775047884714,8.6898830382617,1297.1243310535,7.9951658889868,8.4626277753619
71.274999999999,3.4148994296529,-3.2811934873482,0.21007012204524,1.70049478776,5,4.9999999999986,4.7765914044856,8.6917458935646,1297.6765463324,7.9936284821125,8.4608334655492
71.299999999999,3.4161000807895,-3.2823099695395,0.20894866359047,1.4513398243203,5,4.9999999999986,4.7782309457737,8.6937322884652,1298.2321313914,7.9919908403467,8.4589187630855
71.324999999999,3.4172659706231,-3.2833177568959,0.2078854129779,1.9221697203856,5,4.9999999999986,4.7797720280102,8.6956045695137,1298.7854269073,7.9904552505715,8.4571195819977
71.349999999999,3.4184097258194,-3.2843374156875,0.20684217294222,1.5692252519118,5,4.9999999999986,4.7813043073582,8.697458276549,1299.3387096764,7.9889266341942,8.4553335735556
71.374999999999,3.4196341175694,-3.2853851183962,0.20573739006314,1.5278765514424,5,4.9999999999987,4.7829157713272,8.6994120834313,1299.8899480521,7.9873216178418,8.4534552517537
71.399999999999,3.4207741323273,-3.2863349143762,0.2047096881842,1.4427187955892,5,4.9999999999987,4.7843995995018,8.7012170535706,1300.4452128344,7.9858456028892,8.4517240903442
71.424999999999,3.4219173080751,-3.2872865331733,0.20369124426197,1.2445457777159,5,4.9999999999987,4.7858870231554,8.7030197341158,1301.0035378234,7.9843660782817,8.4499926715976
71.449999999999,3.4230490508772,-3.2882867537843,0.20266058087624,1.2821658538054,5,4.9999999999987,4.78739741484,8.7048482717981,1301.5692979883,7.9828597692755,8.4482319712817
71.474999999999,3.4242383055085,-3.2893416107006,0.20158085330017,1.7668095090184,5,4.9999999999987,4.7889870845201,8.7067699536995,1302.1315063639,7.9812741910697,8.4463803373704
71.499999999999,3.4254086176529,-3.2903903920288,0.20050456253122,2.0186414294233,5,4.9999999999987,4.7905585719651,8.7086746779864,1302.6940344585,7.9797061948154,8.4445464718883
71.524999999999,3.4265839236035,-3.2913741419553,0.19947115177078,1.4672432863409,5,4.9999999999987,4.7920912519693,8.7105232032892,1303.2546564238,7.9781812431012,8.4427673405524
71.549999999999,3.4277642087155,-3.2923708454745,0.19840249191924,1.2508258762268,5,4.9999999999988,4.7936360790959,8.7124016400673,1303.814704461,7.9766435472109,8.4409646632933
71.574999999999,3.4289347546777,-3.2933577466994,0.19734782397095,1.4070939803234,5,4.9999999999988,4.795167141432,8.7142608001891,1304.3788678304,7.975119671503,8.4391796525803
71.599999999999,3.4301068465352,-3.2944060728789,0.19628917177202,1.2270125964478,5,4.9999999999988,4.7967396512416,8.7161564614403,1304.9430287437,7.9735507650115,8.4373508130532
71.624999999999,3.4312373402281,-3.2953678043545,0.19524780195801,2.0272254208465,5,4.9999999999988,4.7982238828343,8.7179695787863,1305.5056734175,7.9720728827868,8.4356136741997
71.649999999999,3.4323927090318,-3.2963817038579,0.19420972840921,1.5328933732343,5,4.9999999999988,4.7997610455698,8.7198244280977,1306.0508837392,7.9705402962741,8.4338259432543
71.674999999999,3.4335221658077,-3.2973633217411,0.19319032502767,1.6731093837294,5,4.9999999999988,4.8012574567023,8.7216350715004,1306.5984399943,7.9690489120583,8.4320832811594
71.699999999999,3.4346863840633,-3.2984124653408,0.19212517425214,1.4394648060206,5,4.9999999999988,4.8028246537031,8.723529973243,1307.1535514735,7.9674849268205,8.4302570816439
71.724999999999,3.4358192251164,-3.299406525856,0.19108747790257,2.2196536330352,5,4.9999999999988,4.8043317984073,8.7253598089934,1307.7121800652,7.9659822779766,8.4284978514342
71.749999999999,3.4369919776128,-3.3004002520194,0.19003712302446,1.2714788316488,5,4.9999999999988,4.8058689516546,8.7272215515845,1308.2654523074,7.964451992719,8.4267083943399
71.774999999999,3.4381117361427,-3.3014035615997,0.18899878873903,2.1294315134135,5,4.9999999999989,4.8073724440154,8.7290487426986,1308.8271339596,7.962951866449,8.424951397145
71.799999999999,3.4392584169115,-3.3024090791177,0.18796698262361,1.6716640368576,5,4.9999999999989,4.8088975480331,8.7308900916944,1309.3819461643,7.9614313572127,8.4231772947502
71.824999999999,3.4404280864507,-3.3034333765697,0.18690660355765,1.3170016990125,5,4.9999999999989,4.8104523187882,8.7327720363973,1309.9332836552,7.9598813532054,8.4213660122904
71.849999999999,3.4415857842185,-3.3044475738957,0.18585293874968,1.8983222379658,5,4.9999999999989,4.8119914290305,8.7346372628889,1310.4818312365,7.9583469409611,8.4195716884773
71.874999999999,3.4427391700759,-3.3054497628801,0.18480488237012,1.3414401195261,5,4.9999999999989,4.8135193955538,8.7364901265837,1311.0330697662,7.9568241362299,8.4177901961199
71.899999999999,3.4439340432938,-3.3064596351003,0.1837352656181,1.1349472052323,5,4.9999999999989,4.8150838647635,8.7383852898759,1311.5779122819,7.9552668592582,8.4159691118962
71.924999999999,3.4451079891893,-3.3074383727196,0.18267059622027,1.3295726913352,5,4.9999999999989,4.8166122875757,8.7402479753619,1312.1270367559,7.9537464840259,8.4141845542827
71.949999999999,3.4462203467199,-3.3084203212952,0.18168453622772,1.8352635447064,5,4.9999999999989,4.8180960538245,8.7420295130657,1312.6800864507,7.9522668262724,8.4124641609926
71.974999999999,3.4473822348601,-3.3094076617878,0.18063923585991,1.1633905633589,5,4.999999999999,4.8196207916048,8.7438781553127,1313.2300481037,7.9507487198041,8.4106881236708
71.999999999999,3.4485378356014,-3.3104420933833,0.17957398915976,1.5710387077505,5,4.999999999999,4.8211717467296,8.7457597005104,1313.7716294589,7.9492013017343,8.4088779014248
72.024999999999,3.4497098833739,-3.3114626320352,0.17850837466701,1.4348961139453,5,4.999999999999,4.8227258365343,8.7476440384229,1314.3210769074,7.9476523430161,8.4070661328199
72.049999999999,3.4508482815075,-3.3124738784374,0.17745397863606,1.2074186380131,5,4.999999999999,4.8242485215301,8.7494961508889,1314.8636752991,7.9461335364002,8.4052865563283
72.074999999999,3.4520326004633,-3.3134659921326,0.17637174341115,1.0469823716204,5,4.999999999999,4.8257934813914,8.7513824525761,1315.4069104343,7.9445963578369,8.4034805673782
72.099999999999,3.4531771021185,-3.3144625813662,0.17535866545763,2.1283690911115,5,4.999999999999,4.8273110696556,8.7532071172245,1315.9626652908,7.9430837839688,8.4017204091198
72.124999999999,3.4543533759691,-3.3154855764782,0.17429451084161,1.5371522465494,5,4.999999999999,4.8288699600208,8.7550945928449,1316.5155782247,7.9415301239656,8.3999047904802
72.149999999999,3.4554838184664,-3.3164903483147,0.17326834135229,1.2177026403507,5,4.999999999999,4.8303823973528,8.7569222937241,1317.0684242735,7.9400215143341,8.3981441687745
72.174999999999,3.456634194917,-3.317483349826,0.17223248658421,1.441831933584,5,4.999999999999,4.8319020742853,8.7587614275094,1317.6126965139,7.9385074118797,8.3963752264357
72.199999999999,3.4578123824632,-3.3185025173857,0.17116090774849,1.0677179506484,5,4.999999999999,4.8334599023917,8.7606522235349,1318.1601437817,7.936955161328,8.394558609871
72.224999999999,3.458963831654,-3.3195327332241,0.17010302839021,0.92289175028932,5,4.9999999999991,4.8350049525244,8.7625247321862,1318.7091568837,7.9354136746505,8.3927566618826
72.249999999999,3.4600858746257,-3.3205049585678,0.1690854834937,1.5728518286956,5,4.9999999999991,4.836489608225,8.7643246211177,1319.2646592137,7.9339342348027,8.3910265410973
72.274999999999,3.4612896222947,-3.3215155020221,0.16800029187295,1.2704232783251,5,4.9999999999991,4.8380612972921,8.766234554985,1319.8166136049,7.9323703167386,8.3891945514895
72.299999999999,3.4624122441622,-3.3225408665062,0.16697828801041,1.2333682738342,5,4.9999999999991,4.8395817091386,8.768066533172,1320.3735458101,7.930852436283,8.3874266886594
72.324999999999,3.4635388034558,-3.3235051324762,0.16596483375473,1.2661953758777,5,4.9999999999991,4.8410645930527,8.7698626496024,1320.9304799534,7.9293755467794,8.3857003946609
72.349999999999,3.4646775918816,-3.32449173169,0.16490211661526,1.0438616628308,5,4.9999999999991,4.8425713170113,8.771706445905,1321.4773165599,7.9278741327971,8.3839349110309
72.374999999999,3.4658287382083,-3.3254916256645,0.16387936506354,0.71999694015931,5,4.9999999999991,4.8440960877566,8.7735424596747,1322.0257693639,7.9263545747869,8.3821653013078
72.399999999999,3.4670154773694,-3.32656203355,0.16279007861253,0.61087688506455,5,4.9999999999991,4.8456942501006,8.7754765402961,1322.5742936562,7.924759686377,8.3803028447093
72.424999999999,3.4681933203677,-3.3275950669672,0.16172856158867,1.3668629612664,5,4.9999999999991,4.8472609256157,8.7773689700998,1323.1190585573,7.9231977676389,8.3784806268096
72.449999999999,3.4693297344234,-3.3285919063337,0.16069339936968,0.96896701178001,5,4.9999999999991,4.8487725888151,8.7792010963094,1323.6735876288,7.9216906876902,8.3767188661444
72.474999999999,3.4704803122988,-3.3296072028183,0.15963141925549,1.3827410710474,5,4.9999999999991,4.8503070777852,8.7810672308603,1324.2168426976,7.9201605066441,8.3749265703368
72.499999999999,3.4716399610849,-3.330605753818,0.15860692121204,1.4609837588476,5,4.9999999999992,4.8518374010863,8.7829088295264,1324.7702584461,7.9186359834579,8.37315183718
72.524999999999,3.4728231330532,-3.3316219061396,0.15755182811804,0.92762144622161,5,4.9999999999992,4.8533970361229,8.7847918279025,1325.3222490157,7.9170824382135,8.3713397421661
72.549999999999,3.473982537561,-3.3326453762207,0.15649066723424,1.408629925715,5,4.9999999999992,4.8549435515026,8.7866674004127,1325.8679022425,7.9155402485777,8.3695364445331
72.574999999999,3.4751476916421,-3.3336163286769,0.1554148094582,1.0090750561849,5,4.9999999999992,4.856460236277,8.7885269171938,1326.4173297712,7.9140316489009,8.3677601718257
72.599999999999,3.4763031083105,-3.334602370225,0.15438505678288,0.71435407693728,5,4.9999999999992,4.8579792048784,8.790362034679,1326.9881811031,7.9125190460889,8.3659951193501
72.624999999999,3.4774733022806,-3.3356160196738,0.15334921429049,1.0624053807253,5,4.9999999999992,4.8595273777152,8.792224776959,1327.546762166,7.9109763622198,8.3641996662222
72.649999999999,3.4786118295012,-3.3366673605693,0.15230688494841,1.3627098668603,5,4.9999999999992,4.8610770750763,8.794092399075,1328.0995632239,7.9094287982233,8.3623975187315
72.674999999999,3.4797672136208,-3.3376290598214,0.15123298442497,1.4265484325893,5,4.9999999999992,4.862580330848,8.7959398406165,1328.6679513555,7.9079336542484,8.3606347328743
72.699999999999,3.4808873724237,-3.3386179997576,0.15022564845325,1.0784234628878,5,4.9999999999992,4.864074572442,8.7977419182234,1329.219953614,7.9064435967469,8.3588983945508
72.724999999999,3.4820919921963,-3.3396490140442,0.14918229809875,0.9749944981856,5,4.9999999999992,4.8656601635796,8.799639990724,1329.7710755262,7.9048644559407,8.3570661333416
72.749999999999,3.4832722199174,-3.3406728892412,0.14811117039194,1.256236008869,5,4.9999999999992,4.8672226161045,8.8015343435045,1330.3176211418,7.903307456129,8.3552458305715
72.774999999999,3.4844252799255,-3.3417335122549,0.14702287918115,1.0548958345784,5,4.9999999999992,4.8687892904674,8.8034419195368,1330.8620775931,7.9017431076354,8.3534130399994
72.799999999999,3.4856271321244,-3.3427627218414,0.14594385584801,1.5427590542727,5,4.9999999999993,4.8703716055691,8.8053571251222,1331.4141687596,7.9001671974301,8.3515723509393
72.824999999999,3.4867502153248,-3.3437370651119,0.14495262400749,1.3690519360813,5,4.9999999999993,4.8718584346392,8.8071440781841,1331.9688610962,7.898685560067,8.3498493392632
72.849999999999,3.4879161714263,-3.3447141524872,0.14390245186992,1.2824305261339,5,4.9999999999993,4.8733796687993,8.808992595127,1332.5292887815,7.8971720349947,8.3480770784243
72.874999999999,3.4890697464535,-3.3458448191057,0.14279785844928,1.4760439647311,5,4.9999999999993,4.8749949527822,8.8109494469279,1333.0780920624,7.8955571728085,8.3461913417838
72.899999999999,3.4902375825483,-3.3468368564145,0.14174720702989,1.6964715214286,5,4.9999999999993,4.8765272644888,8.8128073617729,1333.6209779332,7.8940316331237,8.3444076211699
72.924999999999,3.4913767805108,-3.3477924988858,0.14073882666937,1.1618289853151,5,4.9999999999993,4.8780142159106,8.8146039851286,1334.1752788852,7.8925521480664,8.3426811974841
72.949999999999,3.4925073662689,-3.3488189381009,0.13969445153324,1.0347552413894,5,4.9999999999993,4.8795412396887,8.8164539908161,1334.7256683905,7.8910279751734,8.3409008616521
72.974999999999,3.4936867066557,-3.3498065823004,0.13863851974809,1.2795817932836,5,4.9999999999993,4.8810795130105,8.8183198087996,1335.2776112639,7.8894975595329,8.3391109054869
72.999999999999,3.4948382646151,-3.3508171592339,0.13758804899351,1.3819126879459,5,4.9999999999993,4.8826116198842,8.8201774525434,1335.8375571912,7.887970112846,8.3373255572679
73.024999999999,3.4959805238557,-3.3517934371851,0.13657067296586,1.5871634257677,5,4.9999999999993,4.8841142425284,8.8219920954262,1336.3931669014,7.8864737221398,8.3355803380876
73.049999999999,3.4971343587004,-3.3528107836932,0.13553190067823,1.2781688869944,5,4.9999999999993,4.8856525301369,8.8238482680022,1336.9462632455,7.8849398419371,8.3337927488133
73.074999999999,3.498284298691,-3.3538447969721,0.13448753833688,1.2697214258916,5,4.9999999999993,4.8871989923714,8.8257143436017,1337.4933747046,7.883396744723,8.3319946576395
73.099999999999,3.4994673275713,-3.3548786642899,0.13340152945536,0.99656682518487,5,4.9999999999993,4.8887701190253,8.827624279269,1338.0419468393,7.8818306614228,8.3301613675464
73.125,3.5006148137523,-3.3558435013911,0.13235590434767,1.5026989850664,5,4.9999999999993,4.8902693305405,8.8294521105066,1338.593053149,7.8803388256794,8.3284114305278
73.15,3.5017724963267,-3.356816576946,0.13132784097003,1.2369394176738,5,4.9999999999994,4.891781648291,8.8312807764922,1339.1362530241,7.8788339764448,8.3266548924205
73.175,3.5029287967348,-3.3578312773239,0.13030202925535,1.3043749094314,5,4.9999999999994,4.8933200394931,8.8331298133131,1339.6885754225,7.8773002804839,8.3248718151823
73.2,3.5040919155176,-3.3588790111353,0.12922764063848,1.4466063261811,5,4.9999999999994,4.8948854759954,8.8350284713503,1340.2370800298,7.8757381675681,8.3230461646059
73.225,3.5052821846604,-3.3599142124497,0.12813062518562,1.0240317280457,5,4.9999999999994,4.8964629367377,8.8369498836688,1340.7871571627,7.8741660867127,8.3212037964711
73.25,3.5064540156946,-3.360967244013,0.12707107043082,1.66721355357,5,4.9999999999994,4.898038393321,8.8388484936141,1341.3422046397,7.8725941026305,8.3193736646081
73.275,3.5076145237231,-3.3620101573502,0.12599188467011,1.6228666107657,5,4.9999999999994,4.8995986648081,8.8407456201305,1341.8848395336,7.8710372687365,8.3175515534221
73.3,3.5087617267547,-3.3630147410671,0.12496691619674,1.3409325053688,5,4.9999999999994,4.9011235461936,8.8425829615825,1342.4257412737,7.869517175976,8.3157817661403
73.325,3.5098937048481,-3.3639873802414,0.1239419701536,1.5486456688243,5,4.9999999999994,4.9026159943056,8.8443934631038,1342.9717130771,7.8680305910784,8.3140437239631
73.35,3.5110466602673,-3.3650732269797,0.1228566156176,1.5107024049657,5,4.9999999999994,4.9041997775414,8.8463134536784,1343.5192431343,7.8664482775306,8.3121955991335
73.375,3.5121817789631,-3.3661231683587,0.12181281641287,1.9105973516894,5,4.9999999999994,4.9057460218148,8.8481790335167,1344.0631439285,7.864904130455,8.3103970498407
73.4,3.5133521528733,-3.3671588381531,0.12074243909673,1.69615931644,5,4.9999999999994,4.9073088356273,8.8500732601692,1344.6075303735,7.8633456081351,8.3085763407555
73.425,3.5145109176647,-3.368173136899,0.11967800456181,1.7548651594121,5,4.9999999999994,4.9088488154284,8.8519453068212,1345.1435945989,7.8618104968491,8.3067797388366
73.45,3.5156335932883,-3.3691643855695,0.11865831457431,1.4238335313281,5,4.9999999999994,4.9103464717583,8.853757140741,1345.6850610419,7.860317080106,8.3050370758294
73.475,3.516781825347,-3.370156987601,0.11763249825447,1.3968304727493,5,4.9999999999994,4.9118642647789,8.8555890781787,1346.236303751,7.8588048642974,8.3032746706239
73.5,3.5179122128116,-3.3712098135239,0.11656716715153,1.6761256036287,5,4.9999999999994,4.9134090036708,8.8574655505614,1346.7905419048,7.8572619575658,8.3014704920937
73.525,3.5190704928535,-3.3722080965146,0.11553247588543,1.7657540754112,5,4.9999999999994,4.9149381150419,8.8593118353718,1347.3275403551,7.8557386649026,8.2996947965625
73.55,3.5202040952877,-3.3732211611382,0.11448816544751,1.6399215632762,5,4.9999999999994,4.9164584289602,8.8611562698925,1347.8644662606,7.8542220021314,8.297922301746
73.575,3.5213544452399,-3.3741961287513,0.11344892466043,1.3561434189702,5,4.9999999999995,4.9179663635938,8.8629876323014,1348.4189408666,7.8527209496104,8.29616624809
73.6,3.5224760206185,-3.3752168885233,0.11243361070177,1.7273414841494,5,4.9999999999995,4.9194828997266,8.8648126649797,1348.9643857408,7.8512071680635,8.2944058922028
73.625,3.5236232690843,-3.3762175159957,0.11138921722781,1.4692567086436,5,4.9999999999995,4.921005211909,8.8666587939321,1349.499620739,7.8496899000094,8.2926328862163
73.65,3.5248507418331,-3.377294201992,0.11026936112067,1.6336858353706,5,4.9999999999995,4.9226379831985,8.8686386979158,1350.0342173421,7.8480621742032,8.2907310217331
73.675,3.5259532583225,-3.378256212561,0.1092733310897,2.0927952176356,5,4.9999999999995,4.9241012012083,8.870408749544,1350.5717002538,7.8466037839106,8.2890294024948
73.7,3.527078440827,-3.3792647142672,0.10824367381008,1.6651928073949,5,4.9999999999995,4.9256121980183,8.8722372203459,1351.105229132,7.8450962737969,8.2872704738025
73.725,3.528206800706,-3.3802348674698,0.10723243357103,1.849322853213,5,4.9999999999995,4.9271002817704,8.8740363868402,1351.6450877498,7.843614024201,8.2855414215843
73.75,3.5293551600773,-3.3812306166148,0.10618497765461,1.6979702709983,5,4.9999999999995,4.9286202309818,8.8758823038216,1352.180919008,7.8420994859948,8.2837701624997
73.775,3.5305182768786,-3.3822638429327,0.1051060609171,1.4156608784248,5,4.9999999999995,4.9301759935978,8.8777755704811,1352.7138872692,7.8405478029268,8.2819536350757
73.8,3.5316731008123,-3.3833049084554,0.10405727080766,2.0065534606018,5,4.9999999999995,4.9317308041138,8.879651042804,1353.2447635907,7.8389962895616,8.2801470034652
73.825,3.5328489034322,-3.3843382367206,0.10299292851351,1.9253904512529,5,4.9999999999995,4.9332961408522,8.8815439515773,1353.7769571313,7.8374356872807,8.2783267886558
73.85,3.5339835740514,-3.3853627859775,0.10191255013468,1.6497945942835,5,4.9999999999995,4.9348249242227,8.8834159547918,1354.3295056204,7.8359100692789,8.2765345638653
73.875,3.5351488180842,-3.3863708944574,0.10088576275436,1.9807795313499,5,4.9999999999995,4.9363657280269,8.8852675402442,1354.8603399817,7.8343749064672,8.2747505860369
73.9,3.5362991939366,-3.3873628611674,0.099863898575902,1.9582130928347,5,4.9999999999995,4.9378847285389,8.8870982693216,1355.3906674598,7.8328616833429,8.2729889927106
73.925,3.5374119929662,-3.3883450655613,0.098844313185696,1.7783788718773,5,4.9999999999995,4.9393689950755,8.8888989918209,1355.9185665105,7.8313816685053,8.2712596027505
73.95,3.5385384080154,-3.3893817235217,0.097817095586708,1.9778679950095,5,4.9999999999995,4.9408998349072,8.8907425336799,1356.4383023674,7.8298531381549,8.2694818500385
73.975,3.5396858955385,-3.3903993859157,0.096714740629449,1.3946862939213,5,4.9999999999995,4.9424335768553,8.8926313298085,1356.9460702628,7.8283235222439,8.2676789291896
74,3.5408390084198,-3.3914758782732,0.095684864276601,1.748568231156,5,4.9999999999995,4.944011076495,8.8945152487067,1357.4691062089,7.8267478275451,8.265855722651
74.025,3.5419570647071,-3.3924531308252,0.094671230951224,2.0340162179484,5,4.9999999999995,4.9454960251176,8.8963131710995,1357.9834502067,7.8252676997974,8.2641282573775
74.05,3.5431128383082,-3.3934927597219,0.09359925641513,1.7237412799355,5,4.9999999999995,4.9470505799928,8.8982014958242,1358.5001196602,7.8237165676376,8.2623148295443
74.075,3.5442320092436,-3.3944852587989,0.092585844640944,2.1288187975846,5,4.9999999999996,4.9485464402804,8.90000831663,1359.0229026551,7.822224739982,8.2605764150181
74.1,3.545351669023,-3.3954713757542,0.091555451714917,1.877129356538,5,4.9999999999996,4.9500384405054,8.901821538694,1359.5401552906,7.8207371464984,8.2588365807195
74.125,3.5464752653855,-3.3964690250321,0.090530230381324,1.5869005775881,5,4.9999999999996,4.9515410292274,8.9036405636114,1360.0466679942,7.8192385446715,8.2570880135047
74.15,3.5476201740772,-3.3974780011874,0.089498226658665,1.2484333637209,5,4.9999999999996,4.9530670858431,8.9054828123671,1360.554260969,7.8177169629828,8.2553155346533
74.175,3.5487327206466,-3.3985110028323,0.088467667755435,1.3556799276414,5,4.9999999999996,4.9545852598343,8.9073177248774,1361.0638440055,7.8162007354174,8.2535486191972
74.2,3.5498593017266,-3.3994966910001,0.08744115668611,2.0330165442786,5,4.9999999999996,4.9560821787011,8.9091327981733,1361.5684163886,7.8147086282916,8.2518058754278
74.225,3.5510240222186,-3.400577334772,0.086365373935924,1.629023636554,5,4.9999999999996,4.9576710036714,8.9110515668701,1362.0774514165,7.8131218722293,8.2499577033592
74.25,3.5521574198506,-3.4015551515566,0.085345303193689,2.243611518913,5,4.9999999999996,4.9591679057579,8.9128629917721,1362.5878021777,7.811630655577,8.2482179303569
74.275,3.5532962459049,-3.4025444685604,0.084293549400111,1.6406121350713,5,4.9999999999996,4.9606764391238,8.9147019749037,1363.0954878792,7.8101274132576,8.2464566273794
74.3,3.5544376585281,-3.4035432444983,0.083248317534023,1.601552835017,5,4.9999999999996,4.9621931382206,8.9165439536778,1363.611795699,7.8086155899147,8.2446893221992
74.325,3.555591322687,-3.4045970623466,0.082207386908218,1.3084899046912,5,4.9999999999996,4.9637556595962,8.9184214545744,1364.1144377656,7.8070557754061,8.2428779742384
74.35,3.5567070067141,-3.4055855169058,0.081193287397101,1.8704342413579,5,4.9999999999996,4.9652462276973,8.9202242832081,1364.6135814508,7.8055692950232,8.2411447204828
74.375,3.5578568889679,-3.4066358316696,0.080116022688492,1.3557195418066,5,4.9999999999996,4.9668035941605,8.9221179277242,1365.1071513155,7.8040146309778,8.239326653997
74.4,3.5590036754135,-3.4076630607793,0.079081185726446,1.7763644561694,5,4.9999999999996,4.9683431781289,8.9239729766005,1365.6092907894,7.8024786732125,8.2375399447793
74.425,3.5601329075393,-3.408630396664,0.078063948587431,1.9028810875221,5,4.9999999999996,4.9698300889895,8.9257745523843,1366.1275945992,7.8009978864724,8.2358111657024
74.45,3.5612677424411,-3.4096246278015,0.077025823204113,1.7705064423141,5,4.9999999999996,4.9713388453678,8.9276059589805,1366.6380317733,7.7994939176523,8.2340537608051
74.475,3.5624124114878,-3.4106244092525,0.076002573878921,1.4404661479654,5,4.9999999999996,4.9728586579143,8.9294381351068,1367.1367164882,7.7979791149493,8.2322908921022
74.5,3.5635421265367,-3.4116844002248,0.074949030421704,1.3926706895932,5,4.9999999999996,4.9744077986287,8.9313115786659,1367.628086388,7.7964315845541,8.2304873420694
74.525,3.5646650081459,-3.4126643225916,0.073921150573615,1.513338121997,5,4.9999999999996,4.9758981378361,8.9331220062219,1368.1169703535,7.7949462118551,8.2287509261772
74.55,3.5657965769564,-3.4137308240823,0.072849763846454,1.0988430959218,5,4.9999999999996,4.9774530890902,8.9350103237062,1368.602954064,7.7933927238929,8.2269360775711
74.575,3.5669136364165,-3.4147833569648,0.071825614822318,1.9395882953801,5,4.9999999999996,4.9789879009048,8.9368554601591,1369.1037509091,7.7918593662742,8.2251554609033
74.6,3.5680502697069,-3.4157730540356,0.070793682241535,1.6656501603772,5,4.9999999999996,4.9804950291438,8.9386820198707,1369.6045530602,7.7903574023575,8.2234021201048
74.625,3.5691745913684,-3.4168175232387,0.069720741931467,1.4180367662949,5,4.9999999999996,4.9820296349937,8.9405545091293,1370.1069476065,7.7888247629442,8.2216066190889
74.65,3.5703165641069,-3.4178289812792,0.068681032792735,1.5745691149513,5,4.9999999999996,4.9835551346179,8.9424006251052,1370.603560967,7.7873034804262,8.219832548626
74.675,3.5714331601958,-3.4188187759314,0.06766935141806,1.4076359352702,5,4.9999999999997,4.9850472741151,8.9442033950526,1371.0894493428,7.7858154222995,8.2180989555196
74.7,3.5725538735772,-3.4198165320225,0.066641287426174,0.96216628475301,5,4.9999999999997,4.9865477792636,8.9460223044159,1371.5796083883,7.7843187878909,8.2163520229528
74.725,3.5736745156407,-3.4208225987075,0.065605465396638,1.159318493628,5,4.9999999999997,4.9880537702361,8.947850127188,1372.0721472866,7.7828162471755,8.2145970422438
74.75,3.5748229292137,-3.4218524406487,0.064558368151475,1.0726240656232,5,4.9999999999997,4.989596309752,8.9497144878825,1372.5726393915,7.7812773015285,8.2128039931893
74.775,3.5759840594625,-3.4228829530196,0.063483984430405,1.6742852072977,5,4.9999999999997,4.9911487849375,8.9516024708224,1373.0695361121,7.7797290106355,8.2109933932595
74.8,3.5771278701413,-3.4239637187451,0.062413660999328,1.1502560492147,5,4.9999999999997,4.9927224295677,8.9535056128742,1373.5703005798,7.7781567705125,8.209161433115
74.825,3.5782694796789,-3.4249766161694,0.061344803111551,1.8915692118469,5,4.9999999999997,4.9942486122332,8.955368860231,1374.0682659455,7.7766347198026,8.2073775287056
74.85,3.5794400663749,-3.4259773807298,0.060318010197129,1.0146547593081,5,4.9999999999997,4.9957886781143,8.9572198347331,1374.5640088745,7.7751011668118,8.20559620506
74.875,3.5805871444892,-3.4270060367289,0.059216890973802,1.1484667143484,5,4.9999999999997,4.9973294316198,8.9591136100389,1375.0493247445,7.7735640097148,8.2037877409143
74.9,3.5817100750886,-3.4279857368619,0.058242063609491,1.0006066504271,5,4.9999999999997,4.9988196616296,8.9608943609682,1375.55202771,7.7720787862071,8.20206887859
74.925,3.5828508531694,-3.4289577340924,0.05719884332061,1.3434111806021,5,4.9999999999997,5.0003183788296,8.9627204118483,1376.0407810256,7.7705866450054,8.2003216357485
74.95,3.5839532350941,-3.4300050903678,0.0561073651035,1.2720090439271,5,4.9999999999997,5.0018389711732,8.9645921826072,1376.5363074195,7.7690672447197,8.1985331795603
74.975,3.5850914616987,-3.4310042523739,0.055125302893644,1.5740212166617,5,4.9999999999997,5.0033535287052,8.9663972672872,1377.0369216275,7.7675574098455,8.1967887668842
75,3.5862218595762,-3.4320086835509,0.054086755669423,1.3852811215607,5,4.9999999999997,5.0048657063902,8.9682317322467,1377.5332960501,7.7660492564613,8.1950279363874
75.025,3.587370822403,-3.4330927534647,0.052990744440288,1.4129459333035,5,4.9999999999997,5.0064453655797,8.9701543772398,1378.021784545,7.7644710641294,8.1931824178369
75.05,3.588488959698,-3.434063222953,0.051986334841259,1.3756957949069,5,4.9999999999997,5.0079259202185,8.9719434777627,1378.5148504064,7.762995809956,8.191463725444
75.075,3.5896415660694,-3.4351002257973,0.05091771030977,1.0896926274635,5,4.9999999999997,5.0094763641377,8.9738265164601,1379.0039348221,7.761448826123,8.1896565896255
75.1,3.5907845626153,-3.436140940457,0.04985829258033,1.3127336239608,5,4.9999999999997,5.0110221739924,8.9757005212712,1379.495763365,7.7599058810336,8.1878562519055
75.125,3.5919426752726,-3.4371767927073,0.048780777459555,1.1599326190592,5,4.9999999999997,5.0125759483683,8.9775913553853,1379.9981682557,7.7583558865994,8.1860434920082
75.15,3.5930468233429,-3.4381654309093,0.047785497527727,1.750844488149,5,4.9999999999997,5.0140580240937,8.9793766090363,1380.5100053586,7.7568773632496,8.1843247328419
75.175,3.5941397701836,-3.4391275656803,0.046761923303772,1.4893121530533,5,4.9999999999997,5.0155141271512,8.9811564799041,1381.0105180011,7.7554256527342,8.182622391056
75.2,3.5952450146408,-3.4400628791605,0.045766226546006,1.3132344568717,5,4.9999999999997,5.0169620140999,8.982913690378,1381.5102175626,7.7539846040249,8.1809390742976
75.225,3.5963869229268,-3.4410486224764,0.044736781094076,0.63042005422229,5,4.9999999999997,5.0184705380204,8.984739998774,1382.0051814898,7.7524818416033,8.179186533824
75.25,3.5975413379589,-3.4421066919782,0.043656220545338,1.0775303822055,5,4.9999999999997,5.0200364834654,8.9866425749844,1382.5001643036,7.7509185015982,8.1773603138445
75.275,3.5986496416334,-3.4431946238284,0.042605567806218,1.3866345989552,5,4.9999999999997,5.0215895233058,8.9885176226969,1383.0040459217,7.7493658890567,8.1755538262022
75.3,3.599787386541,-3.444188446727,0.041569699365401,1.4154481004142,5,4.9999999999997,5.0231002011101,8.9903493352439,1383.5094771493,7.7478602391914,8.1737965949735
75.325,3.6009293359485,-3.4452077485494,0.040509786206693,1.4247102606261,5,4.9999999999997,5.0246308952842,8.9922111731956,1384.0197978565,7.7463333902045,8.1720116405724
75.35,3.6020730972848,-3.4462418585901,0.039454267623259,1.5200975277935,5,4.9999999999997,5.0261728335354,8.9940797804445,1384.5265216168,7.7447946609535,8.1702168569626
75.375,3.6031973179453,-3.4472445698925,0.038421622343956,1.6805372403976,5,4.9999999999997,5.0276792538119,8.9959061589164,1385.0347558329,7.7432920683403,8.1684636442822
75.4,3.6043034598634,-3.4482480526733,0.037366382854784,0.70246105459656,5,4.9999999999997,5.0291727489188,8.9977348354908,1385.5511165867,7.7418015240568,8.1667146906016
75.425,3.6054855236232,-3.4493179574117,0.036304244695295,1.6189198151598,5,4.9999999999997,5.0307671048645,8.9996505881761,1386.0571550775,7.7402104347202,8.1648682592123
75.45,3.6066051895895,-3.4503018400311,0.035266006590833,1.295000673886,5,4.9999999999997,5.0322576339266,9.0014670724855,1386.5606687015,7.7387245233129,8.1631291741703
75.475,3.6078136757495,-3.4513248410052,0.034169370280202,1.1251724182454,5,4.9999999999998,5.0338409752643,9.0033930997412,1387.0633625513,7.7371486592595,8.1612862621615
75.5,3.6089348912653,-3.4523615276484,0.033140917360192,1.1367704087428,5,4.9999999999998,5.0353680127325,9.0052341751981,1387.5776329159,7.7356238033227,8.159513434398
75.525,3.6100707435048,-3.453421377296,0.032054687284823,1.4951962559048,5,4.9999999999998,5.0369215382667,9.0071297852218,1388.084487796,7.7340721361945,8.157696840412
75.55,3.6112245155932,-3.4544384696552,0.030997367667068,1.5714006944606,5,4.9999999999998,5.0384596107289,9.0089962234536,1388.5949679528,7.7325386457608,8.1559067083416
75.575,3.6123518991436,-3.4554779530946,0.029977440088818,1.0897444040164,5,4.9999999999998,5.0399930772237,9.0108378997974,1389.1016354532,7.7310074885025,8.1541307093866
75.6,3.6134658504814,-3.4564391369074,0.028966983048089,1.5850578729484,5,4.9999999999998,5.0414643902105,9.0126227766381,1389.6070950521,7.7295418484371,8.1524198679824
75.625,3.6145943744327,-3.4574163484321,0.027935210261844,1.0409133924658,5,4.9999999999998,5.0429572092459,9.0144374567077,1390.1212942434,7.7280545602706,8.1506817559169
75.65,3.6157811435253,-3.4584750891218,0.026845795333053,1.0850696039602,5,4.9999999999998,5.0445476031365,9.0163651956979,1390.6297633233,7.7264682120812,8.1488314327831
75.675,3.6169146915926,-3.459476899869,0.025801041240445,1.2643964432909,5,4.9999999999998,5.0460604005433,9.0182036915798,1391.1401911737,7.7249597837579,8.1470692157765
75.7,3.6180373436298,-3.4605164450539,0.024760868835587,1.514089366948,5,4.9999999999998,5.047590433807,9.0200538160135,1391.648806178,7.723431885508,8.1452900246847
75.725,3.6191632380807,-3.4615308179495,0.023724046906956,1.0483478822974,5,4.9999999999998,5.0491058844614,9.0218900051099,1392.1616792019,7.7219197832498,8.1435269066842
75.75,3.620290351887,-3.4625463154207,0.022676169452953,1.3513978209896,5,4.9999999999998,5.0506229937674,9.0237338239201,1392.6728840525,7.7204060260365,8.1417587399578
75.775,3.6214495758875,-3.4636125976933,0.021582692472934,1.3244166899408,5,4.9999999999998,5.0521980360425,9.0256512310427,1393.1821611512,7.7188334697117,8.139920371746
75.8,3.6225862223999,-3.4645959282856,0.020560704420519,1.4119525884274,5,4.9999999999998,5.0537010012277,9.0274687469098,1393.7040315554,7.7173361448544,8.1381760713909
75.825,3.6237089893357,-3.4656063342151,0.019509685263332,1.1693632640357,5,4.9999999999998,5.0552114732514,9.0293089009804,1394.219066361,7.7158290727069,8.1364133445043
75.85,3.6248566988728,-3.4667012204693,0.018435744908177,1.4856840793754,5,4.9999999999998,5.0567976677827,9.0312244585957,1394.7366429421,7.7142440259048,8.1345694323908
75.875,3.6260113509853,-3.4677319127695,0.017372962340025,1.0429749805459,5,4.9999999999998,5.0583454236157,9.0331019715533,1395.2631568949,7.7127001879191,8.1327681728584
75.9,3.6271343932707,-3.4687337373298,0.016335768796995,1.701524179066,5,4.9999999999998,5.0598503742543,9.0349297152087,1395.7857749683,7.7111990829266,8.1310155890403
75.925,3.6282615672223,-3.4697706084802,0.015287366539741,1.2689484675001,5,4.9999999999998,5.0613819169078,9.03678572442,1396.3069590079,7.7096699613545,8.1292329118955
75.95,3.6293928761735,-3.4707615323371,0.014251674417866,1.2571037907221,5,4.9999999999998,5.062885841784,9.038611771573,1396.8309780656,7.7081709186278,8.1274828234657
75.975,3.6305292584356,-3.4717506371286,0.013215146187959,1.3059002813204,5,4.9999999999998,5.0643923917945,9.040440455172,1397.3562361737,7.7066696479481,8.125730388568
76,3.6316648939164,-3.472761034047,0.012172460890146,0.9585704604773,5,4.9999999999998,5.0659124476744,9.0422837572385,1397.8826339233,7.7051536258506,8.1239620429964
76.025,3.6328110652859,-3.4737949276382,0.011120926578413,1.6838423233435,5,4.9999999999998,5.0674560294721,9.0441514748765,1398.4100153312,7.7036134094796,8.1221679777394
76.05,3.6339631277021,-3.4748259047138,0.010049384900425,0.95574350726278,5,4.9999999999998,5.0690020442008,9.0460325285995,1398.9365851324,7.7020711823562,8.1203656986394
76.075,3.6351279101466,-3.4758469271512,0.0089836416388359,1.3321680385942,5,4.9999999999998,5.0705509809202,9.0479126917999,1399.4682646702,7.7005272360243,8.1185636598087
76.1,3.6363028087693,-3.4768418519057,0.0079000572933199,1.0393619771973,5,4.9999999999998,5.0720905464565,9.0497953540305,1399.9990979265,7.6989949661028,8.1167670798557
76.125,3.63743928345,-3.4778786157951,0.0068767040227257,1.217912653509,5,4.9999999999998,5.0736288747902,9.0516429757393,1400.5344795349,7.6974594523504,8.1149865300826
76.15,3.6385751620452,-3.4788739124641,0.0058449594209582,1.5717610287851,5,4.9999999999998,5.0751391183607,9.0534720007707,1401.0658688183,7.6959541037813,8.1132319664861
76.175,3.6397144187168,-3.4798959679156,0.0047849533101739,0.92875470978571,5,4.9999999999998,5.0766696421631,9.0553337515769,1401.611642543,7.6944272066183,8.1114480480928
76.2,3.6408658815774,-3.480980574458,0.0037170049385764,1.2917642874393,5,4.9999999999998,5.0782514885751,9.0572423510099,1402.1449537217,7.692846931972,8.1096110156332
76.225,3.6420070501881,-3.4819581783196,0.002639625980652,1.5054065880392,5,4.9999999999998,5.0797541445931,9.0590913292487,1402.6712797203,7.6913505963549,8.107850658909
76.25,3.643209990558,-3.4830309139726,0.0015600535423519,1.0727097962071,5,4.9999999999998,5.0813659222809,9.0610312529493,1403.2051997632,7.6897429801938,8.1059840790769
76.275,3.6443396862014,-3.4840345957085,0.00054202166700125,1.3056734861514,5,4.9999999999998,5.0828770772278,9.0628533336755,1403.7440600187,7.6882359314825,8.1042324006744
76.3,3.6455163961547,-3.4850582668668,-0.00053025585953985,1.3571674434799,5,4.9999999999998,5.0844367403178,9.0647460375743,1404.2785278378,7.6866817927961,8.1024189250044
76.325,3.6466259669225,-3.4860526568477,-0.00156182949576,1.2537852333685,5,4.9999999999998,5.0859266929086,9.0665582469689,1404.8200908824,7.6851954328491,8.1006826542698
76.35,3.6477531157051,-3.4870422625499,-0.0025898134604062,1.1975337414026,5,4.9999999999998,5.0874266208483,9.0683766349516,1405.3577382405,7.6837002625919,8.0989391915447
76.375,3.6488884447648,-3.4880372204689,-0.0036126554087281,1.3728732320912,5,4.9999999999998,5.0889362278615,9.0702001258305,1405.8985774013,7.6821955559272,8.0971883374036
76.4,3.6500328395881,-3.4890359194991,-0.0046666769772934,0.7163517956262,5,4.9999999999998,5.0904551219541,9.0720489094121,1406.4363334229,7.6806818521572,8.0954191254396
76.425,3.6511491392669,-3.4900489886321,-0.0056948180516516,1.7002356998794,5,4.9999999999998,5.0919625814199,9.0738736033891,1406.9758770251,7.6791774089442,8.0936669093459
76.45,3.6522923601229,-3.4910597867739,-0.0067480234056439,1.0697450430099,5,4.9999999999998,5.0934885784085,9.0757277631252,1407.5175797281,7.6776558450154,8.0918905632743
76.475,3.6534540737064,-3.4920520428139,-0.0077917421327518,1.1137382153698,5,4.9999999999998,5.095016371097,9.0775780331813,1408.0637269469,7.6761347070669,8.0901176504271
76.5,3.6545872821802,-3.4930870795278,-0.008848670122879,1.3771984012467,5,4.9999999999998,5.0965511226874,9.0794415135865,1408.6112722516,7.6746027283171,8.0883303128665
76.525,3.6558268937524,-3.4941063127458,-0.009963457236702,1.1257105696543,5,4.9999999999998,5.0981559507787,9.081395541097,1409.1539478717,7.6730079815471,8.0864651856924
76.55,3.6569324908132,-3.4951515995888,-0.01097873097592,1.5110639822225,5,4.9999999999998,5.0996774531431,9.0832246802963,1409.7020841285,7.6714878817109,8.0847023352069
76.575,3.6580557276275,-3.4961080126911,-0.012017394135061,1.7066234785956,5,4.9999999999998,5.1011527114131,9.0850288998287,1410.2440172736,7.670019270973,8.0829809915895
76.6,3.6591995118853,-3.4970822789558,-0.013034310781786,1.0830084248489,5,4.9999999999998,5.1026551884289,9.086843164597,1410.794948625,7.6685235409712,8.0812408082009
76.625,3.6603217354372,-3.4980985537559,-0.014105172358391,1.5876898311431,5,4.9999999999998,5.104169189806,9.0886976037807,1411.3477724842,7.6670126837789,8.0794692841621
76.65,3.6614826990295,-3.4991314475607,-0.015151595066994,1.4808898673653,5,4.9999999999998,5.1057231222609,9.0905710248652,1411.9109258271,7.6654629217013,8.0776685837463
76.675,3.6626286830926,-3.500198263633,-0.016234538833933,1.4243054206598,5,4.9999999999998,5.1072888093321,9.0924747431235,1412.4633203367,7.6638992499831,8.0758431993877
76.7,3.6637982113644,-3.5012217566942,-0.017308078887172,1.6590973219543,5,4.9999999999999,5.1088429439547,9.094363611216,1413.0222781854,7.6623502724745,8.0740347598435
76.725,3.6649341615192,-3.5022682146443,-0.018369551864565,1.5431125540458,5,4.9999999999999,5.1103874364264,9.096237692825,1413.5834155244,7.6608082004862,8.0722367120174
76.75,3.6660420360025,-3.5032769172198,-0.019395182771218,1.3992318476998,5,4.9999999999999,5.1118857243683,9.0980533980636,1414.1430416079,7.6593127766439,8.0704942639357
76.775,3.6671844786523,-3.5042677177036,-0.020439264119344,1.391701107464,5,4.9999999999999,5.113397961389,9.099891050552,1414.6975231235,7.6578061286116,8.0687353815112
76.8,3.6683247871556,-3.5052926909511,-0.02149946314764,1.3204513310591,5,4.9999999999999,5.1149312172844,9.1017551577432,1415.2561254241,7.6562764440278,8.0669495912468
76.825,3.6694654926534,-3.506300583213,-0.022546002589981,1.3148822285323,5,4.9999999999999,5.1164534051323,9.1036023991051,1415.8252603108,7.6547587431622,8.0651795108865
76.85,3.6706338393354,-3.5073669076068,-0.023667571853375,1.454822670638,5,4.9999999999999,5.1180352021111,9.1055414708661,1416.3900607676,7.6531798595153,8.0633277678292
76.875,3.6717671704581,-3.5084130386521,-0.02469677013586,1.6832261711428,5,4.9999999999999,5.1195775475969,9.1073956765458,1416.9586307886,7.6516398529893,8.0615420443724
76.9,3.6729123322648,-3.509419547021,-0.025764991208449,1.5727009661144,5,4.9999999999999,5.1211021638307,9.1092572755681,1417.5278188233,7.6501200467948,8.0597632420066
76.925,3.6741119730146,-3.5104939153582,-0.026878017350166,0.84668461129946,5,4.9999999999999,5.1227125691376,9.1112148844271,1418.0950402463,7.6485136026097,8.0578881392661
76.95,3.6752315436511,-3.5115275245893,-0.027903052683988,2.26476476854,5,4.9999999999999,5.1242363100777,9.1130513168076,1418.6596900138,7.6469921686287,8.0561214513253
76.975,3.6763797444422,-3.5124950085449,-0.028941099192694,1.7838902684913,5,4.9999999999999,5.1257377727849,9.1148766745302,1419.238698082,7.645498260848,8.0543768296364
77,3.6774814612577,-3.513484705153,-0.029962155037244,1.3410177011385,5,4.9999999999999,5.1272187452079,9.1166755170345,1419.8241561048,7.6440207793965,8.0526531773906
77.025,3.678646841246,-3.5145404589009,-0.031082614310908,1.071041790263,5,4.9999999999999,5.1287912357463,9.1186063602382,1420.413505964,7.6424515580549,8.0508112134488
77.05,3.6798111677296,-3.5155971334337,-0.032118585807223,1.3339071496673,5,4.9999999999999,5.130363564347,9.1204892978818,1420.9931840931,7.6408824106785,8.0489959211982
77.075,3.6809828127147,-3.5165419294553,-0.033187520524387,1.7303147011364,5,4.9999999999999,5.1318686861007,9.1223353783035,1421.5591670192,7.6393884735663,8.0472416960911
77.1,3.6821323557286,-3.517606150914,-0.034251890156989,1.0559835879003,5,4.9999999999999,5.1334352161687,9.1242292893808,1422.1366341661,7.6378242057856,8.0454221749171
77.125,3.6832679409495,-3.5186494670612,-0.035313343012506,1.569501787866,5,4.9999999999999,5.1349773129157,9.1261013856768,1422.7115754529,7.6362846628896,8.0436270764179
77.15,3.6844085249648,-3.519650138893,-0.036349611209914,2.0854428173915,5,4.9999999999999,5.1364946381975,9.1279388099032,1423.2858475667,7.634772251325,8.0418656813223
77.175,3.6855575214347,-3.5207180984569,-0.037428669844465,1.3697177606705,5,4.9999999999999,5.138063309775,9.12984277893,1423.8593540894,7.6332056840201,8.0400394636686
77.2,3.686676231158,-3.5216743123906,-0.038442305268502,2.0024141601276,5,4.9999999999999,5.1395349947046,9.1316297633464,1424.430542679,7.6317404182835,8.0383300025615
77.225,3.6878975676671,-3.5227692244338,-0.039582929744187,0.8424206885784,5,4.9999999999999,5.1411752676242,9.1336276420829,1425.0072131289,7.630104142173,8.0364183406295
77.25,3.6890138213138,-3.5237751224696,-0.040612633689014,2.3482654170365,5,4.9999999999999,5.1426778830314,9.1354492192226,1425.5705223465,7.6286049248522,8.0346716671088
77.275,3.6901341273961,-3.5248142790284,-0.041680530399563,1.4577856620282,5,4.9999999999999,5.1442059314835,9.137313444385,1426.1428740151,7.6270790125824,8.0328876934219
77.3,3.6912441275119,-3.5257765918401,-0.042675598637399,1.4221768799026,5,4.9999999999999,5.1456749945198,9.1390877913079,1426.716772135,7.6256154398267,8.0311857976776
77.325,3.6923618599713,-3.5267471167355,-0.043703161325451,1.3634845117662,5,4.9999999999999,5.1471552797705,9.1408897706367,1427.2916439268,7.6241405908896,8.0294630306209
77.35,3.6935105578478,-3.5277301073256,-0.044744470567866,1.1037579456336,5,4.9999999999999,5.1486671585062,9.142725554461,1427.8682674347,7.6226352384162,8.0277070204717
77.375,3.6946372399192,-3.5288200238103,-0.045797652020881,1.2086143717403,5,4.9999999999999,5.1502347459627,9.144614078119,1428.4448246417,7.6210684518584,8.0258889852476
77.4,3.6957817118487,-3.529815377659,-0.046868064613678,1.5131610024889,5,4.9999999999999,5.1517515008149,9.1464705070566,1429.0094616694,7.6195571689472,8.0241182851631
77.425,3.6968875350945,-3.5308175462702,-0.047915120089125,1.0061399576548,5,4.9999999999999,5.1532438771,9.1482935572876,1429.5755614953,7.6180678999089,8.0223758476339
77.45,3.697999160135,-3.5317592778578,-0.048891844391535,1.1559910492421,5,4.9999999999999,5.1547007808764,9.1500475695387,1430.1441923326,7.6166179831486,8.0206928561925
77.475,3.6990846156361,-3.5327560833041,-0.049875753873018,0.99780733914145,5,4.9999999999999,5.1561744954833,9.1518195493948,1430.7020749363,7.6151467455876,8.0189873941468
77.5,3.700214571707,-3.5337141763243,-0.050904754086015,1.4806865241526,5,4.9999999999999,5.1576559619721,9.1536233188911,1431.2680405352,7.6136723262868,8.0172648121724
77.525000000001,3.7013612351454,-3.5347849339456,-0.051997221987878,0.89693179106593,5,4.9999999999999,5.1592248338357,9.1555350837932,1431.8282917788,7.6121053906688,8.0154345229896
77.550000000001,3.702519625271,-3.5358188333235,-0.053042545313457,1.3333715984284,5,4.9999999999999,5.1607775139724,9.1574068520646,1432.3954731341,7.6105567564338,8.0136364155764
77.575000000001,3.7036699775328,-3.5368223012203,-0.054103193873117,1.4689182141645,5,4.9999999999999,5.1623040322809,9.1592656779072,1432.9653003243,7.6090355680159,8.0118596079206
77.600000000001,3.7047952796797,-3.5378219608377,-0.055114650582224,1.1837628255249,5,4.9999999999999,5.1638092313616,9.1610791466682,1433.526785162,7.607534552114,8.010117392924
77.625000000001,3.7059350775964,-3.5388648449325,-0.056174951532722,0.91035015052622,5,4.9999999999999,5.1653541412379,9.162952908828,1434.0803456234,7.6059924128636,8.0083208635113
77.650000000001,3.7070612697223,-3.5399288416342,-0.057232157901334,1.2662047883015,5,4.9999999999999,5.1669034629236,9.1648285641779,1434.6510390344,7.6044445856941,8.0065199344907
77.675000000001,3.7082036122747,-3.5410154906855,-0.058322700440236,1.4310327090791,5,4.9999999999999,5.1684800899143,9.1667456024396,1435.2216847582,7.6028692532542,8.0046824853971
77.700000000001,3.709329954672,-3.542021345237,-0.05934983550757,1.5171166893908,5,4.9999999999999,5.169990186128,9.1685719093747,1435.7823937591,7.6013630701591,8.0029305858361
77.725000000001,3.7104870559782,-3.5430586683437,-0.060404957949104,1.1204271307288,5,4.9999999999999,5.1715441882711,9.1704502613192,1436.3388954459,7.5998128846776,8.0011281702808
77.750000000001,3.7116415153997,-3.5440415814985,-0.061462348369597,1.5691487835158,5,4.9999999999999,5.1730603989509,9.1722987659383,1436.9026382245,7.5983036084419,7.9993639372522
77.775000000001,3.7127399059865,-3.545093485518,-0.062503157936248,0.91346728273923,5,4.9999999999999,5.1745812421207,9.1741416572811,1437.4602950108,7.5967838183988,7.9975949359938
77.800000000001,3.7138665930296,-3.546139923289,-0.063538103622334,1.1853459774414,5,4.9999999999999,5.1761189207939,9.1759951858822,1438.0186132659,7.5952482601052,7.995812822116
77.825000000001,3.7150317558423,-3.5471385197225,-0.064602060847904,1.4342978168642,5,4.9999999999999,5.1776534562991,9.1778624845178,1438.5764408632,7.5937202782859,7.99402887137
77.850000000001,3.7162535718406,-3.5482063660348,-0.065728197202806,1.0747940768239,5,4.9999999999999,5.1792761485314,9.1798376587305,1439.138281521,7.5921031436902,7.9921408401779
77.875000000001,3.7173785796849,-3.5492254216494,-0.066751864148478,1.1872234180453,5,4.9999999999999,5.1807940803465,9.1816685085362,1439.7071880714,7.5905884208252,7.9903821429976
77.900000000001,3.7184860143472,-3.5502190946095,-0.067761333686429,1.6648777957542,5,4.9999999999999,5.1822819639048,9.1834665147183,1440.2681523327,7.5891041564473,7.9886568459114
77.925000000001,3.7196321860893,-3.5512609135265,-0.068836129363042,1.0746144894082,5,4.9999999999999,5.1838308655537,9.185351795086,1440.8302559101,7.5875583610703,7.986852727738
77.950000000001,3.7208171628655,-3.5522666231748,-0.069887015693463,1.2320221108665,5,4.9999999999999,5.1853850926468,9.1872279571089,1441.3884598812,7.5860114930622,7.985055090585
77.975000000001,3.7219070550894,-3.5532912268693,-0.070925964793636,0.90417299177339,5,4.9999999999999,5.1868809796046,9.1890492459447,1441.9616177716,7.5845172288297,7.9833111884514
78.000000000001,3.7230498062393,-3.5543734019225,-0.071989921466506,1.4381736300327,5,4.9999999999999,5.188454823001,9.1909489793044,1442.5214675276,7.5829448364814,7.9814852898199
78.025000000001,3.724179643931,-3.555387271114,-0.073047841716697,1.1455836175021,5,4.9999999999999,5.1899728690962,9.192799292576,1443.0931520558,7.5814304848795,7.9797164521397
78.050000000001,3.7253470770009,-3.5564376991029,-0.074107514191376,1.5162454626082,5,4.9999999999999,5.191543314553,9.1946938122212,1443.6572695024,7.5798637178943,7.9778973031739
78.075000000001,3.7265084544007,-3.5574786624895,-0.075181666442059,1.254341684275,5,4.9999999999999,5.1931029306073,9.1965875401041,1444.2199165791,7.5783079635737,7.9760841356596
78.100000000001,3.7276013036502,-3.5584774430458,-0.076189565494462,1.2365931296295,5,4.9999999999999,5.1945834312258,9.198378557296,1444.7766479235,7.576830191519,7.9743657563451
78.125000000001,3.7287378618124,-3.5594851646368,-0.077274793187822,1.385354823405,5,4.9999999999999,5.1961024003701,9.2002453691257,1445.3655400029,7.5753155844029,7.9725883023862
78.150000000001,3.729906660394,-3.5604972349407,-0.078279280690719,1.0074442210659,5,4.9999999999999,5.197648484593,9.2020891076017,1445.9305335862,7.5737754217594,7.970811769309
78.175000000001,3.7310572379498,-3.5615405485164,-0.079338965901442,1.323941094386,5,4.9999999999999,5.1992016529449,9.2039693375544,1446.4893179963,7.572225500815,7.9690087915826
78.200000000001,3.7321812004092,-3.5625518594293,-0.080381327829644,1.1369848071474,5,4.9999999999999,5.2007136190069,9.2058057905928,1447.0469965177,7.5707170853703,7.9672506851361
78.225000000001,3.7333040475094,-3.5636099520828,-0.081435035012435,1.3194021475011,5,4.9999999999999,5.2022564558984,9.2076741172507,1447.6056238119,7.5691758474139,7.9654578891929
78.250000000001,3.7344242030836,-3.5645928000518,-0.08249025498354,0.96683333794368,5,4.9999999999999,5.2037466701919,9.2095001040601,1448.1793835831,7.5676905263311,7.9637177923997
78.275000000001,3.7356020585433,-3.5657593198551,-0.083611186719658,1.6083731416631,5,4.9999999999999,5.2054044132164,9.2115012537028,1448.7432246052,7.56603313869,7.9617937587615
78.300000000001,3.7367245527681,-3.5667482612448,-0.084615992387823,1.4306427837456,5,4.9999999999999,5.2069004073197,9.2133033726744,1449.3017798891,7.5645418162715,7.9600637265494
78.325000000001,3.7378828631968,-3.5677703807672,-0.085682985691083,1.260049037048,5,4.9999999999999,5.2084452087203,9.2151808406705,1449.863247273,7.5630017451742,7.9582680419605
78.350000000001,3.7390071183686,-3.5687269393778,-0.086710593642762,1.308977107496,5,4.9999999999999,5.2099213367862,9.2169794323888,1450.4251664534,7.5615324610568,7.9565519215926
78.375000000001,3.7401086018718,-3.5697256590803,-0.087697692240415,1.0705423394064,5,4.9999999999999,5.2114081814155,9.2187641089963,1450.9790989979,7.5600487391124,7.9548347168676
78.400000000001,3.7412553769591,-3.5707584997782,-0.08877120243896,1.0806751409161,5,4.9999999999999,5.2129515067242,9.2206440763244,1451.5341749073,7.558508998347,7.9530374219986
78.425000000001,3.742444433274,-3.5717791224476,-0.089826578052413,1.214987853517,5,4.9999999999999,5.2145185183876,9.2225333468817,1452.0892270909,7.5569486191655,7.9512261886055
78.450000000001,3.743571997489,-3.572800537904,-0.090879544509532,1.4092480790543,5,4.9999999999999,5.2160399291124,9.2243835979332,1452.6535916407,7.5554304541142,7.9494558597257
78.475000000001,3.7447077401319,-3.5738160617451,-0.091929202430175,0.99201909555003,5,4.9999999999999,5.2175634776093,9.2262337281375,1453.2196417315,7.5539108327015,7.9476852103145
78.500000000001,3.7458513697975,-3.5748814116044,-0.092984301508302,1.4815967656252,5,4.9999999999999,5.2191264424634,9.2281194887797,1453.7741888525,7.5523499340546,7.9458736715302
78.525000000001,3.7469975248441,-3.5759313732432,-0.094061734538017,0.96818092440139,5,4.9999999999999,5.2206808204205,9.2300107721448,1454.3246906942,7.5507983334057,7.9440640641431
78.550000000001,3.748111314437,-3.5769261778041,-0.095084817305333,1.4209267960784,5,4.9999999999999,5.2221741935727,9.2318209825526,1454.8886518674,7.5493088721108,7.9423304434573
78.575000000001,3.7492537036457,-3.5779831874279,-0.096134923098765,1.1541662410153,5,4.9999999999999,5.2237305747756,9.2336984927726,1455.4374507207,7.5477548307092,7.9405270760191
78.600000000001,3.7503791741713,-3.5789545863096,-0.097149461280254,1.4913654260172,5,4.9999999999999,5.2252172824441,9.2354983781615,1455.9873605593,7.5462740602411,7.9388044358134
78.625000000001,3.7515241506859,-3.5799459130494,-0.098212903414866,1.2201646836394,5,4.9999999999999,5.2267317790351,9.2373489481001,1456.5392996371,7.5447654069761,7.9370401386619
78.650000000001,3.7526533493467,-3.5810342644685,-0.099284474954102,0.83078661577877,5,4.9999999999999,5.2283000897272,9.2392483859092,1457.0913685123,7.5431980296812,7.9352175320824
78.675000000001,3.7537695651631,-3.5820451318299,-0.10030704796933,1.5176663682164,5,4.9999999999999,5.2298060082413,9.2410686732884,1457.6432711352,7.5416953484569,7.9334716697923
78.700000000001,3.7549155520992,-3.5830790914696,-0.10136300492662,0.77203809539082,5,4.9999999999999,5.2313494973389,9.2429388079599,1458.1894372005,7.5401553694128,7.9316800238698
78.725000000001,3.7560487011739,-3.5841810500956,-0.10245900155201,1.3967974339165,5,4.9999999999999,5.2329301110294,9.2448622289335,1458.7462940225,7.5385754703793,7.9298380407079
78.750000000001,3.7571860694167,-3.5852341383324,-0.10350516637665,1.3943171910951,5,4.9999999999999,5.2344801437239,9.2467322723005,1459.2968253832,7.5370277462273,7.9280421404182
78.775000000001,3.758281058741,-3.5862656202588,-0.10452786957201,1.7272564299047,5,4.9999999999999,5.2359844563859,9.2485513045737,1459.8500596097,7.5355250244124,7.926296332987
78.800000000001,3.7594308194257,-3.5872817954462,-0.10558709013733,1.5088774740296,5,4.9999999999999,5.2375189144804,9.2504158446912,1460.401997913,7.5339952016372,7.9245134702035
78.825000000001,3.7605979878225,-3.5883152438832,-0.10665330371399,0.89124983373526,5,4.9999999999999,5.2390778557039,9.2523045238935,1460.9538627841,7.5324408623498,7.9227051666375
78.850000000001,3.7616832572923,-3.5893716276162,-0.10769150583782,1.4701243523432,5,4.9999999999999,5.2405923709443,9.2541407210679,1461.5081185621,7.5309270133879,7.9209440768239
78.875000000001,3.7627990828005,-3.5903780164596,-0.10871816173734,0.98353906941108,5,4.9999999999999,5.2420949970019,9.2559605857346,1462.0577818031,7.5294278303148,7.9192005426678
78.900000000001,3.7639582003561,-3.5914153608096,-0.10979261760718,1.2782927652863,5,4.9999999999999,5.2436505151818,9.2578511127046,1462.6018101952,7.5278762959353,7.9173924574303
78.925000000001,3.7651031478183,-3.5923849162788,-0.11081946860742,1.088680805042,5,4.9999999999999,5.2451508293153,9.2596691791159,1463.1473683541,7.5263833244574,7.9156548369779
78.950000000001,3.7661919608043,-3.5933930031927,-0.11184213506262,1.4259243969344,5,4.9999999999999,5.2466346598125,9.2614712888858,1463.6970770486,7.5249017142468,7.9139293485164
78.975000000001,3.7674091643203,-3.5944905617588,-0.11295464023061,1.5692990104729,5,4.9999999999999,5.2482736287583,9.2634521692341,1464.2491203605,7.5232665206381,7.912030041537
79.000000000001,3.7685180604883,-3.5955089687564,-0.11397384845482,1.6036041189777,5,4.9999999999999,5.2497792195142,9.2652702970977,1464.8020487392,7.5217635292682,7.9102853616941
79.025000000001,3.7696411452779,-3.5965239936618,-0.11501696002867,1.3198694371238,5,4.9999999999999,5.2512930210214,9.2671086868166,1465.3437052136,7.52025310081,7.9085262442475
79.050000000001,3.7707785854788,-3.5975417863434,-0.11605994009241,1.3342111147768,5,4.9999999999999,5.2528193473801,9.2689573294448,1465.8912429404,7.5187307008825,7.9067558183022
79.075000000001,3.771908372128,-3.5986368701553,-0.11713692586329,1.470640161864,5,4.9999999999999,5.2543927597316,9.2708640346602,1466.4275507213,7.5171580886576,7.9049271575445
79.100000000001,3.7730545700347,-3.5996485583805,-0.11818715208861,1.6568127856905,5,4.9999999999999,5.2559215771525,9.2727188278645,1466.963030383,7.5156339866199,7.9031529414746
79.125000000001,3.7741837914507,-3.6006777165137,-0.11926632667452,1.5519104093525,5,4.9999999999999,5.2574494212117,9.2745893692985,1467.5351729336,7.5141091399106,7.9013691007542
79.150000000001,3.7753223262209,-3.6017631060394,-0.12032587459657,1.8340222396895,5,4.9999999999999,5.2590224221162,9.2764859382123,1468.0943567502,7.5125374114345,7.8995467818104
79.175000000001,3.776417779437,-3.6027849856004,-0.12132880010919,2.6598434265815,5,4.9999999999999,5.2605205060878,9.2782887457921,1468.6452181444,7.5110412811169,7.8978138954957
79.200000000001,3.777538876584,-3.603856465627,-0.12238928195688,1.5386177043804,5,4.9999999999999,5.2620712891997,9.2801674554582,1469.1874128172,7.5094916758158,7.8960123950631
79.225000000001,3.7786419990765,-3.6048265923412,-0.12339616261336,2.2067767843999,5,4.9999999999999,5.2635403110087,9.2819484197284,1469.7239380982,7.508027402222,7.8943086481335
79.250000000001,3.7797212869212,-3.6058269590186,-0.12440952375657,1.1630804486922,5,4.9999999999999,5.2650119073327,9.2837351756007,1470.2635796789,7.5065579754155,7.8925980304245
79.275000000001,3.7808612595688,-3.606889072311,-0.12546998788527,1.1922302460505,5,4.9999999999999,5.2665699902198,9.2856199054093,1470.8026513392,7.5050019766972,7.8907905582955
79.300000000001,3.7819903903747,-3.6079366691413,-0.12652432351428,2.0300728067866,5,4.9999999999999,5.268110248476,9.2874864581448,1471.3441004783,7.5034639500788,7.8890021077296
79.325000000001,3.7830798283971,-3.6089254599117,-0.12752979958647,1.6286843226488,5,4.9999999999999,5.2695815004572,9.2892684695151,1471.8922667066,7.5019957860336,7.8872952266535
79.350000000001,3.7842194374216,-3.6099427994334,-0.12856839155791,1.6746309979804,5,4.9999999999999,5.2711091419175,9.2911157274058,1472.4340723955,7.500472218624,7.8855254578156
79.375000000001,3.7853354598347,-3.6110000147457,-0.12964647429702,1.2226230212002,5,5,5.2726464155572,9.2929933516055,1472.9741948022,7.4989363984186,7.8837318811922
79.400000000001,3.7864696588597,-3.612059345887,-0.13067255952891,2.1512630495807,5,5,5.2741983787962,9.2948538463779,1473.5097056828,7.4973864186284,7.8819409176375
79.425000000001,3.7875799995259,-3.6131015898432,-0.13171814890441,1.7024671340452,5,5,5.2757212474245,9.2967011108423,1474.0412937674,7.495865309802,7.8801714318232
79.450000000001,3.7887070584609,-3.6141351208747,-0.13275138465615,1.6651817265147,5,5,5.2772504459845,9.2985466525933,1474.5781957905,7.4943388379984,7.8784006895507
79.475000000001,3.7898316982932,-3.6151605330303,-0.13380053019638,1.7220687981269,5,5,5.2787723805565,9.3003951631305,1475.1169608394,7.4928198842054,7.8766322263859
79.500000000001,3.7909422353398,-3.6161743384234,-0.1348232279692,1.3839276263829,5,5,5.2802760739784,9.3022136802851,1475.6558174769,7.491319079429,7.8748892174433
79.525000000001,3.792064246312,-3.6172155537848,-0.13587105566474,1.3499420425363,5,5,5.2818067725282,9.3040686684063,1476.1986736324,7.4897905984719,7.8731121671006
79.550000000001,3.7931741857159,-3.6182256115228,-0.13689430244392,1.6908397804271,5,5,5.2833074997235,9.3058850428406,1476.7383080363,7.4882929048458,7.8713720158401
79.575000000001,3.7942698859821,-3.6192180637705,-0.13791742922304,1.3817839888266,5,5,5.2847858503372,9.3076829051666,1477.2647090771,7.486817766264,7.8696533926482
79.600000000001,3.7953859446687,-3.6202942381614,-0.13895577175106,1.6805331289349,5,5,5.2863362497411,9.3095488884241,1477.8009179705,7.4852683017319,7.8678594048827
79.625000000001,3.7964914361934,-3.6212518074426,-0.13995937611751,1.9352916332799,5,5,5.2877987990358,9.3113226618492,1478.3355654955,7.4838114281794,7.8661642393009
79.650000000001,3.7976537952029,-3.6222646711222,-0.14103560942094,1.3494770168323,5,5,5.2893405419782,9.3132028877463,1478.8847519234,7.4822752757452,7.8643713156528
79.675000000001,3.7987702002925,-3.6233739479129,-0.142069879775,1.8499285766149,5,5,5.2909143448002,9.3150861217965,1479.430296425,7.4807017808055,7.8625558199394
79.700000000001,3.7998932816387,-3.6244274151769,-0.14313306892307,1.917171121144,5,5,5.2924541840731,9.3169573449662,1479.9596267956,7.4791637565337,7.8607652037621
79.725000000001,3.8010326290565,-3.625479997712,-0.14418077597765,2.028060293491,5,5,5.2940053264043,9.3188291709741,1480.4862401342,7.4776150595714,7.8589692338398
79.750000000001,3.8021766044731,-3.6265253594354,-0.14525797417132,1.5043575646639,5,5,5.2955549911702,9.3207164485994,1481.0186350239,7.4760683359556,7.857166102739
79.775000000001,3.8032738704611,-3.6275487502193,-0.14626204872705,1.8926477689096,5,5,5.2970554315538,9.3225218535563,1481.5461156839,7.4745698803813,7.8554314303832
79.800000000001,3.8043737449113,-3.628559080189,-0.14729683640197,1.4632726576228,5,5,5.2985489142133,9.3243387949385,1482.0695878116,7.4730789998224,7.8536945516339
79.825000000001,3.8054683719798,-3.6295506210892,-0.14828798508821,1.9594374043053,5,5,5.3000258576028,9.3261174847637,1482.5969981907,7.4716052736976,7.8519874493801
79.850000000001,3.8065977623459,-3.6305492417266,-0.14932534282745,1.58449354975,5,5,5.3015334270959,9.32794747844,1483.1236494524,7.4701022916419,7.8502383331504
79.875000000001,3.807672492901,-3.6315293260224,-0.15031575242303,1.5666781097553,5,5,5.3029879411016,9.3297071722088,1483.6496927857,7.4686506357129,7.848552523324
79.900000000001,3.808787760633,-3.6325370690634,-0.15135132315,1.5447903944116,5,5,5.3044910605749,9.3315324872176,1484.1720940266,7.4671509177953,7.8468071307637
79.925000000001,3.8099239382569,-3.633670040783,-0.15243178820052,1.593227649891,5,5,5.3060955930645,9.3334668939059,1484.6948615052,7.465546648295,7.8449484854863
79.950000000001,3.8110468564341,-3.6347346870312,-0.15348561813094,2.1661209367626,5,5,5.3076429834052,9.3353390515886,1485.212807524,7.4640007103878,7.843153569696
79.975000000001,3.8121862559702,-3.6357978566001,-0.15455129740963,1.4724105250891,5,5,5.3092013674513,9.3372269692669,1485.7356215476,7.4624443768782,7.8413451573071
80.000000000001,3.8132706298147,-3.6368696602862,-0.15559912268997,2.1795702448104,5,5,5.3107260411136,9.3390769875356,1486.2638505782,7.4609200907328,7.8395727627714
80.025000000001,3.8143721372844,-3.6378922268878,-0.15662423239247,1.7631260643347,5,5,5.3122290251987,9.3408962761499,1486.7903311335,7.459419287119,7.8378297256863
80.050000000001,3.8154719145328,-3.6389112362287,-0.15765369106533,1.9641823855334,5,5,5.3137283217114,9.3427149776626,1487.3205389685,7.4579222443006,7.8360889670109
80.075000000001,3.8165415211116,-3.6399492417276,-0.158659393369,1.6061070518271,5,5,5.3152187960149,9.3445130184778,1487.8456760934,7.4564325205567,7.8343624983511
80.100000000001,3.8176315089097,-3.6409553788516,-0.15967659541446,1.6774275607112,5,5,5.3167021655953,9.346311652769,1488.3614025427,7.4549515376631,7.8326408530628
80.125000000001,3.8187531749355,-3.6420013908574,-0.16072511143346,1.589466307637,5,5,5.3182358786681,9.3481695175734,1488.874998156,7.4534198699534,7.8308613950933
80.150000000001,3.819903151752,-3.6430747473148,-0.16179607889098,1.7399568713103,5,5,5.3198089459786,9.3500725446511,1489.3899438238,7.4518488658913,7.8290376467759
80.175000000001,3.8209683510358,-3.6441231808867,-0.16281925241393,1.9177230654516,5,5,5.3213035571216,9.3518838277673,1489.9119296966,7.4503547111857,7.8273017368837
80.200000000001,3.8220704910422,-3.6452037449155,-0.16388798931158,2.0012403255902,5,5,5.3228470373496,9.353761200871,1490.4271275152,7.4488117799554,7.8255054661354
80.225000000001,3.8231679574884,-3.6461992159354,-0.16488229518665,2.2184386740345,5,5,5.3243287239399,9.3555455885321,1490.95119054,7.4473332698238,7.8237933647456
80.250000000001,3.8243192311835,-3.6472386211553,-0.16594171825095,1.6057619806383,5,5,5.3258797862636,9.357423931302,1491.4637462291,7.4457857744867,7.821995675337
80.275000000001,3.8253902817733,-3.6482104523124,-0.16694027576499,1.3660273277238,5,5,5.3273260245441,9.3591814074107,1491.9783606804,7.4443426236777,7.8203159956922
80.300000000001,3.8264942298239,-3.649250898419,-0.1679691936149,1.1792015367507,5,5,5.3288430048996,9.361014410777,1492.4775939846,7.4428272788045,7.8185583258656
80.325000000001,3.8275924311598,-3.6502949060316,-0.16899458865105,1.4369833366141,5,5,5.3303582600166,9.3628440099271,1492.9896577204,7.4413133686619,7.8168031345437
80.350000000001,3.828693121261,-3.651339393114,-0.17004120250759,1.0007734125626,5,5,5.331875649869,9.3646873418366,1493.5049543004,7.4397973844553,7.8150395062758
80.375000000001,3.8297890712762,-3.6523723753435,-0.17105779148257,1.7243278959107,5,5,5.3333816906129,9.3665043756466,1494.0215213197,7.4382929667689,7.8132961157339
80.400000000001,3.8309526778067,-3.6534129982976,-0.17211745120429,1.1090346344687,5,5,5.3349427403527,9.3683911069512,1494.5408213202,7.4367360303998,7.8114895785003
80.425000000001,3.8320720882969,-3.654426660808,-0.17316745314486,1.4915625900181,5,5,5.3364529031025,9.3702304262834,1495.0535189671,7.4352291978957,7.8097337335852
80.450000000001,3.8331583536296,-3.6554337562674,-0.17418184083938,0.96971444813073,5,5,5.3379341909332,9.3720257524466,1495.5678232669,7.4337501257651,7.808015249577
80.475000000001,3.8342447754041,-3.6565493664787,-0.17523091035145,1.2723393576957,5,5,5.3394913994663,9.3739033693556,1496.0717780458,7.4321929276169,7.8062118098996
80.500000000001,3.8353732623449,-3.6575554207273,-0.17627998923219,1.6209868804814,5,5,5.3410032287975,9.3757435308769,1496.5872968818,7.4306852592411,7.8044555600223
80.525000000001,3.8365403778865,-3.6586051860538,-0.17733623218978,0.8445486100005,5,5,5.3425729949993,9.3776355708114,1497.0958340565,7.4291193170959,7.802641673034
80.550000000001,3.837659051781,-3.6596739090772,-0.17840119524285,1.2081554543418,5,5,5.3441201214269,9.3795138004266,1497.6031483061,7.427573414181,7.8008442368413
80.575000000001,3.8387868063267,-3.6607327293855,-0.17944461329185,1.5099443404146,5,5,5.3456670314955,9.3813797189633,1498.1212217777,7.4260283205495,7.7990541922465
80.600000000001,3.83987941946,-3.6617451088136,-0.18046655352454,1.6735199493333,5,5,5.3471565668477,9.3831861179792,1498.6359696783,7.4245410423129,7.7973257953529
80.625000000001,3.8409755871767,-3.6627798894908,-0.18152680813536,1.4442701449821,5,5,5.3486640000015,9.3850290760777,1499.152594929,7.4230351878548,7.7955680417641
80.650000000001,3.8420702086281,-3.6638173105518,-0.18253510723223,0.99308600963823,5,5,5.3501721241939,9.3868432165487,1499.6696393733,7.4215285102119,7.7938254088807
80.675000000001,3.8431782936285,-3.664944141893,-0.18363563154467,1.5353533146685,5,5,5.3517525042873,9.3887690293646,1500.1822245033,7.4199481885271,7.7919845229668
80.700000000001,3.844282031479,-3.6660144214075,-0.18466032297915,1.2460011513383,5,5,5.3532899487519,9.3906166570375,1500.6974210158,7.4184115498914,7.7902084237089
80.725000000001,3.845398645006,-3.6669950709423,-0.18570182618453,1.2695088285638,5,5,5.3547760507938,9.3924313824177,1501.2014701706,7.4169304096951,7.7884800776266
80.750000000001,3.8464794588932,-3.6679945469792,-0.18668229481349,1.5432955442267,5,5,5.3562481618653,9.3942001191814,1501.7159576224,7.4154606140586,7.7867811952047
80.775000000001,3.8475702135039,-3.6689785185612,-0.18768980417852,1.3742184715937,5,5,5.357717156656,9.3959814166905,1502.2349768975,7.413995059368,7.7850781328038
80.800000000001,3.848776166071,-3.6700871517007,-0.18881097572643,1.2317077148272,5,5,5.3593552619738,9.3979664644662,1502.7451639031,7.4123598103238,7.7831788288831
80.825000000001,3.8498508491835,-3.6711003373855,-0.18982951955713,1.6062047643851,5,5,5.360832248441,9.3997605995111,1503.2617445871,7.4108844202206,7.7814631059844
80.850000000001,3.8509233084148,-3.6721425524034,-0.19085492921298,0.87762156983176,5,5,5.3623277018659,9.401573841334,1503.7671761198,7.4093897021102,7.7797269168008
80.875000000001,3.8520170176664,-3.6732762930956,-0.19193076580007,1.192046255272,5,5,5.3639030011658,9.4034814556153,1504.2740952475,7.407814403459,7.7778986462675
80.900000000001,3.8531388525453,-3.6742786458601,-0.19296931321542,1.707351512229,5,5,5.3654074028941,9.4053095161434,1504.7895670002,7.4063140368958,7.7761531451762
80.925000000001,3.8542460941812,-3.6753038366486,-0.19397780737527,1.5590256989765,5,5,5.3669163761189,9.4071244708711,1505.3065964615,7.4048073905577,7.7744108554176
80.950000000001,3.8553624460672,-3.676336942794,-0.19505625281941,1.2024129380301,5,5,5.3684374118979,9.4089890336662,1505.82728495,7.4032887224527,7.7726358402513
80.975000000001,3.856433376767,-3.6774286417778,-0.19606142996386,1.7941208503913,5,5,5.3699666925245,9.4108190829351,1506.3529852075,7.4017594848119,7.7708731112103
81.000000000001,3.8575320124178,-3.678418072351,-0.1970957410882,1.8044848103067,5,5,5.3714451962114,9.4126234589087,1506.8715522249,7.4002845361505,7.7691532540982
81.025000000001,3.8586534113352,-3.6794189111354,-0.19812706391075,1.0830030001867,5,5,5.3729482643418,9.4144463249402,1507.3869554707,7.3987855671021,7.767411463209
81.050000000001,3.8597626019171,-3.6805044123142,-0.19918851030043,0.99184763695039,5,5,5.3745002361702,9.4163265602963,1507.8982739082,7.3972342004332,7.7656106280596
81.075000000001,3.8608852226099,-3.6815546176046,-0.20024032709059,0.98322304087986,5,5,5.3760375092012,9.4181892269149,1508.422698195,7.3956988838589,7.7638280494292
81.100000000001,3.8619798952998,-3.6826503640535,-0.20127702381542,1.6408992049299,5,5,5.377586369614,9.4200530157113,1508.9432690835,7.3941502383441,7.7620374101154
81.125000000001,3.8630866750117,-3.683668844051,-0.20234903184299,1.4395688927922,5,5,5.3790904516715,9.421900030613,1509.4796499603,7.3926487450816,7.7602809838152
81.150000000001,3.8641845668203,-3.6847369784284,-0.20335433942652,1.7201261250099,5,5,5.3806222080072,9.4237322207803,1510.0085104631,7.3911177200862,7.7585167474036
81.175000000001,3.8653057050543,-3.6858097602156,-0.20444112867899,1.4321465437445,5,5,5.3821739205135,9.4256266659713,1510.5282175259,7.3895672002607,7.7567091982773
81.200000000001,3.8663883693746,-3.686852373471,-0.20544414884757,1.5925874161959,5,5,5.3836769855258,9.4274336673243,1511.0550803144,7.3880651103914,7.754973290265
81.225000000001,3.8674692413092,-3.6878309784108,-0.2064494250902,1.4108661751312,5,5,5.3851350499164,9.4292046930415,1511.5684982304,7.3866102985631,7.7532817708966
81.250000000001,3.868593908146,-3.6888797414021,-0.20751343810853,1.0057210581591,5,5,5.3866728338107,9.431074693846,1512.0817704764,7.3850746022505,7.751495379275
81.275000000001,3.8697212114604,-3.6899731051243,-0.20858145894519,1.2783951267812,5,5,5.3882432659143,9.4329738845946,1512.606295404,7.3835049991479,7.7496755041745
81.300000000001,3.8708172812671,-3.6910312036626,-0.20960978462058,1.448611741474,5,5,5.389766729579,9.4348119257346,1513.1320968344,7.3819824601954,7.7479125631824
81.325000000001,3.8719110874157,-3.6920984858022,-0.21065476296377,1.513926321751,5,5,5.3912949648541,9.4366632719458,1513.6544489332,7.3804548897608,7.7461398065922
81.350000000001,3.8730162028971,-3.6931060745531,-0.21169808690705,1.6107161801678,5,5,5.3927904632053,9.4384867412132,1514.1797745897,7.37896239262,7.7444010069943
81.375000000001,3.8741210825198,-3.6941416459477,-0.21273490421109,0.93869410647692,5,5,5.3943047838761,9.4403219952054,1514.7052572491,7.3774499354407,7.7426452013225
81.400000000001,3.8752054049166,-3.6951897374838,-0.21376871857164,1.5867383330278,5,5,5.3958128458536,9.442150388779,1515.2243310923,7.3759427575798,7.7408953733791
81.425000000001,3.8762894715043,-3.6962535625429,-0.21480915504111,1.1365460495585,5,5,5.3973317020427,9.4439914298351,1515.7403482334,7.3744244421281,7.7391329597773
81.450000000001,3.8774052622168,-3.697274941253,-0.21586372903312,1.6808962709282,5,5,5.3988443829024,9.4458354281236,1516.2582235857,7.3729146133824,7.7373743816522
81.475000000001,3.8785062451218,-3.6983878963111,-0.21691317529069,0.70209283071856,5,5,5.4004098963385,9.4477201482,1516.7827565588,7.3713492102353,7.7355644392762
81.500000000001,3.8796097172542,-3.6994339955947,-0.2179350684711,1.9375014975443,5,5,5.4019304141641,9.4495521526023,1517.3089798623,7.3698301618623,7.7338070589749
81.525000000001,3.8807318222566,-3.7005519529645,-0.21904332789923,1.3270671904104,5,5,5.4035143801729,9.4514853332139,1517.8321141735,7.3682464860294,7.7319619477215
81.550000000001,3.881828909631,-3.701580076554,-0.22005918510291,1.4799616662528,5,5,5.4050179222649,9.45329988679,1518.3652529817,7.3667448031989,7.7302230178544
81.575000000001,3.8829869455587,-3.702621571504,-0.22111523130921,1.4839504032285,5,5,5.4065754070773,9.4551816393058,1518.890181744,7.365191159367,7.7284224271382
81.600000000001,3.8840590778493,-3.7036365665544,-0.22213315093083,1.6248467273107,5,5,5.4080517818945,9.4569749164614,1519.4182155144,7.3637162586616,7.7267084660979
81.625000000001,3.8851384543488,-3.7046190058368,-0.2231358925236,0.74085172197937,5,5,5.4095113162624,9.4587457160755,1519.9504125425,7.3622597417183,7.7250166575047
81.650000000001,3.886240025594,-3.7056475118418,-0.22416103104329,1.6036221128319,5,5,5.4110183941671,9.4605684044183,1520.4840908029,7.3607546722265,7.723271828354
81.675000000001,3.8873745289421,-3.7066628751104,-0.22522712015094,1.1294548544398,5,5,5.4125409119548,9.4624270615679,1521.0180100674,7.3592361780992,7.7215018434666
81.700000000001,3.888475234501,-3.7077139260645,-0.22624223802694,1.1988911063125,5,5,5.4140628386402,9.4642564672467,1521.5572984706,7.3577154957691,7.7197452391135
81.725000000001,3.8895938728516,-3.7088584438761,-0.22733674905008,1.3574732563273,5,5,5.4156632363347,9.4661953398986,1522.0924339559,7.3561151262971,7.7178886936443
81.750000000001,3.8906760863706,-3.7098753189449,-0.22836474267142,1.5470815542086,5,5,5.4171482349899,9.4680014384263,1522.6352085085,7.3546318735538,7.7161639401605
81.775000000001,3.8918134719611,-3.7109608116038,-0.22944072223643,1.4944209213331,5,5,5.4187204755231,9.4699066083185,1523.1679317355,7.3530609368907,7.7143411327546
81.800000000001,3.8929140954423,-3.7120183003726,-0.23046270934563,1.0913350614967,5,5,5.4202467961131,9.4717434839798,1523.7135789069,7.3515356825718,7.7125782345677
81.825000000001,3.894042275382,-3.7131073606122,-0.23155986024976,1.2330522269362,5,5,5.4218148656848,9.4736572713996,1524.2553732289,7.3499685758512,7.7107527535035
81.850000000001,3.8951398932648,-3.7142065204102,-0.23260550877957,1.6329080869591,5,5,5.4233682224624,9.4755297825815,1524.8037129294,7.3484154358753,7.7089561945136
81.875000000001,3.8962378025803,-3.7153239148596,-0.23368749770389,1.4541610421291,5,5,5.4249347393695,9.4774336405732,1525.3447590569,7.3468489771239,7.7071359942526
81.900000000001,3.8973381771515,-3.7163980917792,-0.23473176700809,1.8050023770791,5,5,5.4264724910567,9.4792924516532,1525.8849632145,7.3453118928273,7.7053552316549
81.925000000002,3.8984304677906,-3.7175256929562,-0.2358264300471,1.6324599492188,5,5,5.4280423901793,9.4812063143505,1526.4281357626,7.3437419955051,7.7035280042325
81.950000000002,3.8995355587948,-3.7185399380294,-0.23682416353128,2.0185480016214,5,5,5.4295423632443,9.4830078113117,1526.9751571916,7.3422447454569,7.7017993447486
81.975000000002,3.9006436887642,-3.7195366270536,-0.23785554338601,1.4093697693717,5,5,5.4310327796425,9.4848202917791,1527.5171738147,7.340758014127,7.7000705872215
82.000000000002,3.9017478123523,-3.7206320180195,-0.23891947690187,1.4237022674889,5,5,5.4325880835569,9.4867046815457,1528.0643031342,7.3392030669559,7.6982670065923
82.025000000002,3.9028237689436,-3.7216529504921,-0.23992430131342,1.8274850198194,5,5,5.4340713184337,9.4884962333306,1528.6104759963,7.3377212474647,7.6965510206721
82.050000000002,3.903901583223,-3.7226478882547,-0.24094883876617,1.1571902094345,5,5,5.4355381465669,9.4902854403517,1529.158767043,7.3362568374355,7.6948457190955
82.075000000002,3.9049982075819,-3.7236859864182,-0.24196724026917,1.2151508879257,5,5,5.4370481905337,9.4921068064332,1529.7073175966,7.3347483143366,7.6931002473486
82.100000000002,3.906117430346,-3.7247553520175,-0.24303240387993,1.6786924170475,5,5,5.4385961577106,9.4939858423292,1530.2559665656,7.3332016015852,7.6913042960047
82.125000000002,3.907256976779,-3.7258542427651,-0.24412375872533,1.6746412088405,5,5,5.4401792328661,9.4959086481817,1530.8056885676,7.3316195324857,7.6894667759447
82.150000000002,3.9083878916071,-3.7268992333115,-0.24516466655548,1.4758541514567,5,5,5.441719029473,9.4977672666744,1531.3540719548,7.3300822340533,7.6876871922228
82.175000000002,3.9094703634649,-3.7279570077583,-0.2462034871417,1.8657200898759,5,5,5.4432325129063,9.4996029628131,1531.9079925704,7.3285693892115,7.6859315905681
82.200000000002,3.9105727824009,-3.7289901175287,-0.24724315094517,1.8578537299989,5,5,5.4447433548267,9.5014369595777,1532.4649808538,7.3270604326939,7.6841794796389
82.225000000002,3.9116437802573,-3.7300499865987,-0.24826645769889,1.4732517027548,5,5,5.4462501258292,9.5032583644108,1533.0222068034,7.3255540515883,7.6824347894772
82.250000000002,3.9127844639353,-3.7310942036201,-0.24933881224726,1.6533316016273,5,5,5.4477965890331,9.5051402498267,1533.5862733781,7.3240105271295,7.6806399438482
82.275000000002,3.913840383746,-3.7321412860269,-0.25033788272265,1.7330133320055,5,5,5.4492836492918,9.5069317547884,1534.1453584256,7.3225238184929,7.6789213843916
82.300000000002,3.9149695736629,-3.7331869616644,-0.25140814957621,1.7044313100846,5,5,5.4508226448758,9.5088063156824,1534.7120379199,7.3209872297086,7.6771338583607
82.325000000002,3.9160544480029,-3.734282409943,-0.25246009701614,1.8694371524325,5,5,5.4523643839149,9.5106727434686,1535.2714084059,7.3194456152025,7.6753470939567
82.350000000002,3.917185194275,-3.7353644055323,-0.25353472354027,1.7024629147617,5,5,5.4539294083835,9.5125711964581,1535.8316649415,7.3178818172907,7.6735323877774
82.375000000002,3.9183163649995,-3.736421791053,-0.25459500575167,1.4287283314761,5,5,5.4554778305957,9.5144478449908,1536.3954648645,7.3163354302501,7.6717386413022
82.400000000002,3.9193971639161,-3.7374370987376,-0.25561955463648,1.5381367223562,5,5,5.4569607250601,9.5162502534933,1536.9658825886,7.3148543025659,7.6700179189137
82.425000000002,3.9204992898316,-3.7385009162148,-0.25665522791862,1.4565136744886,5,5,5.4584925178523,9.5180993095513,1537.5339500151,7.3133234629185,7.668246477083
82.450000000002,3.921609473771,-3.739587040384,-0.25773613634626,1.6646419028924,5,5,5.4600456353914,9.519991540277,1538.0967306619,7.3117709785378,7.6664408285036
82.475000000002,3.9227156740186,-3.7406734313758,-0.25877435006144,1.8104610918626,5,5,5.4615960947991,9.5218575017164,1538.6597579324,7.3102210693175,7.6646505104152
82.500000000002,3.9238036407487,-3.7417031419659,-0.25981494070011,1.7772389408007,5,5,5.4630940852882,9.5236814546715,1539.219716201,7.3087246031635,7.6629104867745
82.525000000002,3.9248648489153,-3.7427578786871,-0.26083182459682,1.403125923309,5,5,5.4645902912645,9.525490511106,1539.7920547267,7.3072287170912,7.6611781773681
82.550000000002,3.9259564601778,-3.7437559126327,-0.26185727762236,1.7681719148294,5,5,5.4660693743944,9.5272903002082,1540.3672075031,7.305752510864,7.65946210038
82.575000000002,3.9270423549888,-3.7448067392777,-0.26288730890069,1.5919273800518,5,5,5.4675804680971,9.5291190617052,1540.9490903444,7.3042422930526,7.6577122441597
82.600000000002,3.9281572441859,-3.74593601465,-0.26397769943737,1.7011364552948,5,5,5.4691673646874,9.5310444687559,1541.516728921,7.3026554965886,7.6558712565063
82.625000000002,3.9292475978232,-3.7470636558416,-0.26505076314213,1.7908351433574,5,5,5.4707359454827,9.5329449716961,1542.0856422242,7.3010869163407,7.6540528875514
82.650000000002,3.9303351529631,-3.7481392159032,-0.2660922972705,1.8667181247935,5,5,5.472265522427,9.5347954848598,1542.652577651,7.2995577507692,7.6522816185845
82.675000000002,3.9314333420287,-3.7491867941259,-0.26712908202734,1.1759684088039,5,5,5.4737832310144,9.5366335169565,1543.2191881989,7.2980413323906,7.6505239718547
82.700000000002,3.9325279299517,-3.7502993823105,-0.26819064080876,0.94151712548151,5,5,5.4753439921076,9.5385210768195,1543.7934325321,7.296480641795,7.6487166975001
82.725000000002,3.9336125767632,-3.7513544594471,-0.26920907176725,1.5605389775058,5,5,5.4768571498885,9.5403450417553,1544.3717829217,7.2949682338374,7.6469684562927
82.750000000002,3.9347086619415,-3.7524316709493,-0.27024762075333,1.5907703601586,5,5,5.4783939606571,9.5421998655569,1544.9467928509,7.2934319567311,7.6451914470516
82.775000000002,3.9358306515336,-3.753508493213,-0.27131998341941,1.0712986697046,5,5,5.4799490834278,9.5440888781348,1545.5181462654,7.2918779694078,7.6433874424268
82.800000000002,3.9368781235484,-3.7545662073888,-0.27230244897217,1.4717196139137,5,5,5.4814376924765,9.5458724687443,1546.0925951134,7.2903894826319,7.6416729106651
82.825000000002,3.9380009828883,-3.7556126405044,-0.27336162575929,1.1673469451778,5,5,5.4829725655535,9.5477373255294,1546.6645038769,7.2888567571106,7.639893218375
82.850000000002,3.9390960204962,-3.7566817627738,-0.27437740579693,1.1111091523664,5,5,5.4845029673928,9.549574154012,1547.2316819415,7.2873270289309,7.638129426088
82.875000000002,3.9401730422855,-3.7577659485872,-0.2754276782782,1.2726169454625,5,5,5.4860311803401,9.5514284752079,1547.8130469894,7.2857989741556,7.6363569336918
82.900000000002,3.9412448313518,-3.7588284413776,-0.27643932458358,1.3888087926162,5,5,5.4875403598299,9.5532453546699,1548.3970925497,7.2842901619332,7.634614406024
82.925000000002,3.9423619638287,-3.7599008876642,-0.27749550389664,1.2389725788389,5,5,5.4890889482222,9.5551198254619,1548.9753637105,7.2827426984639,7.6328217021736
82.950000000002,3.9434424868308,-3.7609694270592,-0.2785240478809,1.5996480242091,5,5,5.4906085884416,9.556954821136,1549.5541806089,7.2812234705575,7.6310642498128
82.975000000002,3.9445201031541,-3.7620973513991,-0.27958967890462,1.0635189424096,5,5,5.4921685468567,9.5588440113688,1550.1285143479,7.2796635323093,7.6292568908855
83.000000000002,3.9456186129429,-3.7631980464807,-0.28063225883771,1.2208721933577,5,5,5.4937236203016,9.5607162363381,1550.7044011333,7.2781086764497,7.6274613175121
83.025000000002,3.9466997002622,-3.7642782324681,-0.28167654534185,1.262188920594,5,5,5.4952518714456,9.5625672052363,1551.2835024168,7.2765806768246,7.6256908971971
83.050000000002,3.9477857713146,-3.7653415450228,-0.28270375635872,1.3158374526095,5,5,5.4967718003649,9.5644016932828,1551.8710966581,7.2750613573217,7.6239339042427
83.075000000002,3.9488867210772,-3.7664014798443,-0.28373464109576,1.3676638463166,5,5,5.4983000517204,9.5662451345069,1552.4594875651,7.2735341359401,7.6221683087536
83.100000000002,3.9499635835019,-3.7675122254039,-0.28478054537622,1.3478362102204,5,5,5.499847109696,9.5681125670073,1553.043563857,7.2719870818955,7.6203793342891
83.125000000002,3.9510631888192,-3.7686074549587,-0.28584461656717,1.3529786936399,5,5,5.5013990954021,9.5699942968315,1553.6174928709,7.2704353984895,7.6185805506425
83.150000000002,3.9521667130194,-3.7696961036595,-0.28688782318173,1.2220964453488,5,5,5.5029492314135,9.5718627725993,1554.1985402933,7.2688857289976,7.6167899626389
83.175000000002,3.9532346779604,-3.7707436639422,-0.28790511799012,1.0462372275214,5,5,5.5044452032251,9.5736718664023,1554.7740257252,7.267390318673,7.61505893387
83.200000000002,3.9543005938242,-3.7717906736988,-0.2889245428547,1.4003466197581,5,5,5.5059393270684,9.5754806320349,1555.3577759026,7.2658967276659,7.6133290413489
83.225000000002,3.9554168015813,-3.7728651393422,-0.28996739627876,1.0779278091923,5,5,5.5074886482668,9.5773482346265,1555.9357590884,7.2643484564875,7.6115400041029
83.250000000002,3.956526021156,-3.773945465633,-0.29102622490392,1.6053788555369,5,5,5.5090370257917,9.5792240253976,1556.506504265,7.2628008214087,7.6097468425669
83.275000000002,3.9575737474286,-3.7750048556967,-0.29203267456507,1.2420400415635,5,5,5.5105270048685,9.5810220739424,1557.0931266462,7.2613109539955,7.6080244876379
83.300000000002,3.9586250890616,-3.7760436574091,-0.29301539374255,1.5678372958822,5,5,5.5120049860007,9.5827969444191,1557.6467361854,7.2598333907834,7.6063209920698
83.325000000002,3.9596726420402,-3.7770338192473,-0.2940099575468,1.2363698561429,5,5,5.5134464393328,9.5845482139213,1558.1900588269,7.2583934586577,7.6046499131954
83.350000000002,3.9607490467534,-3.7780631471653,-0.29501061392868,1.2082216789354,5,5,5.5149357892143,9.5863425038266,1558.7450373252,7.2569053090687,7.6029310297432
83.375000000002,3.9618827896774,-3.7791381402683,-0.2960606024276,1.0147155528994,5,5,5.516498153829,9.5882249116031,1559.3007615237,7.2553444841268,7.6011281013892
83.400000000002,3.9630011601227,-3.7802302291101,-0.29712865539789,1.5420507158262,5,5,5.5180612950546,9.5901180961262,1559.8573912248,7.2537820324312,7.5993182728903
83.425000000002,3.9641056373886,-3.781295333595,-0.29815651259883,1.1252183006364,5,5,5.5195956736242,9.5919649334283,1560.4193749973,7.2522486462157,7.5975482093957
83.450000000002,3.9652079715829,-3.7823573893986,-0.29920816860909,1.3387648996701,5,5,5.5211263934567,9.5938221042792,1560.9819125735,7.2507189423792,7.595774605593
83.475000000002,3.9663449290733,-3.7834391031309,-0.30027255895456,1.3733444216698,5,5,5.5226957171753,9.5957183383738,1561.5413091876,7.249151051248,7.5939607942891
83.500000000002,3.9674399857699,-3.7844982499429,-0.30128751197437,1.3049530674564,5,5,5.5242191807089,9.5975489313844,1562.1012093352,7.2476284950097,7.5922050245694
83.525000000002,3.9685411071306,-3.7855391904456,-0.30234861285376,0.89170809171264,5,5,5.525734444838,9.5993987855563,1562.6484364082,7.2461148296873,7.5904440356685
83.550000000002,3.9696786642934,-3.786629293221,-0.30339129335433,1.3171731054,5,5,5.5273099956495,9.6012881089764,1563.2036965043,7.2445404869299,7.5886306460667
83.575000000002,3.9707721294567,-3.7876874742436,-0.30445531214038,1.0690089643165,5,5,5.5288316438151,9.6031448666658,1563.7593912289,7.2430197321288,7.5868621011899
83.600000000002,3.971869786287,-3.7887460021089,-0.3054598459322,1.6976162620756,5,5,5.5303565476674,9.6049709060678,1564.3154760518,7.2414958176188,7.5851082824531
83.625000000002,3.9729613068211,-3.7897791120138,-0.30647920104714,1.3169780730837,5,5,5.5318594558989,9.6067868956059,1564.8745482455,7.2399944560977,7.5833716197231
83.650000000002,3.9740359616301,-3.7907729393432,-0.30747041197184,1.3745082592633,5,5,5.5333232098806,9.6085546837199,1565.4376054061,7.2385330754558,7.581681536146
83.675000000002,3.9751347431508,-3.7918455161996,-0.30853108166818,0.8335732125027,5,5,5.5348587039194,9.6104208997171,1565.9992539421,7.2369982711495,7.5799007297623
83.700000000002,3.9762381825171,-3.792988163383,-0.30960120733149,1.4008356557713,5,5,5.5364471689082,9.612336203859,1566.550467626,7.2354098063254,7.5780659187529
83.725000000002,3.9773584955206,-3.7941126542004,-0.31067414854907,1.0173182258793,5,5,5.5380344876614,9.6142521327931,1567.0989878102,7.2338226920264,7.5762316001967
83.750000000002,3.9784717945523,-3.7951517670462,-0.31168961758316,1.4270885762598,5,5,5.5395573764427,9.6160825337326,1567.6534396101,7.2323018912508,7.5744777186039
83.775000000002,3.9795304983676,-3.7962531781053,-0.31273365897495,1.2698389762424,5,5,5.5410851068148,9.6179329343697,1568.2151581594,7.2307741634766,7.5727087692883
83.800000000002,3.98059835824,-3.7973126410067,-0.31375368462281,1.4517134176199,5,5,5.5425893628922,9.6197504157777,1568.7833713118,7.2292702672353,7.5709697483152
83.825000000002,3.9817373565764,-3.7983518949195,-0.31482563417487,1.2515731807804,5,5,5.5441312338031,9.6216282980285,1569.3633793972,7.2277315229239,7.5691820684975
83.850000000002,3.9828447949766,-3.7995031491394,-0.3158807089983,1.4235030578977,5,5,5.5457286711536,9.6235427141202,1569.9230593676,7.226134087263,7.5673433960659
83.875000000002,3.9839093175561,-3.8006011193866,-0.31692701256697,0.90600498062915,5,5,5.5472579673924,9.6253956842074,1570.4765731352,7.2246047957119,7.5655724377021
83.900000000002,3.9850018881914,-3.8016811212397,-0.31795988036739,1.6317549883184,5,5,5.5487942338394,9.6272468812496,1571.0292613409,7.2230689617862,7.5637992581393
83.925000000002,3.9860935426698,-3.8027898727864,-0.31902368125105,0.86951031556358,5,5,5.5503502028276,9.6291317451206,1571.5877562014,7.2215130733988,7.5619977867652
83.950000000002,3.9871659247072,-3.8038347074848,-0.32003629641691,1.5692181975214,5,5,5.5518474278544,9.630939249548,1572.1610102756,7.2200165660168,7.5602682473484
83.975000000002,3.988272427252,-3.8049191891303,-0.32108862533371,1.5122361168939,5,5,5.5533967658812,9.6328121735909,1572.7318106123,7.2184678356912,7.5584770930815
84.000000000002,3.989411574527,-3.8059718539517,-0.32213505639773,1.3302085328835,5,5,5.5549478170539,9.634683210125,1573.2919504872,7.2169193394014,7.5566879503524
84.025000000002,3.9904837890727,-3.8070423364958,-0.3231721224547,1.1325395351833,5,5,5.5564629331911,9.6365192610273,1573.8516147037,7.2154044905668,7.5549337574899
84.050000000002,3.9915700016368,-3.8081661471134,-0.32423433597431,1.1452875493027,5,5,5.5580258816991,9.6384089979402,1574.4117935718,7.21384154279,7.5531262126909
84.075000000002,3.9926204205904,-3.8092028784924,-0.32525609875319,1.3769012179607,5,5,5.5595017515885,9.6402040442089,1574.9735021834,7.2123661172281,7.5514142854248
84.100000000002,3.9937397617798,-3.8103127447606,-0.32630222529361,1.3556377328307,5,5,5.5610780535365,9.6420958974193,1575.5287502379,7.2107902049622,7.5495992026696
84.125000000002,3.9948512360778,-3.8114027167957,-0.32735198309106,0.97623714930601,5,5,5.5626347854186,9.6439735037641,1576.0923809339,7.2092340727894,7.5478019749051
84.150000000002,3.9960321983818,-3.8124727763427,-0.32842788587216,1.6734387626719,5,5,5.5642284288534,9.6458963314194,1576.66385654,7.2076440294883,7.545964654467
84.175000000002,3.9970598820688,-3.813480203712,-0.32940105227886,1.3151902175491,5,5,5.5656675409634,9.6476335983879,1577.2293917819,7.2062054800632,7.5443024905376
84.200000000002,3.9981904894114,-3.8145484388018,-0.33049182182075,1.6096324795361,5,5,5.567222982756,9.6495333818924,1577.7853557685,7.2046517107871,7.5424954979873
84.225000000002,3.999276899278,-3.8155767483966,-0.33147832075761,0.77142487635225,5,5,5.568718879484,9.651325276748,1578.3425110409,7.2031573620087,7.5407761607706
84.250000000002,4.0003551293647,-3.8166773092296,-0.33252249160188,0.97629884328484,5,5,5.5702595982341,9.6531864879178,1578.8928663006,7.2016166899611,7.5389955468223
84.275000000002,4.0014414316858,-3.8177728933278,-0.33357477560086,1.0232912644819,5,5,5.571802438877,9.6550540153912,1579.4490366436,7.2000739958695,7.5372106408611
84.300000000002,4.0025236200003,-3.81882609469,-0.33459860750959,1.5658687987409,5,5,5.5733125265093,9.6568784595352,1580.0085461092,7.1985646628839,7.5354660567679
84.325000000002,4.0035972882621,-3.8198554649453,-0.33562694222887,1.3089778597521,5,5,5.5747999291645,9.6586867291373,1580.582158928,7.19707839765,7.5337422160893
84.350000000002,4.0046835263207,-3.8209764234844,-0.33666710425827,1.7899098589319,5,5,5.5763608459357,9.6605624685152,1581.1501794846,7.1955174850956,7.5319436061399
84.375000000002,4.0057898664338,-3.8220866961426,-0.3377310164871,1.4348572756027,5,5,5.5779282303243,9.662456829371,1581.716986688,7.1939503084521,7.5301320321337
84.400000000002,4.0068669663554,-3.8231813612736,-0.33877168879861,1.4758715193085,5,5,5.5794639503476,9.6643119398394,1582.2747508335,7.1924146647658,7.5283574894946
84.425000000002,4.0079921857803,-3.8243227332937,-0.33987085150542,1.6179411863972,5,5,5.5810667132254,9.6662553923082,1582.8251608703,7.1908119977045,7.5265016782533
84.450000000002,4.0090382752072,-3.8253405335121,-0.34083840836484,1.6562381262053,5,5,5.5825262406741,9.6680065024275,1583.3833922743,7.1893532068232,7.524822230048
84.475000000002,4.0101567806073,-3.8264531437143,-0.34192631608622,1.4145413199712,5,5,5.5841038831533,9.6699228789569,1583.9410990742,7.1877759027604,7.5229940559935
84.500000000002,4.0112123409265,-3.827476960247,-0.34291654485917,1.8653944205758,5,5,5.5855743959483,9.6716957187418,1584.5099395883,7.1863062072319,7.521297567981
84.525000000002,4.012273101433,-3.8285208137414,-0.34392033741264,1.9073069713756,5,5,5.5870626307987,9.6734908350223,1585.0841278949,7.1848184798639,7.5195798837719
84.550000000002,4.0133627891232,-3.8295601641988,-0.344958447043,1.8036239497711,5,5,5.5885685088268,9.6753198621517,1585.6502560855,7.1833139127105,7.5178360221151
84.575000000002,4.0144897427002,-3.8306973760607,-0.34605348438404,1.1513343334394,5,5,5.5901695319945,9.6772595481989,1586.1920919748,7.1817130368392,7.515983386463
84.600000000002,4.0155900444658,-3.8318035608858,-0.34708722542594,1.1364637759189,5,5,5.5917297591711,9.6791311596394,1586.752014179,7.1801529954522,7.5141878864759
84.625000000002,4.0166623674659,-3.8328872469214,-0.34812002020593,1.3836185565134,5,5,5.5932543089539,9.6809726039361,1587.301521502,7.1786285711728,7.5124267370313
84.650000000002,4.0177606488322,-3.8339456321584,-0.34912958368536,1.7121121754812,5,5,5.5947795634472,9.6828017074565,1587.860027305,7.177104338368,7.5106726554333
84.675000000002,4.0188321716131,-3.8349764769633,-0.35014617216031,1.4982051999747,5,5,5.5962664400667,9.6846028887936,1588.425233496,7.1756185049151,7.5089532340964
84.700000000002,4.019908253345,-3.836047290447,-0.35115635718185,1.7886648461966,5,5,5.5977845288028,9.6864263654698,1588.9930144091,7.1741007374863,7.5072052199393
84.725000000002,4.0210086386876,-3.8371774316553,-0.35222687698734,1.7007889281953,5,5,5.59936188959,9.6883326917029,1589.5466874608,7.1725233947498,7.5053825395107
84.750000000002,4.0220802729977,-3.838278924456,-0.3532449793226,1.854377668353,5,5,5.6008986675456,9.6901761175488,1590.0984316528,7.1709866315726,7.503614114875
84.775000000002,4.0231523598481,-3.8392946740145,-0.35429125352251,1.3742885368074,5,5,5.6023755281959,9.6919860366304,1590.6695758306,7.1695112730883,7.5018961174601
84.800000000002,4.0242194300197,-3.8403889605628,-0.35528035328207,1.2024056434232,5,5,5.6039039593526,9.693806591528,1591.2252220859,7.1679828654145,7.5001442890978
84.825000000002,4.0252821567827,-3.8414226579798,-0.35628931528029,1.661273212076,5,5,5.6053864972182,9.6955998909555,1591.7866427639,7.1665010858318,7.4984312132737
84.850000000002,4.026392819757,-3.8425065889276,-0.35732822344548,1.4752302859255,5,5,5.6069384245817,9.6974674585493,1592.3434297159,7.1649498720243,7.4966430034643
84.875000000002,4.0274779214406,-3.8435565017494,-0.35833255858455,1.5104207680018,5,5,5.6084483128548,9.6992808674025,1592.9043562671,7.1634408891546,7.4949053632237
84.900000000002,4.0285804170405,-3.8446549406692,-0.35937944086131,1.4933573047092,5,5,5.6100046112222,9.7011565078557,1593.4543870492,7.1618849020771,7.4931103218825
84.925000000002,4.0296808419597,-3.8457206946238,-0.36042656947623,1.4494171438717,5,5,5.6115365271777,9.7030121060964,1594.0065320757,7.160353880264,7.4913391097269
84.950000000002,4.0307537760833,-3.846809803289,-0.36145432391587,1.3757401160396,5,5,5.6130653650757,9.7048542853783,1594.5549786527,7.1588251296835,7.4895758029014
84.975000000002,4.0318089943382,-3.8478503525444,-0.36245605859972,1.4136037364456,5,5,5.6145473327941,9.7066430561001,1595.0996206534,7.15734363144,7.4878653458555
85.000000000002,4.0329062233537,-3.8489168854589,-0.36348824269481,0.92889656540601,5,5,5.6160774974813,9.7084888101401,1595.6443369267,7.1558142680557,7.4861002271484
85.025000000002,4.033996214346,-3.8499976381215,-0.36450550186025,1.5006703381314,5,5,5.6176124589404,9.7103302560097,1596.196318722,7.1542796930567,7.4843345485243
85.050000000002,4.0351008961654,-3.8510821196472,-0.36554058084542,1.6107707965377,5,5,5.6191604970865,9.7121924618542,1596.7587439427,7.1527322366963,7.4825513603905
85.075000000002,4.0361721638765,-3.8520956283933,-0.36656661730011,1.8744843630557,5,5,5.6206352223108,9.7139890044486,1597.3132168973,7.1512590643803,7.480841876282
85.100000000002,4.0372859727697,-3.8531894085269,-0.36759556182765,1.2605086878698,5,5,5.6221962877262,9.7158586707482,1597.8666385895,7.1496985797003,7.4790481114104
85.125000000002,4.0383451027832,-3.8542454672516,-0.36860461608726,1.5216758710596,5,5,5.6236919536032,9.7176628899462,1598.4123111572,7.1482032029298,7.4773224617822
85.150000000002,4.0394339792597,-3.8552897821273,-0.36963814597376,1.2042812485236,5,5,5.6252006767523,9.7194916681085,1598.9488021258,7.1466956330886,7.475578012592
85.175000000002,4.0404949737719,-3.8563321225551,-0.37063891805066,1.1704271982234,5,5,5.6266880176421,9.7212843553853,1599.4980969414,7.1452088380004,7.4738630716724
85.200000000002,4.0416277435566,-3.8575031273375,-0.3717649809433,1.4450582137911,5,5,5.6283172566011,9.7232648697689,1600.0441649487,7.1435796012091,7.4719752494229
85.225000000002,4.0426838186718,-3.8585686628545,-0.37271863940517,2.2395229486881,5,5,5.6298174767806,9.7250425438248,1600.6019366351,7.1420795232369,7.4702614981107
85.250000000002,4.0437679802532,-3.859590004394,-0.37373984811587,1.7916832211816,5,5,5.631306954835,9.7268484818374,1601.1648243322,7.1405917651474,7.4685397579231
85.275000000002,4.0448026505992,-3.8605851812438,-0.37470115485408,1.4864549438419,5,5,5.632742545197,9.7285762058698,1601.7223993523,7.1391571947086,7.4668864618575
85.300000000002,4.0458734347435,-3.8616585532695,-0.3757447005717,1.1929877601632,5,5,5.6342586936691,9.730416774764,1602.2619528586,7.1376412663966,7.4651313190273
85.325000000002,4.0470124308572,-3.8627318467974,-0.37679667661991,1.3548267305432,5,5,5.6358237084115,9.7323024907421,1602.7987764136,7.1360780501612,7.4633285338171
85.350000000002,4.048121907866,-3.8638782135167,-0.37785586327624,0.49281890661164,5,5,5.6374190440778,9.7342174247517,1603.345284268,7.1344827174046,7.4614929686096
85.375000000002,4.0491934321283,-3.8649420467692,-0.37886928855712,1.7630462659897,5,5,5.6389289796505,9.7360359230975,1603.8977976254,7.132973142773,7.4597528405653
85.400000000002,4.0502947358859,-3.8660322441876,-0.3799031463736,1.5247184018368,5,5,5.6404786248931,9.737898787119,1604.4432551178,7.1314239194792,7.4579688572375
85.425000000002,4.0513570411012,-3.867047923244,-0.38090682724973,1.8724589458118,5,5,5.6419483515057,9.7396785263181,1604.9953782917,7.1299554105851,7.4562709239935
85.450000000002,4.0524561082626,-3.8681084876809,-0.38193891888045,1.0729058235349,5,5,5.643475684328,9.741521881597,1605.5403089317,7.1284290734271,7.4545094188174
85.475000000002,4.053544551259,-3.8692068867854,-0.38296655375032,1.2379910299635,5,5,5.6450220312326,9.7433785512432,1606.0832029989,7.1268828724057,7.452730260858
85.500000000002,4.0546156978369,-3.8703058056494,-0.3840113989561,1.9691009088522,5,5,5.6465566248794,9.7452350746514,1606.6250364012,7.1253483019173,7.4509572308115
85.525000000002,4.0557243724339,-3.8713720308142,-0.38504687392232,1.2370627680075,5,5,5.6480948041485,9.7470893140829,1607.1618928295,7.1238112220678,7.4491845807729
85.550000000002,4.0567720933703,-3.87242333855,-0.38604681454763,1.0208028941948,5,5,5.6495790437235,9.7488789644315,1607.7098669326,7.122327186807,7.4474730837003
85.575000000002,4.0578252531179,-3.8734613026419,-0.38704146362008,1.8634240517797,5,5,5.6510577306107,9.7506610535672,1608.2583404421,7.1208489833888,7.4457687467587
85.600000000002,4.0588821348861,-3.8745018212658,-0.38805030919505,1.5088393658689,5,5,5.6525408617844,9.7524547780367,1608.8053038617,7.1193663578408,7.4440560697467
85.625000000002,4.059957260805,-3.8756009284978,-0.38906718277057,1.4932868943859,5,5,5.6540783703044,9.7542981348436,1609.3518880334,7.1178288901242,7.4422886349132
85.650000000002,4.0610428664614,-3.8766786779156,-0.39010137536516,1.5446039820138,5,5,5.6556081034343,9.7561446552934,1609.8861002755,7.1162995254736,7.4405239300521
85.675000000002,4.0621745003514,-3.8777577294478,-0.39116599315953,0.8815611767817,5,5,5.6571717362141,9.7580363102615,1610.4150991445,7.1147372785797,7.4387189332814
85.700000000002,4.063242746066,-3.8788458517688,-0.39217293757017,0.97871716373287,5,5,5.6586965834498,9.7598636296474,1610.9476857875,7.113212494662,7.4369666424153
85.725000000002,4.0643027890247,-3.8799077555003,-0.3932046684469,1.3660384924451,5,5,5.6601970269207,9.7616845632572,1611.4815243631,7.111712279797,7.4352306556444
85.750000000002,4.0653714985096,-3.8809687261257,-0.39419781506668,1.8189713192184,5,5,5.6617029481109,9.7634884864373,1612.0239034544,7.1102067220739,7.4335008540396
85.775000000002,4.0664445650119,-3.8820691998633,-0.39524029143516,1.6947173487243,5,5,5.6632399953338,9.7653457077877,1612.5656057956,7.1086697000978,7.4317266047076
85.800000000002,4.0675369445382,-3.8831255903156,-0.39628371438493,1.9670162801846,5,5,5.6647596182532,9.7671890702776,1613.101190088,7.1071510127462,7.429969657947
85.825000000002,4.068594098787,-3.8842283220416,-0.39729165951892,1.7562888435267,5,5,5.6662872282706,9.7690192467058,1613.6354291258,7.1056234085068,7.4282145645769
85.850000000002,4.0696597032857,-3.8852971350218,-0.39830495391598,1.945644657563,5,5,5.667796491049,9.7708371134967,1614.1565127247,7.1041143598918,7.4264756987027
85.875000000002,4.0707064576719,-3.8863186903837,-0.39928683330747,1.5563751626171,5,5,5.6692591154378,9.7725987483176,1614.6810925982,7.1026524174252,7.4247910860418
85.900000000002,4.0717687802205,-3.8873570723237,-0.40030384057778,1.8747308285296,5,5,5.6707446342867,9.7743990455259,1615.2145637473,7.1011675562211,7.4230743515144
85.925000000002,4.072825654356,-3.8884822378939,-0.40133467945513,1.6048176673106,5,5,5.6722883248317,9.7762552807722,1615.7558931771,7.0996239945999,7.4212974721803
85.950000000002,4.0738840056541,-3.8895647922236,-0.40234555271419,1.8913279718646,5,5,5.6738022704539,9.7780756917404,1616.2921015969,7.0981100866801,7.4195548137103
85.975000000002,4.0749528824649,-3.8905781125314,-0.40339976138458,2.2935674732798,5,5,5.6752751301494,9.7798869541739,1616.837528722,7.0966387208371,7.4178402782668
86.000000000002,4.0760340237335,-3.8917114878248,-0.40439390951961,1.552524076683,5,5,5.676841465362,9.7817421459464,1617.3666004008,7.0950724068928,7.4160524277229
86.025000000002,4.0770943031504,-3.8927661519208,-0.40539284811682,1.7819851931506,5,5,5.678336961533,9.7835405861368,1617.8922797272,7.0935772413529,7.4143312868642
86.050000000002,4.0782542083278,-3.8938666633332,-0.40647298402039,1.0869090490248,5,5,5.6799358690942,9.7854701454025,1618.4137866889,7.0919799273308,7.4124888324449
86.075000000002,4.0793052856473,-3.8949272800366,-0.40747350545392,1.5440914398168,5,5,5.6814290774933,9.7872675642357,1618.934604456,7.0904868625485,7.4107693177862
86.100000000002,4.080359889972,-3.89601470058,-0.40849252897888,1.4556076337448,5,5,5.6829438955418,9.7890932374442,1619.465872764,7.0889720516371,7.4090236540146
86.125000000002,4.0813977610625,-3.897037389453,-0.40946791744302,2.1078304032512,5,5,5.6844009710139,9.7908466488584,1619.9926109911,7.0875154595614,7.4073464173964
86.150000000002,4.0825354615781,-3.8981534805613,-0.41055131446914,1.4354422875609,5,5,5.6859947156061,9.7927737635258,1620.5204549613,7.0859223390146,7.4055071918561
86.175000000002,4.0835808586662,-3.8992367213699,-0.41155220990754,2.0405269224706,5,5,5.6875001277494,9.7945815404478,1621.0402329508,7.0844169271645,7.4037759053009
86.200000000002,4.0846311571586,-3.9002826263508,-0.41256183187897,1.4896235976958,5,5,5.6889823706958,9.796374967524,1621.5558040272,7.0829349956269,7.4020645885637
86.225000000002,4.0857062663346,-3.901353694145,-0.41357453686956,1.4720622192613,5,5,5.6904999496757,9.7981994174022,1622.0702397936,7.0814177290251,7.4003186029192
86.250000000002,4.0867428073309,-3.9024233992803,-0.41459730148,1.5197361933692,5,5,5.6919894752087,9.8000062748293,1622.6026084163,7.0799282087829,7.3985962857319
86.275000000002,4.0878368838803,-3.9035039591548,-0.41562859919742,1.6381103799987,5,5,5.6935272050739,9.8018578115209,1623.1275528897,7.0783909452444,7.3968258441743
86.300000000002,4.0889231961758,-3.9046069028371,-0.41664534658268,1.5335491935891,5,5,5.6950752874909,9.80370992772,1623.6552768886,7.0768429534415,7.3950493977903
86.325000000003,4.0899821230137,-3.9056423972109,-0.41767362755551,1.3709265587255,5,5,5.6965563596182,9.8055129630512,1624.1783675885,7.0753625304588,7.3933343052152
86.350000000003,4.0910403774474,-3.9067164378415,-0.41867610896539,1.9763446389384,5,5,5.6980641612372,9.807323607881,1624.7040361899,7.0738548204219,7.3916006231816
86.375000000003,4.0921326366787,-3.9078307137259,-0.41971691460473,1.1633224308313,5,5,5.6996244948474,9.8091992190757,1625.228451736,7.0722945425108,7.3898055556469
86.400000000003,4.0931818291796,-3.9088991117682,-0.42074564462179,1.3869539909139,5,5,5.7011219190627,9.811015964718,1625.7524876362,7.0707971838859,7.3880742461327
86.425000000003,4.0942325067512,-3.9100044375957,-0.42175671195523,1.8291771488058,5,5,5.7026469333396,9.8128456984957,1626.2673760223,7.0692722060416,7.3863216631862
86.450000000003,4.0952641391119,-3.9110008816495,-0.4227387169659,1.7990034072309,5,5,5.7040812157664,9.8145839447156,1626.7907395882,7.0678388416583,7.384665221944
86.475000000003,4.0963136461462,-3.9120596673412,-0.42372835870867,1.6048034020622,5,5,5.7055720182871,9.8163733253164,1627.3182445261,7.0663481859918,7.3829517711201
86.500000000003,4.097377098356,-3.9131462529615,-0.42473928440683,1.5105636751696,5,5,5.7070924126153,9.8181991318999,1627.8483233517,7.0648278365069,7.3812037706433
86.525000000003,4.0984928529329,-3.9143090673268,-0.42581985805479,1.6308191151354,5,5,5.7087039477604,9.8201394115016,1628.3699964555,7.0632163052978,7.3793483649759
86.550000000003,4.0995910039507,-3.9154418230272,-0.42689270374244,1.4319946960629,5,5,5.7102816267945,9.8220473079883,1628.8807878645,7.0616386330357,7.3775276492932
86.575000000003,4.1006633164948,-3.9165561360894,-0.42791748088056,1.9365632491049,5,5,5.7118280897888,9.8239024942258,1629.3969538412,7.0600921704939,7.375750763474
86.600000000003,4.1017056645892,-3.9176451664635,-0.42893156615472,1.5532173586416,5,5,5.7133355634057,9.8257193171805,1629.9099085335,7.0585847058946,7.3740143396571
86.625000000003,4.1027379278379,-3.9187094681856,-0.42999168974992,1.2718755885225,5,5,5.714818231801,9.8275419986139,1630.4526632478,7.0571020449009,7.3722883800238
86.650000000003,4.1038043168068,-3.9197857804134,-0.43096210925309,2.2479736108707,5,5,5.7163333665952,9.8293412616454,1630.9861874932,7.0555870545979,7.3705574616826
86.675000000003,4.1048350362757,-3.9208219028702,-0.43194019110359,1.4652783644715,5,5,5.7177948495301,9.8310998339287,1631.5110277995,7.0541257547932,7.3688757576832
86.700000000003,4.1059113241537,-3.9218936439106,-0.43295809474645,1.5243880368073,5,5,5.7193137387473,9.832928262839,1632.0416848598,7.0526071867645,7.3671277548335
86.725000000003,4.1070473211749,-3.9229630398766,-0.43406248248252,1.5255737848971,5,5,5.7208738980226,9.834839746356,1632.5817091661,7.0510488731593,7.3653167476234
86.750000000003,4.1081547245824,-3.9241104040581,-0.43511000066582,0.71105232913494,5,5,5.7224685098475,9.8367476460432,1633.1175668583,7.049454261772,7.3634874712241
86.775000000003,4.1092325923119,-3.9251999270792,-0.43611585417627,1.3933825786308,5,5,5.7240011087042,9.8385808401246,1633.6358001709,7.0479217941335,7.3617297644768
86.800000000003,4.1102662550821,-3.9263190205529,-0.43712854758674,1.1934228104133,5,5,5.7255245354091,9.8404101506147,1634.1538822207,7.0463987097944,7.3599791027489
86.825000000003,4.1113210205169,-3.9273602703291,-0.43814014514109,1.735728933786,5,5,5.7270066727911,9.842204603409,1634.6766845882,7.0449170322634,7.3582684390278
86.850000000003,4.1123740610132,-3.9284214166653,-0.43913659706281,1.7147744186084,5,5,5.7285016396247,9.8440012230865,1635.2054463122,7.0434222254808,7.3565496163512
86.875000000003,4.1134719229428,-3.9295681870989,-0.44020281834377,1.3667219400156,5,5,5.7300892111172,9.8459136066944,1635.7277515623,7.0418346627245,7.3547218871575
86.900000000003,4.1145415219772,-3.9306305338784,-0.44122827269958,1.4374550550616,5,5,5.7315967331815,9.8477368399242,1636.2407462219,7.0403275012268,7.3529829448934
86.925000000003,4.1155819580554,-3.9317255714326,-0.44223058697637,1.3098366244499,5,5,5.733107234581,9.8495496411785,1636.7574053905,7.0388170378086,7.3512475560967
86.950000000003,4.1166735516547,-3.932846326791,-0.44328981572335,1.2875848612335,5,5,5.7346717374285,9.8514389888696,1637.2716268646,7.0372525568593,7.349444069677
86.975000000003,4.1177702955067,-3.9339960347512,-0.44437374392587,1.2532652599922,5,5,5.7362606601674,9.8533624170119,1637.7860209359,7.0356636547915,7.3476101215794
87.000000000003,4.1188129007586,-3.935054189015,-0.44535610165827,1.784883339903,5,5,5.7377461621557,9.8551433557733,1638.3101991855,7.0341782438331,7.3459045928656
87.025000000003,4.1198454356039,-3.936076842804,-0.44633247855422,1.5601170639618,5,5,5.7391994167717,9.8568941444019,1638.8361069477,7.0327253831201,7.3442319929218
87.050000000003,4.1209293063377,-3.9371706492368,-0.44736598349671,1.3711689344385,5,5,5.7407392830906,9.8587486849774,1639.3609569897,7.0311856659246,7.3424597974442
87.075000000003,4.1219466344305,-3.9382385549908,-0.44835273325075,1.5548347891477,5,5,5.7422141997486,9.8605232424504,1639.8903439484,7.0297107738174,7.3407631868478
87.100000000003,4.1230027811962,-3.9393713799036,-0.44939626168145,1.2213640933419,5,5,5.7437629858131,9.8623907782223,1640.4029343474,7.0281621995198,7.3389797025402
87.125000000003,4.124062823767,-3.9404598644282,-0.45045000763272,1.4637354294203,5,5,5.7452823570028,9.864239796703,1640.9393995146,7.0266428491871,7.3372213056118
87.150000000003,4.1251324983666,-3.9416145453513,-0.45148579609602,0.99889791883113,5,5,5.7468563620165,9.8661240338229,1641.4644907154,7.0250691502848,7.335416072056
87.175000000003,4.1261968514311,-3.9427173324597,-0.45251289464704,1.5685414888288,5,5,5.7483890025003,9.8679690049028,1641.9855679867,7.0235365102207,7.3336527010075
87.200000000003,4.1272165144774,-3.9437827050318,-0.4535292837534,1.6501807600386,5,5,5.7498636995693,9.8697600320553,1642.533909774,7.0220618219094,7.3319479531258
87.225000000003,4.1282739803483,-3.9448496266113,-0.45452989766504,1.710650069755,5,5,5.7513658832215,9.8715649652743,1643.0637995478,7.0205597859517,7.3302215906845
87.250000000003,4.1293671986558,-3.9459399675781,-0.45556569294914,1.4081187210633,5,5,5.752909894132,9.8734242236109,1643.5963955123,7.0190160775464,7.3284452380254
87.275000000003,4.1304244867474,-3.9470535177029,-0.4565903729883,1.1959488758236,5,5,5.7544454240045,9.8752702520971,1644.1249186557,7.0174805900855,7.3266799953628
87.300000000003,4.1314969106496,-3.9481299984342,-0.45760895562781,1.2466339869793,5,5,5.7559649317507,9.8770995728411,1644.6500594161,7.0159612914934,7.3249320507386
87.325000000003,4.1325547706099,-3.9492341304441,-0.45864187732856,1.2502795195652,5,5,5.7574940410309,9.8789448648046,1645.1783829924,7.0144321887223,7.3231706353255
87.350000000003,4.1336143769645,-3.9503849296984,-0.45969393606929,1.4259758235704,5,5,5.7590583634242,9.8808300523667,1645.712356521,7.0128682712784,7.3213704168863
87.375000000003,4.1346835244944,-3.9514950001888,-0.46072975806104,1.5575406129875,5,5,5.7605995749394,9.8826870015133,1646.2498484912,7.0113270598329,7.3195966532227
87.400000000003,4.1357647527439,-3.9525816711581,-0.46179022918381,1.7675694882338,5,5,5.762132516009,9.8845510045512,1646.7889712942,7.0097943141706,7.3178239639714
87.425000000003,4.1368032530895,-3.9536921890221,-0.46279208736766,1.0794926321052,5,5,5.7636529543978,9.8863718430159,1647.3303684643,7.0082740473171,7.3160800961573
87.450000000003,4.1378531974178,-3.9547636576993,-0.46378612637776,1.5635548631612,5,5,5.7651530971306,9.8881714379072,1647.8600012909,7.0067739566459,7.3143578371662
87.475000000003,4.1389523921404,-3.9559316659944,-0.46489990181427,1.1177118448397,5,5,5.7667569900247,9.8901241202004,1648.3956019355,7.0051701766621,7.3125019355723
87.500000000003,4.140010963458,-3.9570136322618,-0.46588764582382,1.3528908746427,5,5,5.7682706690654,9.8919315665943,1648.9267981498,7.0036565407294,7.3107685862436
87.525000000003,4.1410792387274,-3.9580969858475,-0.46691386884124,1.2345475794888,5,5,5.7697921377778,9.8937667779511,1649.456685673,7.0021351721062,7.3090168318415
87.550000000003,4.1421162551232,-3.9592168621256,-0.46796079193919,1.5855587790975,5,5,5.77131841622,9.8956176085367,1650.0002138838,7.0006091964784,7.3072547709956
87.575000000003,4.1431638631408,-3.9602501764073,-0.46896593432218,1.1378189811425,5,5,5.7727898852015,9.89739961083,1650.577368866,6.9991382001432,7.3055574006269
87.600000000003,4.1441959257614,-3.9614304552524,-0.46998383184765,1.568334429138,5,5,5.7743577536287,9.8992689226759,1651.1274982367,6.9975721693063,7.3037653654935
87.625000000003,4.1452621715091,-3.9625147810042,-0.47100743030639,1.3884774758694,5,5,5.7758784910585,9.9011020610055,1651.6699497505,6.9960515088857,7.3020152046696
87.650000000003,4.1462906242662,-3.9636100057724,-0.47201565542021,1.3165899996562,5,5,5.7773808999132,9.9029114117859,1652.2117479577,6.994549226222,7.3002870950602
87.675000000003,4.1474025211714,-3.9647448561543,-0.47310716851715,0.63424696921112,5,5,5.7789696730616,9.9048390012022,1652.7501456954,6.9929605071928,7.298452361634
87.700000000003,4.1484352950957,-3.9658661387278,-0.47413470785078,1.6678154112724,5,5,5.7804941062639,9.9066774063998,1653.3003834615,6.9914364632084,7.2966979557273
87.725000000003,4.1494662998884,-3.9669148310257,-0.47510900484001,1.5293624421402,5,5,5.7819647273634,9.9084414871921,1653.8458024049,6.9899659150862,7.2950100851978
87.750000000003,4.1505530815975,-3.9679817218103,-0.4761395836351,1.1000969434316,5,5,5.7834876687377,9.9102803572479,1654.3888342712,6.9884435582208,7.2932565061332
87.775000000003,4.1516323274045,-3.9690822342746,-0.47716686739245,1.4042322874727,5,5,5.7850290639485,9.9121327101069,1654.9414663222,6.9869022215972,7.291485724319
87.800000000003,4.1526913381737,-3.9702118600088,-0.4782148589594,2.0418743148276,5,5,5.7865774689694,9.9140024278484,1655.5007622171,6.9853539635592,7.2897024295069
87.825000000003,4.1537450064827,-3.9713753942146,-0.47925923208449,1.3553309058802,5,5,5.7881471914778,9.9158878307172,1656.0424252526,6.9837849972706,7.2879003681952
87.850000000003,4.1548065950227,-3.9724719847998,-0.48029238210693,1.2571158508579,5,5,5.7896734552623,9.9177308934153,1656.60072408,6.982258737347,7.2861424813697
87.875000000003,4.1558596888736,-3.9736150538549,-0.48131371802608,0.96236251907515,5,5,5.7912276796745,9.9195906623749,1657.1461587327,6.9807049057179,7.2843615897706
87.900000000003,4.1568921543443,-3.9747116045445,-0.48229877432515,1.6610731109682,5,5,5.7927338032959,9.9213903135287,1657.6901505658,6.9791988839803,7.2826369185213
87.925000000003,4.1579197544637,-3.9757501359223,-0.48328278471693,1.4551145202717,5,5,5.7941947993356,9.9231517861737,1658.2418718834,6.9777380146361,7.2809558542119
87.950000000003,4.1589065379311,-3.9767818154261,-0.48422336474781,1.4370715285498,5,5,5.7956224212079,9.9248614045536,1658.7943544209,6.9763104029508,7.2793191011343
87.975000000003,4.1599370416549,-3.9778594075755,-0.48524772584989,1.4222216330612,5,5,5.7971134419204,9.926670398316,1659.3622424613,6.9748193934196,7.2775977063828
88.000000000003,4.1610834086451,-3.9790037132238,-0.48630634533288,1.3085850521516,5,5,5.7987331927325,9.928605409402,1659.9175040961,6.9731999462162,7.2757434809119
88.025000000003,4.1621252808102,-3.9800828683889,-0.48729089146168,0.96490331798598,5,5,5.8002332172251,9.9303996793255,1660.4661327455,6.9716999223158,7.2740248903568
88.050000000003,4.1631800202726,-3.9812357211586,-0.48833903798352,0.98933174881128,5,5,5.801795761574,9.9322812095467,1661.0078653933,6.9701379041497,7.2722287766055
88.075000000003,4.1642148245947,-3.9823246689622,-0.48933384138053,1.567203262166,5,5,5.803297969051,9.9340829479025,1661.5575277214,6.9686357337986,7.2705052799715
88.100000000003,4.1653324419316,-3.98342127481,-0.49037994477925,1.3650896137303,5,5,5.8048637317716,9.9359660159358,1662.1065164878,6.9670705826099,7.2687068290481
88.125000000003,4.1663543524495,-3.9845232253004,-0.49137993310164,1.4739801744035,5,5,5.8063665943701,9.9377711676288,1662.6622814046,6.9655679972013,7.2669815349302
88.150000000003,4.1673940131437,-3.9856433975819,-0.49239974572056,1.2481369110704,5,5,5.8078948876335,9.9396084749185,1663.2162720564,6.9640399740678,7.2652262474951
88.175000000003,4.1684139440092,-3.9867703858979,-0.49339797306437,1.5221232644833,5,5,5.8094148750134,9.9414269411582,1663.7742352943,6.9625207346302,7.2634855693369
88.200000000003,4.1694795690587,-3.9878747156114,-0.49444665272252,1.1720712235439,5,5,5.8109495088011,9.9432856584277,1664.3259913541,6.9609861011317,7.2617158034935
88.225000000003,4.1705097794811,-3.9889704547651,-0.49542554970085,1.5344716362535,5,5,5.812453496104,9.9450801547641,1664.8798821854,6.9594822288231,7.2599954391726
88.250000000003,4.1715482905372,-3.9901261217017,-0.49646983786082,1.1266218888145,5,5,5.8140072242919,9.9469522148708,1665.4404240212,6.9579294468305,7.258209610126
88.275000000003,4.172570750852,-3.9912547894152,-0.49746267929523,1.6225929459983,5,5,5.8155301543307,9.9487701945232,1666.0044983685,6.9564072436916,7.2564677796641
88.300000000003,4.1736224716145,-3.9923860751393,-0.49849763185981,1.1946703466916,5,5,5.8170747979633,9.9506295091181,1666.569413883,6.9548628503345,7.2546927317209
88.325000000003,4.1746687761508,-3.993494989561,-0.49950362152626,1.4060850457235,5,5,5.8185994108247,9.9524561069355,1667.1336173178,6.9533383233814,7.2529450100336
88.350000000003,4.175750979794,-3.9946563668078,-0.50054893946809,1.5863004121263,5,5,5.8201868495904,9.9543568045532,1667.6963203168,6.9517511099935,7.2511260448904
88.375000000003,4.1768451895583,-3.9957930194409,-0.50160195627645,1.297667485408,5,5,5.8217645929842,9.9562536752962,1668.2557495206,6.9501733668854,7.2493140122815
88.400000000003,4.177886005831,-3.9969746702367,-0.50265215971498,1.1351365656886,5,5,5.8233392666382,9.9581464310593,1668.8127442317,6.9486002779707,7.2475072849631
88.425000000003,4.1789098717084,-3.9981328225978,-0.50367738511927,1.6272164389454,5,5,5.8248851056423,9.9600013449,1669.3838179671,6.9470558717692,7.2457351988474
88.450000000003,4.1799588083038,-3.999292447467,-0.50471091998309,1.5192651181986,5,5,5.8264487545218,9.9618756960232,1669.954523014,6.9454930073832,7.2439430953168
88.475000000003,4.1810170606577,-4.0003847665415,-0.50573165890163,1.4433644212702,5,5,5.827969628943,9.9637073529083,1670.5235238222,6.9439721379267,7.2421949328966
88.500000000003,4.1820948106682,-4.001610751416,-0.50682419683491,1.5007637945931,5,5,5.8296019842957,9.965671588926,1671.089642998,6.9423414993611,7.2403211741212
88.525000000003,4.1831250939494,-4.0027221937971,-0.50782447791519,1.3019418930169,5,5,5.8311174999855,9.967487449616,1671.6617670155,6.9408262716271,7.2385843139671
88.550000000003,4.1841687360025,-4.0038523143827,-0.50885192957202,1.4423366062984,5,5,5.8326557981598,9.9693373193899,1672.2285994309,6.9392883251667,7.2368179970469
88.575000000003,4.1852047034866,-4.0050019972328,-0.50988623194491,1.3574013758116,5,5,5.8342033766825,9.9711987115254,1672.7958782253,6.9377416206556,7.2350413799111
88.600000000003,4.1862781275867,-4.0061959778948,-0.51098451064557,0.99932849902357,5,5,5.8358089386153,9.9731439737763,1673.3452093288,6.9361370283569,7.2331911484227
88.625000000003,4.1872798655495,-4.0073496317209,-0.51198189549296,1.754451966716,5,5,5.8373368116783,9.9749685758234,1673.9268252433,6.9346112214329,7.231445127616
88.650000000003,4.1882689990444,-4.0085190128638,-0.51292443125323,1.5681103385133,5,5,5.8388684243343,9.9767669670454,1674.5014615668,6.9330828403027,7.2297122259459
88.675000000003,4.1892501324386,-4.0096419180753,-0.51388604335289,1.440993652899,5,5,5.8403595778646,9.978541294152,1675.0693587615,6.9315934729378,7.2280113616996
88.700000000003,4.1902848421024,-4.0107986826105,-0.51492555634696,1.288083272931,5,5,5.8419115856863,9.9804092651216,1675.6420214454,6.9300425457244,7.2262294208131
88.725000000003,4.1913005456536,-4.0119278135682,-0.51592171989432,1.5838093032896,5,5,5.8434303320191,9.9822255614181,1676.2186726116,6.9285247043859,7.2244915339721
88.750000000003,4.1923090160636,-4.0130489653313,-0.51694134800416,1.482770894058,5,5,5.8449383087576,9.9840459007618,1676.7862041266,6.9270176280422,7.2227573638313
88.775000000003,4.1933504325271,-4.0141411085492,-0.51792232569896,1.2606870734623,5,5,5.8464473896232,9.985845801397,1677.353319628,6.9255085697691,7.2210322788169
88.800000000003,4.1943653962684,-4.0152540442459,-0.5189187710478,1.3746564135725,5,5,5.8479536357057,9.9876518137431,1677.9313493,6.9240029020784,7.2193061035644
88.825000000003,4.1953706231129,-4.0163870704739,-0.51991930763992,1.2330394899234,5,5,5.8494683071031,9.9894671106649,1678.5093739525,6.9224895291063,7.2175714190081
88.850000000003,4.1964090842697,-4.0175635488195,-0.52096033536751,1.5437273838892,5,5,5.8510375435009,9.9913502573936,1679.0873390246,6.9209218082376,7.2157731898811
88.875000000003,4.1974292421928,-4.0187131369747,-0.52198626628703,1.3533388499883,5,5,5.8525745129588,9.9931981776749,1679.6719172171,6.9193861501938,7.2140100271613
88.900000000003,4.1985072108551,-4.019892715979,-0.52304025683379,1.5464222124487,5,5,5.8541724563446,9.9951124188136,1680.2595261986,6.9177887770999,7.2121797753615
88.925000000003,4.1995282086856,-4.0210033264226,-0.52404480619763,1.3323689549783,5,5,5.8556810623658,9.9969248788963,1680.8419069737,6.9162805968743,7.2104490989249
88.950000000003,4.2005714294027,-4.0221862263851,-0.52509020091368,1.3274918757889,5,5,5.8572582629827,9.9988170765335,1681.418568379,6.9147049516994,7.2086422036882
88.975000000003,4.2016174128686,-4.0233382371896,-0.5261130251286,1.5643171772624,5,5,5.8588142868593,10.000679166671,1681.9926610623,6.9131496261765,7.2068612209056
89.000000000003,4.202651365018,-4.0244757636233,-0.52713520268409,1.3054800558911,5,5,5.860351499738,10.002525208488,1682.5742461893,6.9116130788938,7.2050984748577
89.025000000003,4.2037199860303,-4.025639140419,-0.52819457726046,1.5034881005498,5,5,5.8619311821228,10.004427226082,1683.1544384706,6.9100338590876,7.203284329546
89.050000000003,4.2047482082969,-4.0267700993261,-0.52918110755038,1.5601103082786,5,5,5.8634596810856,10.006246443247,1683.7339211304,6.9085060172796,7.201540084629
89.075000000003,4.2057692673785,-4.0279278884512,-0.53022139159899,1.2267120722896,5,5,5.8650033900304,10.008107955591,1684.3134996909,6.906963833701,7.1997669441716
89.100000000003,4.206790509722,-4.0290701988612,-0.53122318898874,1.5161580640018,5,5,5.866535646209,10.009938640438,1684.8974688289,6.9054326660638,7.198015277137
89.125000000003,4.207812363121,-4.0301843546487,-0.53224814874416,1.302012375937,5,5,5.8680474423223,10.011765131606,1685.4767060216,6.9039213419501,7.1962761513263
89.150000000003,4.2087993843522,-4.0312860468793,-0.53322522134382,1.5396979666308,5,5,5.869526609886,10.01353787173,1686.0675064146,6.9024431679892,7.1945823800099
89.175000000003,4.2098527119865,-4.0324164074472,-0.53422725719214,1.1231735583417,5,5,5.8710716710883,10.015379417265,1686.6500948492,6.9008983320914,7.1928176502964
89.200000000003,4.2109185983866,-4.0335335296319,-0.53526826685278,1.6637821651673,5,5,5.8726157163575,10.017241614061,1687.2420036038,6.8993543083806,7.1910427505678
89.225000000003,4.2119465773537,-4.0347189576745,-0.53629425940545,1.2624423745571,5,5,5.8741847862734,10.019116351675,1687.8292060507,6.8977874283999,7.1892501978901
89.250000000003,4.2129986014472,-4.0358549610458,-0.53732266567936,1.3709322401524,5,5,5.8757330944962,10.020975081837,1688.4074678598,6.8962394359187,7.1874751282371
89.275000000003,4.2140436894884,-4.0369865656022,-0.53834653044921,1.5145241228638,5,5,5.8772734638954,10.022824686377,1688.9969186896,6.8946994246406,7.1857090380879
89.300000000003,4.2150827833268,-4.0381992940358,-0.53941312284328,1.2031460739704,5,5,5.8788704692989,10.024745114869,1689.5753520238,6.8931051795343,7.1838789178772
89.325000000003,4.2161480340121,-4.0393102944317,-0.54040791034504,1.1546518461394,5,5,5.8804096511926,10.026577785891,1690.1574051834,6.8915660039949,7.1821219022614
89.350000000003,4.2171866337848,-4.0404443968558,-0.54144298617027,1.1998472982967,5,5,5.8819474671102,10.028431501015,1690.7332998702,6.8900286992672,7.1803553790917
89.375000000003,4.218221589611,-4.0415726985342,-0.54244997419107,1.5241656959189,5,5,5.8834785445869,10.030264046544,1691.3078251144,6.88849809973,7.1786032380473
89.400000000003,4.2192631915582,-4.0427418711159,-0.54350103679975,1.4753265295865,5,5,5.8850443987124,10.032149949974,1691.8831067054,6.8869334676602,7.1768060792365
89.425000000003,4.2203202825727,-4.0438197388696,-0.54454676584838,1.2347160034023,5,5,5.8865541140191,10.033986465575,1692.4956003139,6.8854238055478,7.1750632164975
89.450000000003,4.2213177709506,-4.0449484502677,-0.54547876994991,1.2851024302039,5,5,5.8880604249048,10.035757793926,1693.0859612541,6.8839189206975,7.1733569629269
89.475000000003,4.2223184221496,-4.0460503894535,-0.54645807386094,1.3846104414528,5,5,5.8895489049319,10.037539537157,1693.6645702735,6.8824311113999,7.1716538299377
89.500000000003,4.2233766845183,-4.0472069072873,-0.54750625333878,1.055233615671,5,5,5.8911165313992,10.039425308342,1694.231607486,6.8808640240326,7.1698552947162
89.525000000003,4.2244218661001,-4.0483908725458,-0.54854757554482,1.3456201156728,5,5,5.8926958281643,10.04131700869,1694.812353863,6.8792862612389,7.1680484854357
89.550000000003,4.225481344392,-4.0495093739833,-0.54956774455628,1.3648685174212,5,5,5.8942364578137,10.043164786958,1695.3955491638,6.8777456939777,7.166283359157
89.575000000003,4.226523503436,-4.0507094575302,-0.55066683093787,1.2666651198233,5,5,5.8958258904146,10.045097217259,1695.9750458715,6.8761584287325,7.164451293847
89.600000000003,4.2275133395261,-4.0518438255897,-0.55162204540948,1.5478135186416,5,5,5.8973314024137,10.0468801926,1696.5683164587,6.8746547877516,7.1627399327871
89.625000000003,4.228579232391,-4.0529385221494,-0.55265254855638,1.1577183599381,5,5,5.8988593056034,10.048723131799,1697.1511055948,6.8731269017242,7.1609842032689
89.650000000003,4.2295732751193,-4.0541001997658,-0.55364643288493,1.3743534907802,5,5,5.9003882319686,10.050546705732,1697.730843062,6.871600684805,7.1592403950605
89.675000000003,4.230608019219,-4.0552518860843,-0.55467201794816,1.2020703239169,5,5,5.9019364815377,10.052403827551,1698.3078002483,6.8700534041892,7.1574675144174
89.700000000003,4.2316293884308,-4.0564455352139,-0.55572898933714,1.262766361821,5,5,5.9035074663599,10.05429728519,1698.8864760071,6.8684852067675,7.1556657961989
89.725000000003,4.2326547640795,-4.057589009846,-0.55672073124637,1.6750478587131,5,5,5.9050433470373,10.056125530652,1699.4713967959,6.8669503416035,7.1539144086291
89.750000000003,4.2337171091169,-4.058716723475,-0.5577502164372,1.1609630364995,5,5,5.9065926420406,10.057985679776,1700.045420093,6.8654011546879,7.152138731533
89.775000000003,4.2347170326949,-4.059879474049,-0.55877607038294,1.3271476356898,5,5,5.9081262117519,10.059830730555,1700.6209412149,6.8638700868687,7.1503815080296
89.800000000003,4.2357208120643,-4.0610064952671,-0.55976722423254,1.379471393976,5,5,5.9096354333554,10.06163631517,1701.1967407947,6.8623620583871,7.1486561661178
89.825000000003,4.2368036996461,-4.0621131750979,-0.56079486997359,1.2485542102207,5,5,5.9111837827225,10.063494658931,1701.7656419609,6.8608137484738,7.1468819731128
89.850000000003,4.2378264994628,-4.0633606779545,-0.56186637623903,1.1406241266264,5,5,5.912796972991,10.065431281899,1702.3342652058,6.8592058028014,7.1450382911587
89.875000000003,4.2388316580623,-4.0644414530193,-0.56283302388097,1.5363163439231,5,5,5.9142729196535,10.067195602225,1702.911485229,6.857730101932,7.1433509675663
89.900000000003,4.2398379712109,-4.065552363089,-0.56383155107467,1.3922248630262,5,5,5.915771848383,10.068996669656,1703.4816804555,6.8562319113156,7.1416331678236
89.925000000003,4.2408845771145,-4.0666807609149,-0.56485910158546,1.2317214123978,5,5,5.9173108953514,10.070847217041,1704.0516696656,6.8546931603883,7.1398683478288
89.950000000003,4.2418762415425,-4.0677902141538,-0.56587788503004,1.4201213093575,5,5,5.9187989426716,10.072650604003,1704.6678036575,6.8532061892515,7.1381557362547
89.975000000003,4.2428977656603,-4.0690007180089,-0.56688615899117,1.4222768551773,5,5,5.9203828716809,10.074528221506,1705.2562037598,6.851625762325,7.1363563808281
90.000000000003,4.2439169251572,-4.0701681457436,-0.56790966462155,1.3591245489773,5,5,5.921932572812,10.076385406842,1705.8292849121,6.8500779795596,7.1345841481097
90.025000000003,4.244962557138,-4.0713260792734,-0.56893967349276,1.6685258691929,5,5,5.9234927511027,10.078254918696,1706.3942847003,6.8485186500345,7.1327990535456
90.050000000003,4.2460043071005,-4.072468656133,-0.56996174122147,1.1584712188698,5,5,5.9250389480062,10.080108387689,1706.9634244485,6.8469730679256,7.1310294206675
90.075000000003,4.2470274577728,-4.0736647547125,-0.57102167906176,2.0542711056698,5,5,5.9266129521708,10.082006006548,1707.5248378414,6.8454018827332,7.1292246671909
90.100000000003,4.2480418166547,-4.0747983979776,-0.57203280332712,2.0522800212112,5,5,5.9281341592552,10.0838325999,1708.0907894056,6.843881749185,7.127482613513
90.125000000003,4.2490293504418,-4.07598492827,-0.57302256431689,2.0168701448419,5,5,5.929677881094,10.085666367588,1708.6577872723,6.8423421822931,7.1257279059751
90.150000000003,4.250030391008,-4.0770565611132,-0.57399438524918,1.9860038054567,5,5,5.9311443323089,10.087425604664,1709.2221138791,6.8408759226306,7.1240486375559
90.175000000003,4.2510577229893,-4.0781657563432,-0.57500115049578,1.6858517080271,5,5,5.9326561937636,10.089242002561,1709.786944427,6.8393643763446,7.1223161684344
90.200000000003,4.2520723347642,-4.0792895238718,-0.57600303890994,1.1940971957636,5,5,5.9341702249761,10.091057511004,1710.3676902205,6.8378511759315,7.1205835131525
90.225000000003,4.2530877095342,-4.0805200764504,-0.57701964968576,1.7572973514272,5,5,5.9357656075547,10.092949267606,1710.9345856016,6.8362606014972,7.1187724890608
90.250000000003,4.2541118240449,-4.0816289294336,-0.57801743038229,2.1457476289554,5,5,5.9372750330975,10.094758668553,1711.5088602429,6.834751536556,7.1170450319932
90.275000000003,4.2551010663704,-4.0827659119215,-0.57901838179085,1.9066297215529,5,5,5.938782126179,10.096567876468,1712.0817721128,6.8332464442109,7.115320546702
90.300000000003,4.2561375528959,-4.0839143278147,-0.58003381594317,1.3771068778982,5,5,5.9403291114347,10.098418354757,1712.6490099346,6.8317003193429,7.1135526595668
90.325000000003,4.2571428098305,-4.0851258813487,-0.58107232712021,1.7500281415172,5,5,5.9419034060292,10.100304331675,1713.2261959139,6.8301304474022,7.1117555775422
90.350000000003,4.258183862137,-4.086316005209,-0.58208723362076,1.7134139177415,5,5,5.9434846032679,10.102183219621,1713.7841825576,6.828551141052,7.1099560537019
90.375000000003,4.2591745547069,-4.0874274959324,-0.58307138421583,2.2724606561902,5,5,5.9449735234794,10.10396799854,1714.3453216802,6.8270633884899,7.1082530671038
90.400000000003,4.2601852821486,-4.0885407279526,-0.58406599229076,1.3052262800755,5,5,5.9464771376229,10.105770802111,1714.894174437,6.8255604707995,7.1065326431658
90.425000000003,4.2611625694604,-4.0896603851708,-0.58502232630615,1.4997324954053,5,5,5.9479633148585,10.107538087465,1715.4562813529,6.8240761518351,7.1048407766668
90.450000000003,4.2621668826914,-4.0907911347953,-0.58604551709324,2.0264653143282,5,5,5.949475677176,10.109364055473,1716.01636124,6.8225650843118,7.1031046499494
90.475000000003,4.2631957375717,-4.0919332202236,-0.58703032941995,1.4022612678154,5,5,5.9510128503902,10.111189639437,1716.5852842141,6.8210288179499,7.1013550401462
90.500000000003,4.2642249250289,-4.093014532901,-0.58803960975161,1.3270106743443,5,5,5.9525056544391,10.112991613554,1717.1504493834,6.8195360498378,7.0996404452066
90.525000000003,4.2652852887693,-4.0942022932091,-0.58905622047807,1.2447632274705,5,5,5.9540978685614,10.11488069883,1717.7058817181,6.8179450376708,7.0978294852666
90.550000000003,4.2663283948565,-4.0953852481963,-0.59009282110176,1.334696131379,5,5,5.955675034631,10.116768023302,1718.2621945635,6.8163694683425,7.0960278431
90.575000000003,4.2673538338373,-4.0965119763813,-0.59112776193573,1.2544444668334,5,5,5.957198531105,10.118609800714,1718.8199342358,6.8148466257038,7.0942773558923
90.600000000003,4.2683632544496,-4.0976980140562,-0.59210207689156,1.6716443776486,5,5,5.958755969816,10.120446892158,1719.3813100676,6.8132922330714,7.0925134498203
90.625000000003,4.269346567864,-4.0988002330287,-0.59308285838949,1.5716968858231,5,5,5.9602330588229,10.122219947228,1719.9368030292,6.8118162813408,7.0908231378596
90.650000000003,4.2703520136151,-4.0998908544828,-0.59408633584009,1.8063723246866,5,5,5.9617164253705,10.124010852951,1720.5297185745,6.8103333041119,7.0891198144269
90.675000000003,4.2713557953354,-4.1010677768981,-0.59507027541821,1.768368524392,5,5,5.9632632686443,10.125844118127,1721.0894986769,6.8087893887867,7.0873634149227
90.700000000003,4.27235296884,-4.1021759549189,-0.59604267002053,1.7015212918133,5,5,5.9647540447925,10.127623995872,1721.6513123917,6.8072995253486,7.0856621856912
90.725000000004,4.2733803929383,-4.1033652023677,-0.59708003466716,1.7988936971433,5,5,5.9663256394515,10.129507087793,1722.2072590357,6.8057303246047,7.0838667456399
90.750000000004,4.2743685162764,-4.104501014932,-0.59806681413352,1.6371837574174,5,5,5.9678311154269,10.131307141022,1722.767310173,6.8042268651744,7.082148543263
90.775000000004,4.2754277527224,-4.1056479426133,-0.59909264929054,1.7361809095685,5,5,5.9693923408926,10.133175231685,1723.3158871487,6.8026660201271,7.080364415042
90.800000000004,4.276428009846,-4.1067902947793,-0.60008091699593,1.080783615615,5,5,5.9709107225259,10.134986903797,1723.8769441754,6.8011494297239,7.0786332651044
90.825000000004,4.2774260428242,-4.1078712019968,-0.60105875138945,1.6596874174632,5,5,5.9723819227973,10.136753423069,1724.4323645061,6.7996785922018,7.0769490068316
90.850000000004,4.2784554510809,-4.1090128352327,-0.60207274966167,1.2907908798674,5,5,5.973919130592,10.138594944261,1724.9845887882,6.7981422736912,7.0751918507358
90.875000000004,4.2794855648002,-4.1101932356183,-0.60310006330859,1.2693194552765,5,5,5.9754858083972,10.140468404342,1725.5349878804,6.7965775744799,7.073403778544
90.900000000004,4.2804829584002,-4.111361496291,-0.60408736970466,1.6997344760633,5,5,5.9770219161383,10.142294438545,1726.0890382914,6.7950443358302,7.0716570595963
90.925000000004,4.2814773641116,-4.112463846952,-0.6050999895168,1.7912465068102,5,5,5.9785065102575,10.144091496859,1726.66658805,6.7935605916738,7.069950930336
90.950000000004,4.2825131127219,-4.113620973784,-0.60609462143655,0.95338483120897,5,5,5.980059480859,10.145935679698,1727.226571531,6.792008724927,7.0681843639483
90.975000000004,4.2835085494046,-4.1147644650578,-0.60708923695567,1.7069357318489,5,5,5.9815755502779,10.147748888598,1727.7789208892,6.7904946679458,7.066454174483
91.000000000004,4.2845145164111,-4.1159690165635,-0.60810926440586,1.783034496826,5,5,5.9831449176497,10.149620617731,1728.3251729483,6.7889293701662,7.0646677546168
91.025000000004,4.2855278328303,-4.1171428245905,-0.60911753882003,2.4186996953986,5,5,5.9846956063515,10.151470280604,1728.8720671253,6.7873810862854,7.0629009779912
91.050000000004,4.2865478016532,-4.1182768037463,-0.61012618907698,2.0066257427068,5,5,5.9862208096577,10.153298837539,1729.4142362393,6.7858568354292,7.0611572348599
91.075000000004,4.2875328460689,-4.1193802261775,-0.61108298707071,2.0944741710695,5,5,5.9876999491246,10.155060460644,1729.9633460032,6.7843788259138,7.0594723074377
91.100000000004,4.2885246907809,-4.1205200004124,-0.61206618005254,1.9314619777089,5,5,5.9892108565471,10.156863100286,1730.512102975,6.782869942418,7.0577504507958
91.125000000004,4.2895147306027,-4.1216214479329,-0.61305289939733,1.595488055469,5,5,5.9906918580627,10.158642701521,1731.0637858296,6.7813898848597,7.0560553631777
91.150000000004,4.2905053895868,-4.1227869407751,-0.61403847562911,1.7094104312994,5,5,5.9922214916097,10.160462355141,1731.6173294278,6.7798633253617,7.054315939776
91.175000000004,4.2915175347838,-4.1239838973328,-0.61507245974737,1.5001637816684,5,5,5.9937890192492,10.162340190612,1732.1674823113,6.7782992084091,7.0525270908216
91.200000000004,4.2925055412932,-4.1251213178779,-0.61606483883927,2.1118835127977,5,5,5.9952956321256,10.164144268942,1732.7161782966,6.7767946880633,7.0508070530322
91.225000000004,4.2935698577093,-4.1263785343653,-0.61714600454568,1.3836543605799,5,5,5.9969428609286,10.166114619676,1733.255061208,6.7751509853698,7.0489287753911
91.250000000004,4.2945590488419,-4.1274924639157,-0.61808383139609,1.6695524952121,5,5,5.998432605249,10.167874976839,1733.8079803821,6.7736625420842,7.0472393284886
91.275000000004,4.2955328199075,-4.1286039801142,-0.61906005906081,1.5750291114796,5,5,5.9999103394429,10.169646055268,1734.356570939,6.7721865472775,7.0455512882167
91.300000000004,4.2965273769974,-4.129765112927,-0.62006763742236,1.4477542650604,5,5,6.001439186464,10.171477062469,1734.9144047151,6.7706604235184,7.04380645715
91.325000000004,4.2975182341734,-4.1309163294739,-0.62106366660538,1.6895794065861,5,5,6.0029580997206,10.173293424661,1735.4661495769,6.7691440041201,7.0420741810449
91.350000000004,4.2985149768231,-4.1320990490849,-0.62205501980872,1.3703640033243,5,5,6.0045048128769,10.175130569936,1736.0110104024,6.7676008371562,7.0403175236207
91.375000000004,4.299518434318,-4.1333061610779,-0.62311180858698,1.457669318044,5,5,6.0060745409769,10.177022883026,1736.5517702951,6.7660354618578,7.0385215260995
91.400000000004,4.3005047210372,-4.1344783796448,-0.6240631835462,1.9398085836095,5,5,6.007606486753,10.178826205563,1737.0983964079,6.7645071154621,7.0367902124057
91.425000000004,4.3014834872491,-4.135584920245,-0.62507545703048,1.4464825756721,5,5,6.0090837867894,10.180617046987,1737.6685514652,6.7630312352333,7.0350925983118
91.450000000004,4.3024844431468,-4.1368430404246,-0.6260700885945,1.6567971219607,5,5,6.010691511609,10.182507568355,1738.2178182703,6.7614309151498,7.0332802571019
91.475000000004,4.3034643417447,-4.13795023266,-0.62703908362178,1.6970543360992,5,5,6.0121700500455,10.184275343022,1738.7672282761,6.759953781599,7.0315934381681
91.500000000004,4.3044803003293,-4.1391860601215,-0.62808498074251,1.5142298222343,5,5,6.013769875461,10.186186714819,1739.3106825259,6.758359076589,7.0297724637604
91.525000000004,4.305451249385,-4.1403817173436,-0.62910552895145,1.5057601015595,5,5,6.0153101151377,10.188034377371,1739.8692074214,6.7568245370906,7.028016352658
91.550000000004,4.3064315886051,-4.1415164702869,-0.63007486196101,1.8427592445688,5,5,6.0168096914875,10.18981996851,1740.4144869259,6.7553272785955,7.0263102152709
91.575000000004,4.3074335873401,-4.142633803011,-0.63105678817917,1.4984382895688,5,5,6.0183105025619,10.191613460349,1740.9563707605,6.7538275006751,7.024598231363
91.600000000004,4.3084620324348,-4.143803224041,-0.63205522395743,1.1846878510291,5,5,6.0198678223294,10.193463357336,1741.504141379,6.7522718864054,7.0228280640915
91.625000000004,4.3094513250756,-4.1450032446157,-0.63308240990548,1.7880755326075,5,5,6.0214230552088,10.195327186803,1742.0587872258,6.750721470082,7.0210550339036
91.650000000004,4.3104252732791,-4.1461613832195,-0.63406044248376,1.6153824979488,5,5,6.0229362835883,10.197128965883,1742.6074853559,6.7492118380777,7.019334767978
91.675000000004,4.3114710502903,-4.1473194943555,-0.63506370873278,1.784186286888,5,5,6.0244966908942,10.198984070766,1743.1557135351,6.747652317816,7.0175596409804
91.700000000004,4.3124169280319,-4.1484653116554,-0.63606188373964,1.5495825437347,5,5,6.0259824842806,10.200774024768,1743.7015667809,6.7461710539248,7.0158612011732
91.725000000004,4.3134212118603,-4.1496673853688,-0.63704729195342,1.550387483577,5,5,6.0275488709571,10.202624591321,1744.2414556052,6.7446087514397,7.0140883845601
91.750000000004,4.3143750859871,-4.1507880371347,-0.63801471956431,1.4550148689499,5,5,6.029020515014,10.204385742199,1744.7846192558,6.7431400323302,7.0124105309576
91.775000000004,4.3153490878555,-4.1519277999015,-0.63900315468275,1.5825115975897,5,5,6.0305197610926,10.206181499083,1745.3332138116,6.7416435849149,7.0107002888363
91.800000000004,4.3163632699283,-4.1530873963495,-0.64000115619248,1.6290857228461,5,5,6.0320602899625,10.208017047015,1745.8748176741,6.7401049551696,7.008946899851
91.825000000004,4.3173114635776,-4.154268705795,-0.64097634238193,1.4822182481856,5,5,6.0335750715318,10.209818588385,1746.4260335476,6.73859656789,7.0072288918673
91.850000000004,4.3182861787258,-4.1554411565711,-0.64198896270273,1.7794709809255,5,5,6.0350997716474,10.211648919054,1746.9690728537,6.7370761233457,7.0054890649422
91.875000000004,4.3192820175695,-4.1565970385055,-0.64296346732115,1.5259699404665,5,5,6.0366254708474,10.213459282912,1747.5143182715,6.7355529155714,7.0037570717023
91.900000000004,4.3202598679848,-4.1577976184947,-0.64400118254821,1.5887371582136,5,5,6.0381738841466,10.215323266989,1748.0561496425,6.7340100687963,7.0019889093843
91.925000000004,4.321261277258,-4.1589711980886,-0.64497943239086,1.4372921277826,5,5,6.0397166445284,10.217150035269,1748.5956902678,6.7324702670432,7.000240012236
91.950000000004,4.3222788883576,-4.1601698872193,-0.64600199931084,1.6161895770612,5,5,6.0412890274277,10.219025676783,1749.1377532803,6.7309011520661,6.9984508243177
91.975000000004,4.323253189784,-4.1613187721534,-0.64698185955764,1.4853192468507,5,5,6.0427954137863,10.220822709327,1749.6821905861,6.7293979486712,6.9967367657857
92.000000000004,4.3242569918828,-4.1625078222391,-0.64799419566003,1.488638948914,5,5,6.0443515174974,10.222679126076,1750.2233291392,6.7278453644428,6.9949663634603
92.025000000004,4.3252367989324,-4.163686131425,-0.64898638293898,2.0136788085156,5,5,6.0458839777391,10.224504741037,1750.7725914437,6.7263171811494,6.9932249872412
92.050000000004,4.326189604778,-4.1648049324453,-0.64994591807612,1.5778100712476,5,5,6.0473535200836,10.226259808666,1751.3116181514,6.7248505523759,6.991551791013
92.075000000004,4.3271568637895,-4.1660015204316,-0.65095033093921,1.3130663121523,5,5,6.0488921600039,10.228097268327,1751.8526708259,6.7233179514358,6.9898029031247
92.100000000004,4.3281469722665,-4.1671921225896,-0.65198153335425,1.482480963712,5,5,6.0504406587267,10.229957705564,1752.3961474796,6.7217737757755,6.9880355997651
92.125000000004,4.3291707869599,-4.1684394361135,-0.65301961990802,1.5240749376817,5,5,6.0520543462905,10.231876458088,1752.9408512482,6.7201654012302,6.9862047070302
92.150000000004,4.3301642597195,-4.169604408304,-0.65401287108332,1.8638139627978,5,5,6.0535854074678,10.233701477602,1753.4849642202,6.7186373181976,6.984463346318
92.175000000004,4.3310978828447,-4.1707434480061,-0.65497399370056,1.3573841157963,5,5,6.0550581815791,10.235460119199,1754.0307414908,6.7171694801124,6.98278875741
92.200000000004,4.3320740525932,-4.1719466641436,-0.65597527999893,1.9129952579179,5,5,6.0566075803178,10.237304898509,1754.570877748,6.7156259324316,6.9810304072532
92.225000000004,4.3330493760971,-4.1730813484611,-0.65696121437366,1.4958526161581,5,5,6.0581038304431,10.239096777698,1755.1181611089,6.7141322443427,6.9793242558716
92.250000000004,4.3340310294981,-4.1742476981989,-0.65795133510285,1.8091684946163,5,5,6.0596283025192,10.240914565961,1755.6604197449,6.7126113928951,6.9775908718351
92.275000000004,4.3349895237994,-4.1754426108733,-0.65894704877359,1.0779259932053,5,5,6.0611601405083,10.242741578096,1756.201483624,6.711086107631,6.9758517373967
92.300000000004,4.3359515947208,-4.1766318136911,-0.65994552755594,1.8171022151704,5,5,6.0626897756935,10.244568253677,1756.7430044553,6.7095624438173,6.9741134506021
92.325000000004,4.3369800386192,-4.1778447787584,-0.66101394068408,1.6629604971752,5,5,6.0642800527469,10.246484105372,1757.2996232198,6.7079755618207,6.9722953112782
92.350000000004,4.3379458264229,-4.1790848763799,-0.66198657299578,1.8542040203052,5,5,6.0658518632294,10.248332510579,1757.8538258045,6.7064127330874,6.9705264798828
92.375000000004,4.3389103700209,-4.1802599778078,-0.66300275948758,1.6410651470296,5,5,6.0673721289029,10.250161128282,1758.400687535,6.7048974951314,6.9687916019768
92.400000000004,4.3398565246199,-4.1814974948492,-0.6640123525983,1.6541607241339,5,5,6.0689299019779,10.252017451315,1758.938847289,6.7033501775808,6.9670277010643
92.425000000004,4.3408274384933,-4.1826781341491,-0.66498273849417,1.9281729809653,5,5,6.0704584905117,10.253828040084,1759.4735575828,6.7018265358858,6.9652973052174
92.450000000004,4.341747460102,-4.1838063709271,-0.66595879533457,1.6302440902398,5,5,6.071914292005,10.255580765089,1760.0097911836,6.7003759445414,6.9636356920762
92.475000000004,4.3427067094026,-4.1849581980953,-0.66691713750396,1.685575928274,5,5,6.0734132466561,10.257359889807,1760.5391602671,6.6988811266311,6.9619363894371
92.500000000004,4.3436960538924,-4.186142512894,-0.66792010619707,1.3507819139045,5,5,6.0749564265102,10.25920036536,1761.0714918141,6.6973420358157,6.9601823758429
92.525000000004,4.3446893473538,-4.187410583263,-0.66897676181755,1.5752235744677,5,5,6.0765672133866,10.261126801308,1761.6023735866,6.6957400014285,6.9583532269252
92.550000000004,4.3456399129334,-4.1886486869576,-0.66997789560182,2.0021428572839,5,5,6.0781281348066,10.262981186525,1762.1349478908,6.6941892173432,6.9565885487766
92.575000000004,4.3465861712144,-4.1897870989338,-0.67093700823623,1.8582986550311,5,5,6.0796084680671,10.26474506963,1762.6666184101,6.6927130833106,6.9549071777709
92.600000000004,4.3475396510721,-4.1909335281062,-0.67191191371493,1.5964707642974,5,5,6.081099582981,10.266526603906,1763.1983637486,6.6912261678589,6.953211176373
92.625000000004,4.3485265989049,-4.1921112748025,-0.67291858823223,1.4609813115178,5,5,6.0826361874536,10.268363597888,1763.7337964354,6.6896934754125,6.9514625267562
92.650000000004,4.3494964118188,-4.1933666958991,-0.67395746209777,1.5991980634973,5,5,6.0842225730365,10.270259877964,1764.263841557,6.6881168757565,6.9496629157485
92.675000000004,4.3504932332363,-4.1946219384644,-0.6750050513142,1.7070604656702,5,5,6.0858254725456,10.272174748717,1764.8012270609,6.6865216285053,6.9478430377119
92.700000000004,4.3514423250447,-4.1957643887671,-0.67594243098263,1.7160967874431,5,5,6.0873107226777,10.273931065488,1765.3377161616,6.6850406330571,6.9461630975453
92.725000000004,4.3524105438401,-4.1969105254182,-0.67693825629298,1.5635288470336,5,5,6.0888110815877,10.275731827801,1765.8697536164,6.6835436898285,6.9444519746535
92.750000000004,4.3533637648965,-4.1980907643343,-0.67793043043844,1.732581086608,5,5,6.0903281822044,10.277544561597,1766.4054324999,6.6820326704491,6.9427283391615
92.775000000004,4.3542738208738,-4.1992370099722,-0.67889143616722,1.5764839052083,5,5,6.0917917671675,10.279295450787,1766.9397409162,6.6805760992477,6.9410656097994
92.800000000004,4.3552219039954,-4.2004268265006,-0.67985994776557,1.4476711072811,5,5,6.0933131234627,10.281098930671,1767.4841042878,6.6790617760955,6.9393452986511
92.825000000004,4.356221892106,-4.2016939920374,-0.68093097858707,2.0071260081664,5,5,6.0949273368064,10.283036143034,1768.0288559669,6.6774557775702,6.9375089811972
92.850000000004,4.3572040062618,-4.2028630884379,-0.68190079896052,1.827557598295,5,5,6.0964542076616,10.284844978617,1768.5648540326,6.6759326829847,6.935779956263
92.875000000004,4.3581823678197,-4.2040691245615,-0.68290350833751,1.8694324523251,5,5,6.0980071772265,10.286693529553,1769.0925851003,6.6743856565533,6.934019019008
92.900000000004,4.3591190074485,-4.2052387271233,-0.68386604136087,1.8750627387154,5,5,6.0995055977105,10.288474465758,1769.6311978659,6.672893828835,6.9323221458123
92.925000000004,4.3600688364296,-4.2064991521413,-0.68492350942907,1.3778698386712,5,5,6.1010838392381,10.290374224963,1770.1782522974,6.6713275726121,6.9305279463308
92.950000000004,4.3610520189327,-4.2076937423947,-0.68588670525326,2.2366621191394,5,5,6.1026309958907,10.292196706761,1770.73699262,6.6697854266634,6.9287825403347
92.975000000004,4.3619806217922,-4.2088455577862,-0.68688266688126,2.102277605373,5,5,6.1041105167479,10.293980220577,1771.3063055359,6.6683119784378,6.9270944306957
93.000000000004,4.3629511134142,-4.2100588896317,-0.68786894157958,1.7421214399412,5,5,6.1056642310574,10.29582053738,1771.8587720974,6.6667651989089,6.9253383952051
93.025000000004,4.3639354525175,-4.2112813336198,-0.68888215209463,1.9276195259411,5,5,6.1072337191187,10.297688661659,1772.4016163256,6.6652022440555,6.9235595390675
93.050000000004,4.3648694820801,-4.2124853896827,-0.68984854758518,2.0732125339004,5,5,6.1087575833601,10.299493123482,1772.9553288252,6.6636874973362,6.9218398031432
93.075000000004,4.3658274999576,-4.2137210744352,-0.69086845154359,1.9869322806553,5,5,6.1103211418212,10.301359917296,1773.494570363,6.6621333455174,6.9200676971289
93.100000000004,4.3667607713539,-4.214921230414,-0.69185698292373,2.3909602324239,5,5,6.1118414608248,10.303173357166,1774.0370052022,6.6606219365017,6.9183452703665
93.125000000004,4.3676952927496,-4.2160735305111,-0.69281273608795,2.0471775843216,5,5,6.1133250799649,10.304938177232,1774.589635823,6.6591440415635,6.9166640133583
93.150000000004,4.3686238402493,-4.2172917225024,-0.69379573972874,2.0924559987092,5,5,6.1148568084613,10.306758201502,1775.1385787299,6.657622969255,6.914933860279
93.175000000004,4.3695615767126,-4.218542600143,-0.69480731431293,1.9481121214771,5,5,6.1164201524882,10.308620277678,1775.6801486016,6.6560720292454,6.9131672724742
93.200000000004,4.3705188327899,-4.2197354223773,-0.69579082510681,1.9641559956758,5,5,6.1179495850889,10.310438644407,1776.2297930634,6.6545492191153,6.9114353936121
93.225000000004,4.3714952917621,-4.2209587630326,-0.69681144333089,1.932804519481,5,5,6.1195148436884,10.312307252457,1776.7766855998,6.6529911302222,6.9096595680411
93.250000000004,4.3724589847234,-4.2221441040821,-0.69779666281956,1.4970576168659,5,5,6.1210425012179,10.314125051942,1777.3318009963,6.6514692219256,6.9079281813603
93.275000000004,4.3733748375488,-4.2232933778908,-0.69875943124532,2.0427985547437,5,5,6.1225120646514,10.315881907009,1777.8735607174,6.6500065073297,6.9062598928653
93.300000000004,4.3742690080739,-4.2244374393321,-0.6997023776537,1.9446534061787,5,5,6.1239641037381,10.317613254877,1778.4135708049,6.6485626251483,6.9046151274362
93.325000000004,4.3752479744932,-4.2256658714685,-0.70071572181219,1.2653270107699,5,5,6.125534906324,10.319482556123,1778.9519192533,6.6469991476071,6.9028362499624
93.350000000004,4.376219736555,-4.2268870027667,-0.70172231706124,1.3703640022669,5,5,6.1270955097817,10.32133962832,1779.5009084152,6.6454459300322,6.9010691167196
93.375000000004,4.3771516292166,-4.2281080424906,-0.70271755438813,1.7482574281227,5,5,6.1286315312465,10.323169890399,1780.0407142679,6.6439205228086,6.8993318699834
93.400000000004,4.3781740193334,-4.229347892116,-0.70375869491873,1.5772640448643,5,5,6.1302385498041,10.325084696459,1780.5830759566,6.6423186411089,6.8975086509326
93.425000000004,4.3790862739427,-4.2305165633413,-0.70470357246422,1.9679578138351,5,5,6.1317211154535,10.32684276201,1781.1328520537,6.6408445182994,6.8958344488217
93.450000000004,4.3799953910921,-4.2316764893415,-0.70567146989663,1.9031015861055,5,5,6.1331948597724,10.328605926142,1781.6749297039,6.639378863164,6.8941622392339
93.475000000004,4.3809173616333,-4.2328629147939,-0.70667682263698,2.0984931077384,5,5,6.134697402628,10.330413789291,1782.2117710497,6.6378852362185,6.8924530473217
93.500000000004,4.3818674824814,-4.2341512130399,-0.70766452540348,1.890345832387,5,5,6.13629816557,10.332294746163,1782.7544256477,6.6362988637894,6.8906593311255
93.525000000004,4.3827942918183,-4.2353090398768,-0.70862681896652,1.7937750116231,5,5,6.1377812496982,10.334062667946,1783.2908370925,6.6348224163986,6.8889783624705
93.550000000004,4.3837846706603,-4.2365529907909,-0.70966712908768,1.3339804645159,5,5,6.1393713013098,10.335962801961,1783.8315708929,6.6332398853331,6.8871742725749
93.575000000004,4.3846918897235,-4.2377405920313,-0.71059071101357,1.3167892569769,5,5,6.1408657721642,10.337719630555,1784.3741135888,6.6317556967647,6.8854963451717
93.600000000004,4.3856095110455,-4.2389177421461,-0.71156089897237,1.6216944504199,5,5,6.1423583241008,10.339499792334,1784.9155368746,6.6302717780348,6.8838061803035
93.625000000004,4.386524782807,-4.2401005641415,-0.71253343927457,1.6064770262523,5,5,6.1438539143756,10.34128378362,1785.4695263192,6.6287854256372,6.88211308064
93.650000000004,4.3874288300071,-4.2413024641944,-0.7134852359132,1.4274873722665,5,5,6.145357864201,10.343063609994,1786.0060415765,6.6272931907025,6.8804199315649
93.675000000004,4.3883479729708,-4.2426016040009,-0.71449751792188,1.4344617404789,5,5,6.1469492749036,10.344949691352,1786.5419192284,6.6257206337619,6.8786332016797
93.700000000004,4.3892883976268,-4.2438256721001,-0.7154735844977,2.0737906393383,5,5,6.1484928879527,10.346776012026,1787.0828772951,6.6241871741092,6.8768939040486
93.725000000004,4.390201191719,-4.24501917013,-0.71643164597355,1.4281320949155,5,5,6.1499954293338,10.34855800877,1787.6195943049,6.6226949005115,6.8751991552144
93.750000000004,4.3911546745522,-4.246244273609,-0.71741896322966,1.7882176605519,5,5,6.1515478493953,10.350397792293,1788.1566065943,6.6211516173622,6.8734474551608
93.775000000004,4.3920542062448,-4.2474077378897,-0.71836176655196,1.5271059160199,5,5,6.1530184976873,10.352144699418,1788.7007629263,6.6196901474356,6.8717865553063
93.800000000004,4.3929620907134,-4.248613080587,-0.71932970657527,1.6969679248078,5,5,6.1545275057145,10.353937466306,1789.2457555737,6.6181928013297,6.8700843891888
93.825000000004,4.3939257795334,-4.2498572089407,-0.72034148417667,1.4855839195099,5,5,6.1561012120092,10.355808360588,1789.7898778232,6.6166287684818,6.8683062626339
93.850000000004,4.3948350482863,-4.2510545922374,-0.72129082788996,1.6802054014519,5,5,6.1576047067463,10.357586491604,1790.3299873875,6.6151361829067,6.8666137532154
93.875000000004,4.3957281162311,-4.2522295784108,-0.72224931676031,1.5479035530823,5,5,6.1590805667876,10.359346282437,1790.8774158441,6.6136709591408,6.8649451909958
93.900000000004,4.3966310361593,-4.2534127307185,-0.72319360908879,1.3272557219212,5,5,6.1605688926189,10.361108894641,1791.4182847142,6.6121930191244,6.8632682234518
93.925000000004,4.397575538383,-4.2545825328962,-0.7241622085663,2.3739079216912,5,5,6.1620723957235,10.362897387452,1791.9693946851,6.6106957169412,6.8615661274522
93.950000000004,4.3985567066843,-4.2557715745761,-0.72516105136243,1.4442934957626,5,5,6.1636139894936,10.364734286546,1792.5182491943,6.6091590792021,6.8598180736891
93.975000000004,4.3994968405966,-4.2569506963854,-0.72611395617548,1.825411227114,5,5,6.1651220279593,10.366518160868,1793.0708574336,6.6076581340291,6.8581167544203
94.000000000004,4.40046737871,-4.2581543511846,-0.72709150640373,1.5763633497718,5,5,6.1666682262342,10.368347459519,1793.613861579,6.6061184133726,6.8563715160604
94.025000000004,4.4014490007451,-4.2593480755242,-0.72809535139756,1.5441227792394,5,5,6.1682137227948,10.370190355173,1794.1498129522,6.6045781062672,6.8546187163017
94.050000000004,4.4024604731146,-4.2605298090847,-0.72909129134297,1.2174592316771,5,5,6.1697692196808,10.372037370857,1794.6885054639,6.6030256240491,6.8528563452268
94.075000000004,4.4033901860311,-4.26168896839,-0.73007714525242,1.3811958830343,5,5,6.1712551592496,10.373820605091,1795.2501349854,6.6015462744839,6.8511671831982
94.100000000004,4.4043706467746,-4.2628699207948,-0.73100751763899,1.5908883342217,5,5,6.1727900702737,10.375615471278,1795.7989297329,6.6000159499457,6.8494437830372
94.125000000004,4.4053261688647,-4.2640256694706,-0.73204465675847,1.61545055982,5,5,6.1742896627071,10.377438774604,1796.3415235992,6.59852108233,6.8477260422284
94.150000000004,4.4063033980776,-4.2651988394172,-0.73295472609615,1.3585059091153,5,5,6.1758165237545,10.379216281526,1796.8954611587,6.5969985979057,6.8460157004201
94.175000000004,4.4073351960543,-4.2664257680023,-0.73398058730784,1.3717551244958,5,5,6.177419633488,10.381119529288,1797.4443545577,6.5953995338595,6.844200657741
94.200000000004,4.4083029130117,-4.2676020596898,-0.7349533255099,1.4734983245141,5,5,6.1789428334893,10.382926836084,1797.9902637895,6.5938814369163,6.8424778756835
94.225000000004,4.4093112465814,-4.2687795543296,-0.73594915322501,1.4420816216389,5,5,6.1804930690244,10.384769362353,1798.5433668985,6.5923341948277,6.8407208826299
94.250000000004,4.410296297174,-4.2700093754039,-0.73692354546245,0.9610915084185,5,5,6.1820687544451,10.386621988807,1799.0926923515,6.5907656147447,6.838949091751
94.275000000004,4.4112696805161,-4.2711191175312,-0.73787828822131,1.5599497393137,5,5,6.1835448989907,10.388379980973,1799.6430820282,6.5892913386441,6.837273468086
94.300000000004,4.4122735709462,-4.2722848251768,-0.73887843145964,1.3449672698142,5,5,6.1850832976097,10.390214907894,1800.1953173002,6.5877556544009,6.8355265899284
94.325000000004,4.413255895636,-4.2735173386383,-0.73985137001986,1.3236942172103,5,5,6.1866593849261,10.392067112168,1800.75338805,6.5861870476832,6.8337552829875
94.350000000004,4.4142250397568,-4.2746540046442,-0.74080115049032,1.5584796817119,5,5,6.1881531218292,10.393837234446,1801.3084256225,6.5846964061997,6.8320653329971
94.375000000004,4.4152372035565,-4.2758134632809,-0.7417966580483,0.94761889525177,5,5,6.1896922189307,10.395670225222,1801.8624239499,6.5831594491832,6.8303185929549
94.400000000004,4.4162662167587,-4.277054165715,-0.74282090138022,1.1306053499537,5,5,6.1913041155466,10.397580011886,1802.4083353221,6.5815524573779,6.828496737143
94.425000000004,4.4172504298279,-4.2781977468645,-0.7437887365629,1.7130082803488,5,5,6.1928129075174,10.39937254031,1802.967700157,6.5800463631062,6.8267872060928
94.450000000004,4.4182487699677,-4.2793137644735,-0.74473216708373,1.0780701576929,5,5,6.194310298027,10.401142353715,1803.5283307343,6.5785502102053,6.8250937988002
94.475000000004,4.4192532689208,-4.2804901958742,-0.74572399852044,1.2135119623269,5,5,6.1958572333802,10.402979944144,1804.0866246339,6.5770064167167,6.8233416212165
94.500000000004,4.4202548053375,-4.2817075459509,-0.7467233889805,1.0732424720181,5,5,6.1974336268601,10.404846437566,1804.6492058171,6.5754353262709,6.8215611629211
94.525000000004,4.4212948826845,-4.2828838353196,-0.74773061708117,1.3935649455048,5,5,6.1990037916816,10.406711893546,1805.2065710693,6.5738668576736,6.8197811897677
94.550000000004,4.4223093047547,-4.2840751649281,-0.74872157345537,1.0806849910919,5,5,6.2005685019974,10.408564003939,1805.7627704483,6.5723054669867,6.8180124132869
94.575000000004,4.4233165564051,-4.2852223523599,-0.74970359398782,0.9279340967024,5,5,6.2020951306002,10.410379206192,1806.323028725,6.5707807458142,6.816281404952
94.600000000004,4.424289783559,-4.2864227210411,-0.75066697719122,1.2228509565511,5,5,6.2036404642419,10.412200239761,1806.8846038877,6.5692415657791,6.8145414566215
94.625000000004,4.4253183386643,-4.2875888323211,-0.75167085367517,1.2015780111543,5,5,6.2051953729601,10.414051052857,1807.4437408777,6.5676884301728,6.812777330708
94.650000000004,4.4263573887576,-4.2887604628819,-0.75266695714872,1.1903617228943,5,5,6.2067613688948,10.415907006897,1808.0094313993,6.5661240249844,6.8110044511408
94.675000000004,4.4273641905456,-4.2899627166431,-0.7536735724685,1.4187242322726,5,5,6.2083295091776,10.417770428038,1808.5776893986,6.5645601114253,6.8092292965412
94.700000000004,4.4283373179972,-4.2911182505352,-0.75461651712127,0.9924224214373,5,5,6.2098402161687,10.419551264985,1809.1434687582,6.5630531773299,6.8075260301068
94.725000000004,4.4293367946123,-4.2922107838132,-0.75558594320448,1.3239155916704,5,5,6.2113209533053,10.421321115091,1809.7013477484,6.5615730919597,6.805841655729
94.750000000004,4.4303482141551,-4.2933607107393,-0.75656187705108,0.80764897017761,5,5,6.2128523910045,10.423137085437,1810.2567906761,6.5600435092374,6.8041078752201
94.775000000004,4.4313695853185,-4.2946423891044,-0.75759442986489,1.0781287017859,5,5,6.2144912621053,10.425074109908,1810.8099759689,6.5584124689109,6.8022612922624
94.800000000004,4.4324086965087,-4.2958048715276,-0.75858448025122,1.1323566966133,5,5,6.2160504662132,10.426921085061,1811.372890873,6.5568545906153,6.8004965714862
94.825000000004,4.4334436895948,-4.2969621207313,-0.75956610810399,1.0429355062206,5,5,6.2176030242339,10.428757938253,1811.9449170993,6.5553033362262,6.7987405141697
94.850000000004,4.434477857667,-4.2981170957798,-0.76056264511357,1.2180705300409,5,5,6.2191533374165,10.430600913287,1812.5109181723,6.5537542887365,6.7969826741508
94.875000000004,4.4354973320128,-4.2992701051548,-0.76154446833246,1.4508085734851,5,5,6.2206924145948,10.432426491386,1813.0776044707,6.552216888226,6.7952400089032
94.900000000004,4.4364986283571,-4.3003974114872,-0.76249346693441,0.80432042299162,5,5,6.222200199041,10.434208067172,1813.6438374095,6.5507105919085,6.7935360763926
94.925000000004,4.4375717440629,-4.3015741099839,-0.76351760622563,0.95309764342081,5,5,6.2237927431283,10.4361014921,1814.2018160697,6.5491188288614,6.7917298650934
94.950000000004,4.43859434942,-4.302724639631,-0.76450773963359,0.63261242407925,5,5,6.22533204173,10.437931739174,1814.7718902508,6.5475810281564,6.7899847419957
94.975000000004,4.4395975223477,-4.3038910425105,-0.76551815912419,0.98958460764192,5,5,6.2268704992693,10.439772336671,1815.334710439,6.5460453786076,6.7882363670509
95.000000000004,4.4406422789299,-4.3050218556958,-0.76644949063956,1.1037743714462,5,5,6.2284100624463,10.441571679097,1815.9149944068,6.5445062918585,6.7865056561563
95.025000000004,4.4417219295094,-4.3061594027499,-0.76745208731587,0.86587958254081,5,5,6.229978392346,10.443433092208,1816.4844281516,6.5429380648382,6.784728023063
95.050000000004,4.4427410533445,-4.3073340483833,-0.7684520405617,1.3246353980235,5,5,6.2315335147705,10.445281960037,1817.0593498644,6.5413853915157,6.7829661338119
95.075000000004,4.4437611195009,-4.3084817058184,-0.7694649819157,0.82466471928677,5,5,6.2330689797007,10.447121444405,1817.6229448727,6.5398514234509,6.7812188948308
95.100000000004,4.444780187359,-4.3096481115312,-0.77039813458007,1.0651572022261,5,5,6.234617850769,10.448929696456,1818.1929296732,6.5383047022252,6.7794804965105
95.125000000005,4.4458324785872,-4.3108018352985,-0.77140899227093,0.84576753249492,5,5,6.2361793869871,10.450789865436,1818.746235627,6.5367439326419,6.7777080490393
95.150000000005,4.4468404647876,-4.3119477904447,-0.77238577189933,0.93160409174949,5,5,6.2377055748448,10.45260186649,1819.3081650987,6.5352196040081,6.7759797976953
95.175000000005,4.4478706978848,-4.3131344702786,-0.77339059915832,0.85460047438804,5,5,6.239277067531,10.454467145847,1819.8730665605,6.5336505628069,6.7742010565301
95.200000000005,4.4489074524686,-4.3142714210421,-0.77439548164794,1.1149493224714,5,5,6.240815741345,10.45630489064,1820.4634313921,6.5321126514978,6.7724523713629
95.225000000005,4.4499495449788,-4.3154034586139,-0.77535040711701,1.2081023738643,5,5,6.2423543985075,10.458115787798,1821.0394845486,6.5305745458424,6.770716732308
95.250000000005,4.4509735680322,-4.3165807737119,-0.77633813119415,0.86881818319775,5,5,6.2439147491264,10.459962485636,1821.6026669121,6.529016551358,6.7689532933882
95.275000000005,4.4520226765345,-4.3177431512928,-0.77732756220847,0.98339374248169,5,5,6.2454805557205,10.461814707011,1822.1619059919,6.5274517946915,6.7671829248629
95.300000000005,4.4530525382275,-4.3189092168321,-0.77832494293833,0.92340189250486,5,5,6.2470362947567,10.463662703837,1822.7224508265,6.5258978033968,6.7654208873119
95.325000000005,4.4540947961722,-4.3200317585837,-0.77930287993076,1.0094204393371,5,5,6.2485680916125,10.465480054208,1823.2842207761,6.5243663955095,6.7636858056049
95.350000000005,4.4551158382173,-4.3211896585882,-0.78031453615692,0.44852700500279,5,5,6.2501118724512,10.467325781056,1823.8455432289,6.5228244077949,6.7619316736506
95.375000000005,4.4561548452719,-4.3223871306796,-0.78131620871788,1.2412668455504,5,5,6.2516972667457,10.469201100492,1824.4125429909,6.5212415187124,6.7601407643349
95.400000000005,4.4571754044791,-4.3235053695674,-0.78225445940719,1.0726535571017,5,5,6.2532112017858,10.470982199496,1824.9818728607,6.5197283175095,6.7584338328246
95.425000000005,4.4582274074595,-4.3246637794723,-0.78325948453156,0.78253586090431,5,5,6.2547760096905,10.472841957351,1825.5472132205,6.5181643932422,6.7566604218095
95.450000000005,4.4592824081271,-4.3258211126531,-0.78425771291881,0.96101731618941,5,5,6.2563420385856,10.474699080506,1826.1101698005,6.5165991529373,6.7548875765545
95.475000000005,4.4602926157028,-4.3269527316652,-0.78522721415224,0.84129666452689,5,5,6.257858970006,10.476499362033,1826.6735692737,6.5150835686992,6.7531702422881
95.500000000005,4.4613579930701,-4.3281063239813,-0.78622368936133,0.76334845790519,5,5,6.2594292579308,10.478359138097,1827.2304635244,6.5135137819069,6.7513935607271
95.525000000005,4.4623961515349,-4.329334566376,-0.7872517564001,0.91707395212798,5,5,6.2610374719645,10.480267874385,1827.7868862194,6.5119094187846,6.7495752552826
95.550000000005,4.4634177276205,-4.3304512676776,-0.78820922454505,1.2170017272197,5,5,6.2625509578401,10.482058791676,1828.3544900385,6.5103966144622,6.7478638987419
95.575000000005,4.4644937444774,-4.3316406883691,-0.7892301804474,0.76787882504954,5,5,6.2641548698881,10.483960076718,1828.9132416002,6.5087937174545,6.7460489697184
95.600000000005,4.465519868467,-4.3327625118389,-0.79021437761369,1.1662791155842,5,5,6.2656752048313,10.485771170974,1829.4728456916,6.5072740709274,6.7443240721494
95.625000000005,4.4665410108713,-4.3338433587115,-0.79116483741108,0.94834398819463,5,5,6.2671621351497,10.487535919,1830.037415927,6.5057872857289,6.7426397898636
95.650000000005,4.467557827193,-4.3350218702506,-0.79216014182332,0.71902962428621,5,5,6.2687186713298,10.48938346758,1830.5932735925,6.5042334675871,6.7408790909734
95.675000000005,4.4685877620121,-4.3361667097099,-0.79312787163728,0.66310477824197,5,5,6.2702586138998,10.491202237524,1831.1576700931,6.5026946591552,6.7391401604755
95.700000000005,4.4696183785689,-4.3372995781389,-0.79408937078687,1.111541061358,5,5,6.271790136464,10.493010563264,1831.7133533738,6.5011639619244,6.7374107338788
95.725000000005,4.4706506119797,-4.3384117442676,-0.79505234459663,0.90308835718684,5,5,6.2733075089668,10.494807710411,1832.275932101,6.4996469861634,6.7356942019868
95.750000000005,4.4716832566291,-4.3395753218892,-0.79607029621474,0.63826132342362,5,5,6.2748632299744,10.496666875103,1832.8284733153,6.4980928516479,6.7339274321117
95.775000000005,4.4727473124742,-4.3407712017075,-0.79709265979269,0.84850000513682,5,5,6.2764639621135,10.498566235697,1833.3950134578,6.4964936613183,6.7321160753595
95.800000000005,4.4738049428335,-4.3419376454881,-0.79808137457706,0.94910809076903,5,5,6.2780385011159,10.50042546403,1833.9588190092,6.4949200606351,6.7303382826497
95.825000000005,4.4748543473518,-4.343103645352,-0.79907218911931,0.86719074483081,5,5,6.2796071966013,10.502280866677,1834.52300378,6.4933525112699,6.7285658229662
95.850000000005,4.4758921709374,-4.3441947599068,-0.8000705627964,0.92910334259073,5,5,6.2811130547508,10.504087620331,1835.0780280097,6.491846739,6.7268510457553
95.875000000005,4.4769254758269,-4.3453746163453,-0.80104630334811,0.91320001019891,5,5,6.2826814233969,10.505934739665,1835.6411877519,6.4902804726288,6.7250838630015
95.900000000005,4.4779623888127,-4.3464995366244,-0.80202120705317,1.2982414733821,5,5,6.2842113365234,10.507748870699,1836.2094535466,6.4887510908979,6.7233525389738
95.925000000005,4.4789848920822,-4.3475900370721,-0.80296758230848,0.8170963745934,5,5,6.285706229216,10.509518144643,1836.7725833225,6.4872564362118,6.721662242617
95.950000000005,4.4800394587966,-4.3487828423931,-0.8040018942608,1.0885590528633,5,5,6.2872983647282,10.511416748526,1837.330695028,6.4856660676643,6.7198565953976
95.975000000005,4.4810872543625,-4.3499425519111,-0.8049766361901,1.504431656157,5,5,6.2888613112128,10.513258737544,1837.8985389939,6.4841041534828,6.7180940465923
96.000000000005,4.4821470870587,-4.3511191690771,-0.80594360306777,1.8729339410496,5,5,6.2904448746941,10.515114188497,1838.4523119888,6.4825217256169,6.7163137738674
96.025000000005,4.4831977247917,-4.3522520326411,-0.80693780705144,1.559983883289,5,5,6.2919899376381,10.516951485714,1839.0036603825,6.4809770838521,6.7145628911769
96.050000000005,4.4842606825309,-4.3533842539353,-0.8078802090415,1.6068352983557,5,5,6.2935429360973,10.518768055483,1839.5625612365,6.4794243166281,6.7128177521592
96.075000000005,4.4852997164547,-4.3544567844397,-0.80881907416142,1.3444510608612,5,5,6.2950362254791,10.520531966164,1840.1201130501,6.4779310291082,6.7111309880834
96.100000000005,4.4863647334567,-4.3555493918722,-0.80979808078543,1.1645623993016,5,5,6.2965620210801,10.522344838522,1840.6843412347,6.4764052352152,6.7094023993983
96.125000000005,4.4874004660898,-4.3566340355301,-0.81073854980952,1.1869763521533,5,5,6.2980617523733,10.524115057699,1841.2422349549,6.4749055617394,6.7077091338232
96.150000000005,4.4884365667044,-4.3577376750117,-0.81165977365541,0.92251792404623,5,5,6.2995755306228,10.525887112429,1841.7997414674,6.4733920093454,6.7060075353111
96.175000000005,4.4894995141131,-4.3588484864436,-0.81261971831125,0.93892012694755,5,5,6.301112982811,10.527699639111,1842.3523151778,6.4718546032009,6.7042728393336
96.200000000005,4.4905648183585,-4.3600216785641,-0.8136065981873,0.43294631676037,5,5,6.3026976761211,10.52956650407,1842.9061215425,6.4702708197433,6.7024863853988
96.225000000005,4.4916382185618,-4.3611232519308,-0.81456877394969,1.172781387635,5,5,6.3042357437004,10.531380735058,1843.47538459,6.4687327534928,6.7007505536078
96.250000000005,4.4926904259922,-4.3622267810867,-0.81550994161887,0.93507796593729,5,5,6.3057605115761,10.533172581495,1844.0378707954,6.4672080549501,6.6990331472524
96.275000000005,4.4937342545842,-4.3633198968502,-0.81644624963504,0.58622684469878,5,5,6.3072719612782,10.534950544629,1844.604565987,6.465696663721,6.6973298939538
96.300000000005,4.494798350062,-4.3644317161234,-0.81740181634861,1.0261883250019,5,5,6.3088109353787,10.536762049259,1845.1658165176,6.4641577348551,6.6955950739746
96.325000000005,4.4958875428214,-4.3655479968432,-0.81837647808363,0.87339052123913,5,5,6.3103705582538,10.5386011765,1845.7174269282,6.4625981150367,6.6938353428281
96.350000000005,4.496961055553,-4.3667140341681,-0.81938013960235,0.64122145384468,5,5,6.3119555101862,10.540477185315,1846.2691416345,6.46101374216,6.6920442017172
96.375000000005,4.4980365188358,-4.3678540939887,-0.82032536510964,1.0644905681523,5,5,6.3135227873369,10.542307433639,1846.831444545,6.4594466388626,6.690284998045
96.400000000005,4.4990906777459,-4.3689231456928,-0.82126036110166,0.9264095297985,5,5,6.3150241608925,10.544076145051,1847.3954080017,6.4579453046348,6.6885919967045
96.425000000005,4.5001422653524,-4.370009221168,-0.82220260457387,0.75398525451955,5,5,6.3165359136608,10.545857498242,1847.9618603478,6.4564335545359,6.6868870913504
96.450000000005,4.5012418640104,-4.3711535589982,-0.82320150468843,0.82744386609875,5,5,6.3181229317067,10.547732712288,1848.5236183696,6.4548465621196,6.68509483357
96.475000000005,4.5023108513056,-4.372339300418,-0.82417490739038,1.124909526345,5,5,6.3197194017353,10.549602532967,1849.0865987404,6.4532512138254,6.6833011851796
96.500000000005,4.5033679112005,-4.3734634347247,-0.82513575411231,1.1273625639968,5,5,6.3212624680205,10.551420300825,1849.6516362152,6.4517083576252,6.6815615293344
96.525000000005,4.504431297165,-4.3745924664897,-0.82611612533144,0.63239755505196,5,5,6.3228134362458,10.553255138737,1850.2095095701,6.4501575804753,6.6798091908016
96.550000000005,4.5054832739358,-4.3757228849215,-0.82706672903285,1.032169979137,5,5,6.3243576191875,10.555068463957,1850.768354746,6.4486137609497,6.6780713510708
96.575000000005,4.5065749234324,-4.3769326476739,-0.82808102443573,0.69652266133251,5,5,6.3259871051618,10.556987843988,1851.3222821741,6.4469853934122,6.6762353591622
96.600000000005,4.5076383317507,-4.3780511984063,-0.82903346597398,1.1361044821882,5,5,6.3275304758212,10.558801442035,1851.8899586926,6.4454421169466,6.6744976495771
96.625000000005,4.5086890219107,-4.3792647732806,-0.83003369841697,1.0826113080303,5,5,6.3291356903825,10.560692785137,1852.447336261,6.4438395648364,6.6726903287716
96.650000000005,4.5097515740662,-4.3803506481106,-0.83098541354788,0.97285727970925,5,5,6.3306549471843,10.562485521291,1853.0081634124,6.4423203165485,6.6709760954371
96.675000000005,4.5108290171368,-4.3814631948124,-0.83194096170139,1.0477372856291,5,5,6.332203702728,10.564305333372,1853.5692387591,6.4407715635825,6.6692324147543
96.700000000005,4.5118802708577,-4.3826057524167,-0.83290670501622,0.63984491056882,5,5,6.3337563045007,10.566133784196,1854.1288073807,6.4392195443805,6.667482975512
96.725000000005,4.5129496866994,-4.3837261134091,-0.83387894012229,0.84131127738026,5,5,6.3353051295379,10.567962472276,1854.686912692,6.4376707829861,6.6657350411549
96.750000000005,4.514015502996,-4.3848549066088,-0.83485867630642,1.0001358291751,5,5,6.3368575916037,10.569798234095,1855.2418439781,6.4361184840254,6.6639817887485
96.775000000005,4.5150934353563,-4.3860262848379,-0.83582678457561,1.0538373446724,5,5,6.3384494663252,10.571661376267,1855.797715191,6.4345272039048,6.66219394543
96.800000000005,4.5161431117856,-4.3871516164485,-0.83678850832119,0.82467657081903,5,5,6.339988359382,10.573476067536,1856.363201524,6.4329886369884,6.6604587103225
96.825000000005,4.5172176920607,-4.3882572472535,-0.83772884842549,1.0114053279653,5,5,6.341530157762,10.575281997146,1856.9187982132,6.4314468386113,6.6587259353747
96.850000000005,4.5182942149184,-4.3893733208878,-0.83869439568565,1.0666102745737,5,5,6.343080809825,10.577108689055,1857.473185772,6.4298961980871,6.6569781311159
96.875000000005,4.5193532237951,-4.3905136468771,-0.83966798023627,0.46626960760389,5,5,6.3446370370458,10.578944366053,1858.0310142638,6.42834037468,6.6552232823184
96.900000000005,4.5204775863138,-4.3917088194338,-0.8406857651566,1.1282787255203,5,5,6.3462779601134,10.580875302266,1858.5823241395,6.4266996708731,6.6533750492464
96.925000000005,4.5215295861501,-4.3928361180191,-0.84165949428282,0.86055423250648,5,5,6.3478198763743,10.582698939885,1859.1328248661,6.4251580745658,6.6516339943061
96.950000000005,4.5225906263331,-4.3940172701757,-0.84261819416832,1.1021687048213,5,5,6.3494076190131,10.584553672253,1859.689391886,6.4235715615879,6.6498534824623
96.975000000005,4.5236481834289,-4.3950880764251,-0.84355124533601,1.1939178387408,5,5,6.3509126283269,10.586324445394,1860.2429960685,6.4220665995925,6.6481584202535
97.000000000005,4.5247229115038,-4.3962032406408,-0.84453947171195,1.0740379496192,5,5,6.3524613799735,10.588161623402,1860.7935251176,6.420517862315,6.6464068475065
97.025000000005,4.5257815772939,-4.3973600034655,-0.84549918627307,0.89679336799987,5,5,6.3540294595276,10.590000080779,1861.3385048406,6.4189504930153,6.6446446896642
97.050000000005,4.5268295617648,-4.3984618552668,-0.8464545139317,1.1025157907556,5,5,6.3555501004593,10.591795909217,1861.8830787512,6.4174299425032,6.6429289356372
97.075000000005,4.5278825816448,-4.3995904931452,-0.84742135790705,0.49616275760745,5,5,6.3570936918328,10.593617299236,1862.412214717,6.4158866756136,6.6411883039611
97.100000000005,4.5289352340012,-4.400686970732,-0.84835179576874,0.95291539126318,5,5,6.3586136721227,10.595399448134,1862.948601055,6.4143667250127,6.6394796407493
97.125000000005,4.5300120506269,-4.4018799537122,-0.8493713690271,0.95608839912778,5,5,6.3602207634196,10.597302674885,1863.4803047017,6.4127607336945,6.6376648842086
97.150000000005,4.5310881816555,-4.4030561788653,-0.85033218196005,1.2388399687007,5,5,6.3618149916346,10.599164052089,1864.0214155316,6.4111672365341,6.635877409445
97.175000000005,4.5321544198893,-4.4041662446289,-0.8513064954247,1.0147792052904,5,5,6.3633541829712,10.600985698789,1864.5606936261,6.4096280730416,6.6341389873802
97.200000000005,4.5332472615265,-4.4053767314949,-0.85230488911301,1.0654015473637,5,5,6.3649850052474,10.602897862812,1865.10299274,6.4079983619028,6.632306915117
97.225000000005,4.5343008008932,-4.4064985042252,-0.85328421562244,1.0024545549878,5,5,6.3665239397021,10.604721978946,1865.6580827299,6.4064596563615,6.6305677325542
97.250000000005,4.5353625330266,-4.4076560592443,-0.85423936097242,0.95929886835928,5,5,6.3680946747993,10.606560323686,1866.1995950319,6.4048895838802,6.6288045199256
97.275000000005,4.5364045764011,-4.4087504263983,-0.85518687980261,1.3519954565666,5,5,6.3696057981767,10.608343939619,1866.737737928,6.403378542041,6.6271003505439
97.300000000005,4.5374644325791,-4.40983611335,-0.85614086509911,0.86926744438493,5,5,6.3711230362184,10.610136172645,1867.2774599747,6.4018613072139,6.6253885733871
97.325000000005,4.5385563252843,-4.4109949016669,-0.85710882342063,0.69383040807337,5,5,6.3727152108455,10.611999493164,1867.8174596743,6.4002693267696,6.6236010155744
97.350000000005,4.5396387153475,-4.412174720445,-0.85811782436109,0.84479491762852,5,5,6.3743163169001,10.61389201093,1868.3592464284,6.3986688916798,6.6217947651071
97.375000000005,4.5407006032054,-4.4133062437323,-0.85907655509932,1.5949428922736,5,5,6.3758680742176,10.615716049143,1868.8945921035,6.3971173761342,6.6200487703864
97.400000000005,4.5417409641146,-4.414408868249,-0.86002390859826,0.84648849836966,5,5,6.3773840332032,10.617503676145,1869.4285585276,6.3956015869226,6.6183402684027
97.425000000005,4.5428068653415,-4.4155889193257,-0.86103136818245,0.53851705162174,5,5,6.378974211171,10.619386132196,1869.9610521391,6.3940124801454,6.61654549909
97.450000000005,4.5438560473989,-4.4167063383526,-0.86194890260859,1.4532547416933,5,5,6.3805069891299,10.621172546955,1870.4972046302,6.3924799346733,6.6148285569255
97.475000000005,4.5448963170483,-4.4178746878632,-0.86294691747432,0.87590875834071,5,5,6.3820713425178,10.6230281426,1871.0368388208,6.3909170861446,6.613061681524
97.500000000005,4.5459493084894,-4.4189920221856,-0.86388541043013,0.96437359756371,5,5,6.3836066688555,10.624827585844,1871.5770150986,6.3893819462718,6.6113369256424
97.525000000005,4.5470243127519,-4.4201110168045,-0.86485106970966,1.3515149189209,5,5,6.3851583721523,10.6266552294,1872.1157248206,6.3878302708837,6.6095892508162
97.550000000005,4.5480896528024,-4.4212649703602,-0.86584071545339,0.58589625980083,5,5,6.3867289001629,10.628511558285,1872.6510642891,6.3862602680392,6.6078177470784
97.575000000005,4.5491541524801,-4.4224159725497,-0.86680221673943,1.1698076103864,5,5,6.3882966902012,10.630350702196,1873.1817716948,6.3846929673049,6.6060561258956
97.600000000005,4.5501952975286,-4.4235434172161,-0.86776999681312,0.97716929440347,5,5,6.3898313284281,10.632165009987,1873.7257748373,6.3831588374599,6.6043249955176
97.625000000005,4.5512471319408,-4.424666482837,-0.86872496561414,1.0861591150928,5,5,6.3913700395834,10.63397597587,1874.2620783386,6.3816203956629,6.6025930285726
97.650000000005,4.5523149673273,-4.4257913277223,-0.86967588230214,1.0643842903871,5,5,6.3929210226358,10.635795258964,1874.7928088812,6.3800695237122,6.600850128739
97.675000000005,4.5533986020822,-4.4269479266573,-0.87066236839572,0.71291778946717,5,5,6.3945059470436,10.637662111982,1875.3299249963,6.3784848716187,6.5990654994612
97.700000000005,4.5544645437623,-4.4281127816346,-0.8716717012067,0.92348600957663,5,5,6.3960849083425,10.639536110784,1875.8580075791,6.3769066348913,6.5972812608757
97.725000000005,4.5555431532811,-4.4292955593744,-0.87263958670346,1.320915381016,5,5,6.3976856461961,10.641406716036,1876.3930200424,6.3753067177902,6.5954867348961
97.750000000005,4.5565984505426,-4.4304547893058,-0.87362816447758,0.77072630123039,5,5,6.3992532770021,10.643260024526,1876.9250881977,6.3737399352577,6.5937189796366
97.775000000005,4.5576645941363,-4.4315729950903,-0.87456921415948,1.03262567121,5,5,6.4007982839079,10.645069063178,1877.4587590237,6.3721950030879,6.5919845632265
97.800000000005,4.55872887492,-4.432711478694,-0.87554409658764,0.89867500935921,5,5,6.4023567570397,10.646907332541,1877.9965922564,6.3706368318499,6.5902287280296
97.825000000005,4.5597880229028,-4.4338451246727,-0.87651692975988,1.2537839132759,5,5,6.4039081911035,10.64873854854,1878.5408831518,6.3690857073078,6.5884802741295
97.850000000005,4.5608528993809,-4.4349612635826,-0.87747145663695,0.99422040678959,5,5,6.4054508278009,10.650552618422,1879.0796012991,6.3675431404841,6.5867448213366
97.875000000005,4.5618881258717,-4.4361218245299,-0.87844178496832,0.63941513319883,5,5,6.4070060112626,10.652385684889,1879.6208507811,6.3659893974001,6.5849945650268
97.900000000005,4.5629312899874,-4.4372754932793,-0.87939791245051,0.84096506320344,5,5,6.4085613706923,10.65421142384,1880.1583112907,6.3644350622504,6.583247411541
97.925000000005,4.5640044112871,-4.4384229994801,-0.88037123845731,1.2161017550127,5,5,6.4101324721545,10.656059591397,1880.68823613,6.3628642602803,6.5814799844703
97.950000000005,4.5650922219389,-4.4396206539772,-0.88136619125355,1.2133509153012,5,5,6.4117504054995,10.657958970079,1881.2208196931,6.3612472660271,6.5796624166932
97.975000000005,4.5661757683623,-4.4407557995226,-0.88234415330752,1.3699066762102,5,5,6.4133196818489,10.659808034177,1881.753921819,6.3596780576256,6.5778954353365
98.000000000005,4.5672463235557,-4.4419373798679,-0.88331227815296,1.2585434061533,5,5,6.4149141160854,10.661673372284,1882.2932574223,6.3580846176404,6.5761075828731
98.025000000005,4.5682780178304,-4.4430215611814,-0.8842377343701,1.5810061916583,5,5,6.4164107263209,10.663433006168,1882.8316434396,6.3565880957557,6.5744243724093
98.050000000005,4.5693183755696,-4.4441306323944,-0.88518869271496,1.3178651106362,5,5,6.4179313785431,10.665226523649,1883.3658920952,6.355067690572,6.5727116011725
98.075000000005,4.5703686578054,-4.4452736692774,-0.88617507643928,1.1835681155487,5,5,6.41948367558,10.667065702526,1883.915348327,6.353516016784,6.5709596011216
98.100000000005,4.5714166756519,-4.4464402788808,-0.88711109089381,1.2523920517117,5,5,6.4210518973033,10.668892021894,1884.4485131384,6.3519490232914,6.5692056818254
98.125000000005,4.5724580205441,-4.4475759640053,-0.88805973555223,1.2465543048171,5,5,6.4225927347011,10.67070147114,1884.9785861812,6.3504088516682,6.5674745163962
98.150000000005,4.5735200542277,-4.448718113605,-0.88902490290751,1.0007682760172,5,5,6.4241523568519,10.672535583807,1885.5092061481,6.3488496217623,6.5657207525631
98.175000000005,4.5745664728067,-4.4499137346445,-0.88999856778376,1.6070744046331,5,5,6.4257412248491,10.674399054978,1886.0396688801,6.3472629475849,6.5639383288363
98.200000000005,4.5756203287706,-4.4510882916611,-0.8909777733006,1.4393295128487,5,5,6.4273192605197,10.676256214105,1886.5736420476,6.3456861886995,6.5621641258823
98.225000000005,4.5766687652393,-4.4522173480872,-0.89191474916082,1.7027955576182,5,5,6.4288600354684,10.678059519737,1887.1104521743,6.3441458259917,6.5604359185203
98.250000000005,4.5777090483685,-4.4533271206399,-0.89286703182755,1.5277416423205,5,5,6.4303811482544,10.679854130109,1887.6400376998,6.3426249717913,6.5587227203107
98.275000000005,4.5787479481823,-4.4544113073376,-0.8938022134989,1.3974170486591,5,5,6.4318827386174,10.681623123714,1888.1681584735,6.3411234232242,6.5570325877094
98.300000000005,4.5797822992317,-4.4555851045249,-0.89477360100268,0.46213651802834,5,5,6.4334472455463,10.683464665355,1888.690141495,6.3395608100563,6.5552742299358
98.325000000005,4.5808481953912,-4.4567610656627,-0.89572556522737,1.5734721781849,5,5,6.4350343873863,10.685315409828,1889.2159092612,6.3379746517839,6.5534980863616
98.350000000005,4.5819076771222,-4.4579078777449,-0.89670332952173,1.4655929057625,5,5,6.4365956943677,10.68715761028,1889.7414730902,6.3364138612092,6.5517399574477
98.375000000005,4.5829694749401,-4.4590416697243,-0.89766279662842,1.3374670845915,5,5,6.4381490452162,10.688983391205,1890.2713937911,6.3348607890475,6.5499939902828
98.400000000005,4.5840217259495,-4.4602065192121,-0.89861556014548,1.177003833093,5,5,6.439718792494,10.690819655031,1890.7965441718,6.3332921111449,6.5482346764665
98.425000000005,4.5850657909871,-4.4613778975601,-0.89958516242977,1.3710429535837,5,5,6.4412879320789,10.69266419498,1891.323452313,6.3317244616825,6.546472121538
98.450000000005,4.5861273405276,-4.4625264141478,-0.90054888676467,1.3423446723698,5,5,6.4428518942841,10.694501242169,1891.8428882844,6.330161008722,6.544715162717
98.475000000005,4.5871738679299,-4.4636606619536,-0.9015125231744,1.3347807778921,5,5,6.4443951822315,10.696320674173,1892.3648308009,6.3286182584975,6.5429782944404
98.500000000005,4.588206513848,-4.4648185263776,-0.90245608271752,0.9389396792663,5,5,6.44594663562,10.69813652445,1892.8861566739,6.3270682597188,6.5412395549266
98.525000000005,4.5892517375257,-4.465947612372,-0.90340651514979,1.6119261600761,5,5,6.4474852478906,10.699945018168,1893.4051880559,6.3255301191817,6.5395105830959
98.550000000005,4.590316271319,-4.4671135784956,-0.90440651815243,1.4109317930348,5,5,6.4490640794834,10.701813898904,1893.9346021075,6.3239520789814,6.5377304863087
98.575000000005,4.5913467161576,-4.4682575591494,-0.90533789279682,1.4365326873712,5,5,6.4506037249951,10.703613334101,1894.4585634304,6.3224135681985,6.5360060772357
98.600000000005,4.5923958760218,-4.4693924455586,-0.90628281857151,1.7760976766493,5,5,6.4521492681302,10.705424849572,1894.9775521078,6.3208685262447,6.5342719552836
98.625000000005,4.5934312111817,-4.4706140814889,-0.90727483549366,1.0551906485974,5,5,6.4537506154502,10.707308572167,1895.4990919638,6.3192709460344,6.5324751187394
98.650000000005,4.5944761950166,-4.4717352280455,-0.90820536805484,1.9472525796006,5,5,6.4552832474402,10.70910157291,1896.0156502395,6.3177386651554,6.5307570738715
98.675000000005,4.5955244954525,-4.47286219743,-0.90917648785829,1.3816311530644,5,5,6.4568224010379,10.710921481553,1896.5294173726,6.316199898168,6.5290225160587
98.700000000005,4.5965753079142,-4.4740567259497,-0.91015028223312,1.4252326672319,5,5,6.4584133457931,10.712786791366,1897.0451002003,6.3146109570418,6.5272387877477
98.725000000005,4.5976217231056,-4.4751899328023,-0.91110343627407,1.5063573920005,5,5,6.4599557927204,10.714599977829,1897.5669748044,6.3130690347156,6.5255058158573
98.750000000005,4.5986764986609,-4.4763458721751,-0.91206288565753,1.5170234060056,5,5,6.4615206400949,10.716435540529,1898.0916281184,6.3115049894322,6.5237498913837
98.775000000005,4.5997411047674,-4.4774670282615,-0.9130328886602,1.5442769905152,5,5,6.4630667245467,10.718260720782,1898.6088441487,6.309959019323,6.5220088286325
98.800000000005,4.600817400276,-4.4786241804389,-0.91399360450995,0.98796375875287,5,5,6.464647045142,10.720110149918,1899.133047621,6.3083790982649,6.5202373121923
98.825000000005,4.6018541184671,-4.4797156715132,-0.91493481192992,0.97311760581703,5,5,6.4661524146557,10.721885539672,1899.6541553544,6.3068738377748,6.5185430060542
98.850000000005,4.6028924011944,-4.4808508160003,-0.91587866486095,1.0891225736756,5,5,6.4676907852314,10.723690378276,1900.1716722901,6.3053361990238,6.5168167470144
98.875000000005,4.6039469767843,-4.4820248877571,-0.9169092765877,0.87242987098153,5,5,6.4692689405359,10.725575248217,1900.6824406435,6.3037592988447,6.5150306265822
98.900000000005,4.6050039408867,-4.4832402228495,-0.9178296400588,1.5874110046645,5,5,6.4708795964584,10.727430317331,1901.2049711214,6.3021511600489,6.5132421743952
98.925000000005,4.6060531134159,-4.4843655467379,-0.91877851415123,1.7567619788447,5,5,6.4724181402016,10.729237934241,1901.7251021422,6.300612966816,6.5115142407924
98.950000000005,4.6071189570581,-4.4854867434676,-0.91974589001947,1.3863975879157,5,5,6.4739651065155,10.73106246729,1902.2441319506,6.2990661054513,6.5097732935228
98.975000000005,4.608210985886,-4.4866497449886,-0.92072271630462,0.47625885305479,5,5,6.4755604433134,10.732933105975,1902.7687839587,6.2974710216804,6.5079833452395
99.000000000005,4.6092674535591,-4.4877807568555,-0.92168311795362,1.683707655309,5,5,6.4771081227981,10.734754556802,1903.2920836003,6.2959236647674,6.5062437686323
99.025000000005,4.6103092955473,-4.4889076296155,-0.92262355032813,0.82496178881176,5,5,6.4786428139546,10.736554470688,1903.8090683856,6.2943894743573,6.5045220126017
99.050000000005,4.6113392581967,-4.4899931305609,-0.92356617089794,1.3203803139393,5,5,6.480139188026,10.738322992359,1904.3258479042,6.292893219262,6.5028364577027
99.075000000005,4.6123841948934,-4.4911191769774,-0.92450459964985,0.91907105696326,5,5,6.4816753759156,10.740123137285,1904.8413830458,6.2913574631746,6.5011137765167
99.100000000005,4.6134390644091,-4.4922705597864,-0.92546274268173,1.4943935986104,5,5,6.4832369238873,10.741955204461,1905.3527638702,6.289796622135,6.4993618951692
99.125000000005,4.6145035625923,-4.4934863615349,-0.92647641422761,1.0312324149669,5,5,6.4848528849864,10.743862784152,1905.8624944604,6.2881828993906,6.4975448975255
99.150000000005,4.6155661625246,-4.494641910536,-0.92741921895688,1.7067034153015,5,5,6.4864227295998,10.745693983996,1906.3783495147,6.2866136822218,6.495788861952
99.175000000005,4.6166336031555,-4.4957757412399,-0.92839074806921,1.1966689114822,5,5,6.4879799712527,10.747529432274,1906.8884495223,6.2850566538567,6.4940374357356
99.200000000005,4.6176693556543,-4.4969553866307,-0.92934821843896,1.2818616217106,5,5,6.4895497949647,10.749368207952,1907.4019614751,6.2834888928338,6.4922792050172
99.225000000005,4.618725368348,-4.498071445323,-0.93030061565424,1.2224856099437,5,5,6.4910862681385,10.751175916521,1907.9090560587,6.2819525714043,6.4905527229204
99.250000000005,4.6197677781149,-4.4992024063093,-0.93125130088572,0.69803739996718,5,5,6.4926243483948,10.75298409054,1908.4254622677,6.2804150577022,6.4888255614168
99.275000000005,4.6208160595507,-4.5004022316005,-0.9321933783711,0.8176124432759,5,5,6.4942176075382,10.754835032108,1908.936632585,6.278824098641,6.4870488773018
99.300000000005,4.6218561348253,-4.5014933916056,-0.93310857693308,1.1750425017553,5,5,6.4957250513128,10.756598544269,1909.4440802789,6.2773167364675,6.4853599022299
99.325000000005,4.6228983630552,-4.5025824143648,-0.93404482770039,0.87860848796743,5,5,6.4972324365499,10.758373023277,1909.9488326744,6.2758094043498,6.483665708071
99.350000000005,4.6239387622391,-4.5037018573831,-0.93496971772857,0.52416072469211,5,5,6.498760698024,10.760159361627,1910.4593794294,6.2742815480287,6.4819545428662
99.375000000005,4.6249753542268,-4.5048258351398,-0.9358922650768,0.97575125699261,5,5,6.5002897006226,10.761945122685,1910.9683867119,6.2727530976079,6.4802434310317
99.400000000005,4.626046482008,-4.5059360048222,-0.93685393738646,0.47445413517409,5,5,6.5018323578909,10.763762979961,1911.4811688379,6.2712104549527,6.4785088029333
99.425000000005,4.6270712948829,-4.5070584792217,-0.93775012073317,1.3477905378821,5,5,6.5033522888782,10.765527444412,1911.995707654,6.269691297757,6.4768133838061
99.450000000005,4.6281155632508,-4.5081463690479,-0.93868397128147,0.7648023352235,5,5,6.5048602678894,10.767301162976,1912.5158127299,6.2681833548634,6.4751194104171
99.475000000005,4.6291534514814,-4.5093310419287,-0.93966111748401,0.53283986372,5,5,6.5064352795762,10.769154666824,1913.0304219391,6.2666105066201,6.4733517926556
99.500000000005,4.6301993732206,-4.5104879832592,-0.94056835448488,1.2564780228331,5,5,6.5079949159206,10.770958979575,1913.5503273133,6.2650519284569,6.4716155578922
99.525000000006,4.6312683493272,-4.5115937739621,-0.94152407988834,0.80600821062343,5,5,6.5095329285978,10.772769751245,1914.0625314625,6.2635139247491,6.4698871288595
99.550000000006,4.6323244191835,-4.5127608188755,-0.94246619523202,0.86566804514835,5,5,6.5111068654997,10.774604106361,1914.577988834,6.2619410287769,6.4681283738587
99.575000000006,4.6333616364761,-4.5138463404747,-0.9433843447957,1.0292773671087,5,5,6.5126082571389,10.776363985753,1915.093848417,6.2604397013845,6.466444949971
99.600000000006,4.6344227495845,-4.5150050762666,-0.94434091241815,0.35107728285928,5,5,6.5141794444811,10.778203456134,1915.6065612333,6.2588692425437,6.4646850194078
99.625000000006,4.6354718092008,-4.5161481436806,-0.94526980873345,1.2893372209511,5,5,6.51573093705,10.78001176406,1916.128928394,6.2573184190754,6.4629510679557
99.650000000006,4.6365421012299,-4.5172686158669,-0.94620352572172,0.91922479741449,5,5,6.5172804476011,10.781820855092,1916.64777604,6.2557689772427,6.4612172886779
99.675000000006,4.6375961067158,-4.5184984355105,-0.94719554221873,0.37958044249003,5,5,6.5189001339658,10.78372019199,1917.1777820343,6.2541525405656,6.4594041047895
99.700000000006,4.6386748254844,-4.5196970861074,-0.94817387866636,1.1560848261917,5,5,6.5205127087503,10.785606336109,1917.7200213606,6.2525412016313,6.4575993246902
99.725000000006,4.6397560979818,-4.5208893746228,-0.9491364017398,0.89807680890275,5,5,6.5221222745667,10.787481743474,1918.2397732147,6.2509326407708,6.4558012324994
99.750000000006,4.6408214986872,-4.5220609405927,-0.95009422553679,0.78291069394191,5,5,6.5237058292657,10.789332438455,1918.7645182136,6.2493500002859,6.4540294562427
99.775000000006,4.6418763662281,-4.5232103311218,-0.95102172531823,1.2306619039349,5,5,6.5252659075065,10.791147404009,1919.2915611661,6.2477905972124,6.4522877986374
99.800000000006,4.6429792092878,-4.5243680408946,-0.95200596874899,0.80590096114131,5,5,6.5268648304979,10.793024979537,1919.8202912307,6.2461917681147,6.4504938357443
99.825000000006,4.6440328577716,-4.5255576109281,-0.95294018092853,1.0877281837463,5,5,6.5284539346455,10.794868347213,1920.3553210679,6.2446044260062,6.4487235317674
99.850000000006,4.6450753282641,-4.5266893181196,-0.95386505987273,0.93635996464361,5,5,6.5299926048165,10.796663592866,1920.8914312183,6.2430663422007,6.4470032969173
99.875000000006,4.6461532150526,-4.5278547462309,-0.95482318559391,0.53542851063842,5,5,6.5315800753238,10.798517795527,1921.4246404719,6.2414793917473,6.4452274874078
99.900000000006,4.6472385459977,-4.5290396356725,-0.95579186245028,0.8673345638083,5,5,6.5331869064441,10.800394026084,1921.9624550132,6.2398733043897,6.4434305583366
99.925000000006,4.648421442301,-4.5302374569129,-0.95683291519527,0.64128173261068,5,5,6.5348703610435,10.802373371987,1922.4993249063,6.2381898925417,6.4415407485585
99.950000000006,4.6494333375326,-4.5313508503485,-0.95771176416287,0.99696905211748,5,5,6.5363748798709,10.804115770452,1923.0410416359,6.2366862601267,6.4398655215417
99.975000000006,4.6504901536806,-4.532465462064,-0.95863841896054,0.81575819454784,5,5,6.5379108550162,10.805909623501,1923.5816567203,6.2351504192666,6.4381472268167
100.00000000001,4.6516426531541,-4.5335840239524,-0.95965108039275,0.80309768884661,5,5,6.5395169171989,10.807808285902,1924.115662169,6.2335450015992,6.436340168887
100.02500000001,4.6527136777335,-4.53475861171,-0.9605801196421,0.80589185525432,5,5,6.5411064926296,10.809649444226,1924.6723021801,6.2319562757985,6.4345701484621
100.05000000001,4.6537640373398,-4.5358818163587,-0.96152694113844,0.79006865084897,5,5,6.542644297554,10.811455355335,1925.2207067265,6.2304187821235,6.4328453616697
100.07500000001,4.6548594678732,-4.5370848845599,-0.96248301682593,0.1896708375656,5,5,6.5442713627495,10.813342528318,1925.7613285705,6.2287926255057,6.4310324420085
100.10000000001,4.6559391581529,-4.5383476515074,-0.96349263165571,0.77996965203028,5,5,6.5459327812589,10.81528665629,1926.3084605007,6.227134676276,6.4291754544886
100.12500000001,4.6570063848914,-4.539473568029,-0.96442845194508,1.0008386538475,5,5,6.5474841229122,10.817098401453,1926.8603989541,6.2255834739553,6.4274402597153
100.15000000001,4.6580895070431,-4.5406243017177,-0.96538564123704,0.78670033446465,5,5,6.5490644208644,10.818945981752,1927.4116363677,6.2240034019336,6.4256718318967
100.17500000001,4.6591552433415,-4.5417846827726,-0.96633002262057,0.85143151322363,5,5,6.5506399455549,10.820782863416,1927.9630388401,6.2224285464898,6.4239116840626
100.20000000001,4.6602425055735,-4.5429687583265,-0.96729167077357,0.82329245934147,5,5,6.552247482204,10.822656080234,1928.521712283,6.2208216981107,6.4221162995554
100.22500000001,4.6612981788539,-4.5441210396453,-0.96824647171138,0.97100182487054,5,5,6.5538102356436,10.824487430322,1929.0833289773,6.2192596667246,6.4203660726913
100.25000000001,4.662365379431,-4.545322609281,-0.96919777453141,0.6167895466098,5,5,6.5554173095875,10.826354959094,1929.6385262485,6.2176542809119,6.4185747618163
100.27500000001,4.6634322506436,-4.5464337352521,-0.97014421956957,0.78395772249014,5,5,6.5569577040525,10.828162878705,1930.1970928218,6.2161139242503,6.4168476939678
100.30000000001,4.6645076956551,-4.5476458814078,-0.97111641578204,0.57352554816111,5,5,6.5585781608633,10.830052599783,1930.7528585222,6.2144952102627,6.415038374438
100.32500000001,4.6655979015931,-4.5488134278809,-0.97207222219224,0.83077980069273,5,5,6.5601755693126,10.831914125944,1931.3207178558,6.2128981522706,6.4132541445679
100.35000000001,4.6666803747399,-4.5499324253027,-0.97304365875848,0.79169724282629,5,5,6.5617324583078,10.833749226035,1931.89994762,6.2113412717413,6.4115050065447
100.37500000001,4.6677563170103,-4.5511169286897,-0.97397210458356,0.73407012100765,5,5,6.5633326770563,10.835599283248,1932.4603659228,6.2097420164606,6.4097255187065
100.40000000001,4.6688119800745,-4.5523074972144,-0.9749377710777,0.67479726163792,5,5,6.5649238646372,10.837460570356,1933.02409439,6.2081525644334,6.4079463459738
100.42500000001,4.669893562708,-4.5535085898899,-0.97591095354289,0.80804298634832,5,5,6.5665401704894,10.839347241689,1933.5853992561,6.2065374902969,6.4061405337142
100.45000000001,4.6709917166724,-4.5547027435827,-0.97689969970307,0.5723507314272,5,5,6.5681624975747,10.841247126985,1934.1519267644,6.204915826587,6.4043245295377
100.47500000001,4.6720173174953,-4.5559254507485,-0.97784921867885,1.1066750939155,5,5,6.5697583891315,10.84310412891,1934.7211748851,6.2033243264693,6.4025475080122
100.50000000001,4.6730691379251,-4.5570778248714,-0.97880985533858,0.56935451170157,5,5,6.5713186110182,10.844936372105,1935.287898291,6.2017649213289,6.40079887577
100.52500000001,4.6741362230264,-4.5582917518138,-0.97977520279357,1.1632676237088,5,5,6.5729348688055,10.846818972685,1935.863867325,6.2001507706618,6.3989960803448
100.55000000001,4.6752631682129,-4.5594719060359,-0.98076218727054,0.46857034572019,5,5,6.5745666682543,10.848726040539,1936.4288230313,6.1985190503459,6.3971709555912
100.57500000001,4.676303409119,-4.5606359482757,-0.98168899930797,1.2473731778661,5,5,6.5761277881981,10.850541550393,1936.9917053661,6.1969593667974,6.3954305538179
100.60000000001,4.6773713598318,-4.5617695243992,-0.98264162410101,0.7833406144347,5,5,6.5776851942314,10.85236720303,1937.5649524202,6.1954021754325,6.3936862293778
100.62500000001,4.6784227959748,-4.5629807520817,-0.98362423257871,0.31233745482111,5,5,6.5792891239249,10.854248189442,1938.1338274843,6.1938008796496,6.3918918059219
100.65000000001,4.6795029819545,-4.5642209521733,-0.98458770354049,0.81329822412083,5,5,6.5809337813416,10.856154278189,1938.7025559849,6.1921587709036,6.3900626078253
100.67500000001,4.6805858634656,-4.5653621573811,-0.98553672242453,1.0426759242721,5,5,6.5825069887956,10.857991563832,1939.2718295252,6.1905856974991,6.3883039197783
100.70000000001,4.681622437387,-4.5664683180689,-0.9864603517055,0.7373778128693,5,5,6.5840229297448,10.859766716787,1939.8417713365,6.1890700390258,6.3866071807937
100.72500000001,4.6827025141328,-4.5676897918699,-0.98744532522169,0.55297049819215,5,5,6.5856534401016,10.861671641155,1940.4123853942,6.1874414229607,6.3847858842682
100.75000000001,4.68378015146,-4.5688552076435,-0.98839698138247,1.0587629989033,5,5,6.5872407321775,10.86352235604,1940.9895401802,6.1858546662332,6.3830134187077
100.77500000001,4.6848558525362,-4.5700309433664,-0.9893551493932,0.69083925408038,5,5,6.5888343090647,10.86538181113,1941.5514703042,6.1842618683334,6.3812335371804
100.80000000001,4.6858936896347,-4.5711717947591,-0.99030477490985,0.43803177351251,5,5,6.5903765955956,10.867193008625,1942.1124363646,6.1827204795842,6.3795056293815
100.82500000001,4.6869332357634,-4.5724185516498,-0.99127173907826,0.49435943027994,5,5,6.5919998820454,10.869082473787,1942.6787236762,6.181102037221,6.3776988171547
100.85000000001,4.6880053326164,-4.5735724411602,-0.99222688719013,1.2253727126151,5,5,6.5935749543181,10.870924527147,1943.2459345879,6.1795274046808,6.3759374208736
100.87500000001,4.689064443159,-4.5747778086985,-0.99319752122126,0.49956958104598,5,5,6.5951795184471,10.872799828847,1943.802517541,6.1779249605044,6.3741453016722
100.90000000001,4.6901081861658,-4.5759376859374,-0.99412705124618,0.96531736013067,5,5,6.5967398756734,10.874616072427,1944.3470155392,6.1763658251162,6.3724053226877
100.92500000001,4.6912103035658,-4.5771126774975,-0.99509986030989,0.85627478054075,5,5,6.598350859202,10.876497993096,1944.8986833724,6.1747551300154,6.3706047622017
100.95000000001,4.6922401865207,-4.5782394426954,-0.99601889704635,0.7039659669439,5,5,6.5998773776958,10.878279814421,1945.4651259804,6.1732293847517,6.3688998149069
100.97500000001,4.6933358897185,-4.5793808593186,-0.99697683779154,0.4471575332163,5,5,6.6014595905151,10.880129421913,1946.0191428248,6.1716472149456,6.3671306510345
101.00000000001,4.6944644299069,-4.5805304270398,-0.99794750428105,0.82009070379095,5,5,6.6030705246859,10.882010193653,1946.5748058674,6.1700362925721,6.3653305343966
101.02500000001,4.6955489017582,-4.5816610953561,-0.99893390400834,0.60506356431457,5,5,6.6046372059035,10.883861537613,1947.1285258492,6.1684696589547,6.3635695293117
101.05000000001,4.69667137307,-4.5828298693429,-0.99990500603188,0.69803882723229,5,5,6.6062576917806,10.885750720934,1947.6884646669,6.1668492145118,6.3617601709315
101.07500000001,4.6977158288099,-4.5839925608076,-1.0007966861066,0.7005871729589,5,5,6.6078206182775,10.887550118775,1948.2561698894,6.1652875677194,6.3600273590308
101.10000000001,4.6988079627215,-4.5851497869545,-1.0017566978628,0.46376356235245,5,5,6.6094118218584,10.889408492098,1948.8118770934,6.1636965649824,6.3582493514216
101.12500000001,4.6998626425688,-4.5862944704974,-1.0026914631219,0.93933599733216,5,5,6.6109683082843,10.89122410111,1949.3701233744,6.1621406827447,6.3565116317491
101.15000000001,4.700986748871,-4.5874707992195,-1.0036499101418,0.59216548952732,5,5,6.6125953805755,10.893112482674,1949.9260038176,6.1605136864651,6.3546992047723
101.17500000001,4.702037775926,-4.5885884804618,-1.0045779270231,0.88710494634316,5,5,6.6141296130317,10.894905548362,1950.4907527792,6.158979694258,6.3529844486374
101.20000000001,4.7031026441244,-4.5897393571109,-1.005502354884,0.73258264440797,5,5,6.6156975611627,10.896725720939,1951.0488104846,6.1574122669469,6.3512382007793
101.22500000001,4.70417066546,-4.5908712478912,-1.0064460929339,0.88232157133955,5,5,6.6172537893952,10.898545745065,1951.6274682553,6.155856238101,6.3494983124463
101.25000000001,4.705251061861,-4.5920706654613,-1.0074104418161,0.93872883810442,5,5,6.6188680566875,10.900426124723,1952.1876408114,6.1542432077334,6.3476981550222
101.27500000001,4.7063465409166,-4.5932021789577,-1.0083514656396,0.62415655175378,5,5,6.6204429843537,10.902260769917,1952.7429147285,6.1526682880066,6.3459407061377
101.30000000001,4.7074200057188,-4.5943826877536,-1.0092800170833,0.81416314624256,5,5,6.6220385806995,10.904106883533,1953.293713186,6.1510736387454,6.3441672256293
101.32500000001,4.7084992202738,-4.5955351396391,-1.0102537515722,0.45912714237583,5,5,6.6236174566935,10.905961879021,1953.8757777822,6.1494950726498,6.3423983211684
101.35000000001,4.7096315592049,-4.5968076408284,-1.0112179397379,1.1052629353027,5,5,6.6253208212262,10.907919201056,1954.447198314,6.1477934504697,6.3405124855712
101.37500000001,4.7106625112939,-4.5979940594912,-1.012155835082,0.73669443756066,5,5,6.6268925882107,10.909749528658,1955.0157486171,6.1462242386927,6.3387615119531
101.40000000001,4.7117194874292,-4.5991749971826,-1.0131039066182,1.1535338152303,5,5,6.6284774580418,10.911596323725,1955.5711105098,6.1446407917727,6.3369942906486
101.42500000001,4.7128195733026,-4.6003153569461,-1.0140440181768,0.59562141286623,5,5,6.6300619482813,10.91343871865,1956.1305439382,6.1430563215212,6.3352280674132
101.45000000001,4.7138906719455,-4.6015138337033,-1.014984599184,0.58499164539878,5,5,6.6316693060014,10.915301053602,1956.6884059774,6.1414504579244,6.3334410280229
101.47500000001,4.7149703276145,-4.6026266834038,-1.0158885233926,0.82918502197985,5,5,6.633219819084,10.917095815367,1957.2380692607,6.1398999485933,6.3317166629897
101.50000000001,4.7161044349761,-4.6038134652081,-1.0168529975356,0.74601781451875,5,5,6.6348613581663,10.918999722122,1957.7857702634,6.13825848761,6.3298893527821
101.52500000001,4.7171856395604,-4.6049996854547,-1.017775948081,0.9583542644701,5,5,6.6364663883301,10.920851197084,1958.3316855368,6.1366543499566,6.3281084184218
101.55000000001,4.7182974410471,-4.6060657222873,-1.0188039535364,0.83331786108317,5,5,6.638006692545,10.922703042729,1958.9207680226,6.1351149329252,6.326364651269
101.57500000001,4.7193836685939,-4.6073158571411,-1.019665691853,0.68484355982947,5,5,6.639662810728,10.924569944002,1959.4909607605,6.1334615149705,6.3245509478008
101.60000000001,4.7204773057083,-4.6084604491695,-1.0205623244873,1.1769529796895,5,5,6.6412458878105,10.926389307387,1960.0381088833,6.1318785145718,6.3227970548392
101.62500000001,4.7215849684277,-4.6096060462529,-1.0214926191939,0.60241994289858,5,5,6.6428394088733,10.928234505918,1960.5822616552,6.1302850057304,6.3210248004871
101.65000000001,4.7227492966931,-4.6107921297093,-1.0224813659281,0.97275185170221,5,5,6.6445014721318,10.930168433109,1961.1267139999,6.1286229536137,6.3191718654781
101.67500000001,4.7238223606374,-4.6119531750447,-1.0233872543866,0.49405335598751,5,5,6.6460824504679,10.93199055451,1961.6705019858,6.1270425281195,6.3174183333777
101.70000000001,4.7249089127635,-4.6131273932241,-1.024324555671,1.0224451311012,5,5,6.6476822579112,10.933844716734,1962.2168918458,6.1254432551653,6.315638908896
101.72500000001,4.7259871302878,-4.6142838096055,-1.0252499151254,1.0014737426234,5,5,6.6492633498999,10.935676694353,1962.758719758,6.123862548519,6.3138804423537
101.75000000001,4.7270930892221,-4.6154522682055,-1.0262068198882,0.7455485870207,5,5,6.6508722130589,10.937548620471,1963.3068426119,6.1222538562655,6.3120871952359
101.77500000001,4.7281816363925,-4.6165954797784,-1.0271113161679,1.0235549456862,5,5,6.652450778117,10.939367955833,1963.8528690633,6.1206753973359,6.3103360705966
101.80000000001,4.7292645249376,-4.6177530324544,-1.0280305746725,0.72292901050403,5,5,6.6540358887752,10.941200334614,1964.3985092785,6.1190906172828,6.3085752623425
101.82500000001,4.7303443476568,-4.6189312614932,-1.0289721948998,0.75660578436111,5,5,6.6556340880033,10.943055298071,1964.938350283,6.1174931696821,6.3067967696949
101.85000000001,4.7314259329481,-4.6200760553386,-1.0298807217017,0.73453455754848,5,5,6.6572090101255,10.944873484156,1965.4778309635,6.1159184369093,6.3050483988635
101.87500000001,4.7325517184809,-4.6212680316016,-1.0308463926754,0.75329351695702,5,5,6.6588485833862,10.946776303356,1966.0216377069,6.1142790651486,6.3032234794166
101.90000000001,4.7336283168673,-4.62254760674,-1.0318301788563,1.1151349159579,5,5,6.6605208203971,10.948716461048,1966.5635273672,6.112611290921,6.3013666536406
101.92500000001,4.7347277432802,-4.6237088464402,-1.0327436532733,1.2197389040547,5,5,6.6621199501851,10.950558104768,1967.1114188828,6.1110123289574,6.2995937028762
101.95000000001,4.7357823330496,-4.6248212920393,-1.0336522137098,1.0841509720886,5,5,6.6636528216058,10.952340007363,1967.6541802835,6.1094796044937,6.2978862403528
101.97500000001,4.7368543427048,-4.6259374623167,-1.0345474396669,0.77809830310484,5,5,6.6652004135381,10.954127874892,1968.1928628411,6.1079320542128,6.2961676726038
102.00000000001,4.7379136243279,-4.627073363649,-1.0354455977669,1.2008538275903,5,5,6.6667535875123,10.95592204249,1968.7346466104,6.1063792578415,6.294443342703
102.02500000001,4.7390122215021,-4.6282305542385,-1.0363898292436,0.44206815994737,5,5,6.6683492083355,10.957776113387,1969.2723373379,6.1047837746641,6.2926664648644
102.05000000001,4.7401194755083,-4.6294024906462,-1.0373458138431,0.73817518581991,5,5,6.6699614882051,10.959650507404,1969.8072477782,6.1031716895163,6.2908706753095
102.07500000001,4.741198763328,-4.6306333574734,-1.0382949306658,1.0402344977313,5,5,6.6715985267947,10.961542785948,1970.3452684383,6.1015369236204,6.2890545915819
102.10000000001,4.7422838909141,-4.631765540385,-1.0391928937043,1.0680088996248,5,5,6.6731667551019,10.96334990455,1970.8851968851,6.0999687507181,6.2873155545559
102.12500000001,4.743380362579,-4.6328670551359,-1.0401149241754,1.3703414968884,5,5,6.6747209702924,10.965157036269,1971.4237692691,6.0984146215058,6.2855843518432
102.15000000001,4.7444703128088,-4.6339912064026,-1.0410287189083,0.70605488465868,5,5,6.6762867632461,10.96696996991,1971.9621333001,6.0968488339744,6.2838438746245
102.17500000001,4.745529588454,-4.6351292299678,-1.0419273579257,0.9535599809857,5,5,6.6778414858991,10.968765718949,1972.4947735399,6.0952945229744,6.2821182422148
102.20000000001,4.7466271066249,-4.6363479701907,-1.0429045024759,0.57547042247402,5,5,6.6794815693928,10.970674824849,1973.025434999,6.093655717823,6.2802916690497
102.22500000001,4.7477113449083,-4.637515589657,-1.043815202301,1.114485687124,5,5,6.6810749644703,10.97251011285,1973.5570861872,6.0920627899512,6.2785257317903
102.25000000001,4.7487768967889,-4.6386312789194,-1.0447282521793,0.61777141169901,5,5,6.6826177422704,10.974302826832,1974.0933891964,6.0905200922824,6.2768080052104
102.27500000001,4.7499198995599,-4.6398361407805,-1.0456903734538,1.1522159970857,5,5,6.6842785093941,10.976222156086,1974.6274220804,6.0888594777183,6.2749640384403
102.30000000001,4.750997371076,-4.6409918598544,-1.0466033034679,0.92134575007957,5,5,6.6858585826347,10.978047004753,1975.165470568,6.0872797953157,6.2732105376897
102.32500000001,4.7520601095035,-4.6421112799464,-1.0475011825134,1.2682871140654,5,5,6.6874021221734,10.9798326982,1975.7025140139,6.0857363900881,6.2714959161534
102.35000000001,4.7531675515541,-4.6432352141218,-1.0484437008522,0.63317736129905,5,5,6.6889799865295,10.981670630937,1976.2338403877,6.0841585486114,6.2697371367894
102.37500000001,4.7542318502749,-4.6443930653086,-1.0493402238988,1.1132570205611,5,5,6.6905526756716,10.98348090846,1976.768224095,6.0825865345881,6.2679951621176
102.40000000001,4.7553572844185,-4.6455658291854,-1.0502870920569,0.42891012463007,5,5,6.692178091656,10.985362008253,1977.296424434,6.0809611683431,6.2661893001883
102.42500000001,4.7564226501676,-4.6467883994256,-1.0512421537609,0.63204439842926,5,5,6.6937997211364,10.987243981959,1977.8290903075,6.0793420666538,6.2643875852448
102.45000000001,4.7575371626757,-4.6479339885954,-1.0521673100666,1.1978122570557,5,5,6.6953980054279,10.989090716067,1978.3561787392,6.0777437831568,6.262613332383
102.47500000001,4.7586341946696,-4.6491008540422,-1.0531186880366,0.62181237939641,5,5,6.6969995840762,10.990953556428,1978.8951345143,6.0761424664767,6.2608298557312
102.50000000001,4.7597257294907,-4.6502661572368,-1.0540569080505,1.1863959410877,5,5,6.6985962618148,10.992805484233,1979.4266279851,6.0745461058439,6.2590544063845
102.52500000001,4.7608362949817,-4.6514612909646,-1.0549961298111,1.0168802793209,5,5,6.7002277336463,10.994687992626,1979.9590341095,6.0729151008329,6.25724513605
102.55000000001,4.7619047211256,-4.6526064264633,-1.0558990700277,1.3084453051325,5,5,6.7017938976657,10.996495800905,1980.488819838,6.071349312636,6.2555079442035
102.57500000001,4.7629811727072,-4.6537517894795,-1.0568501614385,0.29646686615175,5,5,6.7033657133185,10.998332967015,1981.0146300885,6.0697777595466,6.2537536032433
102.60000000001,4.764083342177,-4.6549405100996,-1.0577970170697,1.0067281853043,5,5,6.7049867729265,11.000210297524,1981.5345775045,6.0681572081478,6.2519527713708
102.62500000001,4.7651917641839,-4.6561419636377,-1.0587285180967,1.0901546904082,5,5,6.7066214257795,11.002091728924,1982.0621241172,6.0665231751148,6.2501425931529
102.65000000001,4.7662925941415,-4.657293397411,-1.0596669726241,1.026817360831,5,5,6.7082144186639,11.003940599722,1982.5919966842,6.0649302580154,6.2483706930125
102.67500000001,4.7673452147705,-4.6584905942159,-1.0605853985116,1.1877456257162,5,5,6.7098085611852,11.005780381364,1983.1231976206,6.0633382267063,6.2466045131137
102.70000000001,4.7684290161861,-4.6596096756289,-1.0615075880211,1.1240546429109,5,5,6.7113664343243,11.007590741055,1983.649209823,6.0617803621502,6.2448706350017
102.72500000001,4.7695186678752,-4.6607953152876,-1.0624413913501,1.0533979117252,5,5,6.7129767393276,11.009452211135,1984.1824604703,6.0601707564463,6.2430837844262
102.75000000001,4.7705963578819,-4.6619647415256,-1.0633587062588,1.0058349934724,5,5,6.7145670139821,11.01128808698,1984.706875355,6.0585811104358,6.2413203130686
102.77500000001,4.7717022812154,-4.66309750821,-1.0642791684905,0.75335098900519,5,5,6.7161501206686,11.013119337237,1985.2245541956,6.0569980041249,6.239562475744
102.80000000001,4.7727948332963,-4.6643033388855,-1.0652387635964,0.67868114563891,5,5,6.7177772954187,11.015008390024,1985.7483205119,6.0553719174471,6.237753563237
102.82500000001,4.7738697114035,-4.6654179954533,-1.0661564770922,1.2900576552591,5,5,6.7193257857188,11.016808395655,1986.2736960413,6.0538234505421,6.2360300996024
102.85000000001,4.7750004444147,-4.6666098328012,-1.0671063860339,0.95312753386703,5,5,6.72096865924,11.018706120715,1986.7999594376,6.0521807297759,6.234207454256
102.87500000001,4.7760711107213,-4.6677857511593,-1.0680248527001,1.5409670498741,5,5,6.7225589769205,11.020542609577,1987.3271597409,6.0505913396578,6.2324441681163
102.90000000001,4.7771470377667,-4.6689497057552,-1.0689605463195,0.82900291415645,5,5,6.7241440350609,11.022383243125,1987.8487966158,6.0490068434347,6.2306815453134
102.92500000001,4.7782094008876,-4.670071516182,-1.0698572495349,0.79959119356381,5,5,6.7256890509295,11.024169622338,1988.3629691804,6.0474619914251,6.2289668000775
102.95000000001,4.7792854140317,-4.6712796123347,-1.0708184008354,0.59526870465041,5,5,6.7273068582729,11.02605140671,1988.8745636607,6.0458458308821,6.227167423661
102.97500000001,4.7803535344461,-4.6725137607981,-1.0717357397776,1.4509233138751,5,5,6.7289390358519,11.027923708604,1989.3920849929,6.0442165286118,6.2253658277903
103.00000000001,4.7814642727472,-4.6737072523178,-1.0727204210289,1.3083292546208,5,5,6.730569422794,11.029828376226,1989.921850153,6.0425865836375,6.2235475266347
103.02500000001,4.7825752861824,-4.6749477554071,-1.073657306519,1.7602967390416,5,5,6.7322347151912,11.031739122988,1990.4448127135,6.0409227883807,6.2217078480717
103.05000000001,4.7836457657227,-4.6761399494346,-1.0745680090145,1.5369455795906,5,5,6.7338369801647,11.033582118398,1990.980861962,6.0393218796305,6.2199355358098
103.07500000001,4.7847063329957,-4.6773100173713,-1.0754820568537,1.7054819570693,5,5,6.7354161767696,11.03540676778,1991.4889621435,6.0377437329689,6.2181845654609
103.10000000001,4.7857417296254,-4.6784437688699,-1.0763533077519,1.6089358777099,5,5,6.7369515720416,11.037172133683,1991.9968519714,6.0362091604118,6.2164861791836
103.12500000001,4.7867594114867,-4.6795302276587,-1.0772323867774,1.123899284422,5,5,6.7384402187662,11.038900962478,1992.5007720252,6.0347208146202,6.2148308459542
103.15000000001,4.7877982465478,-4.6806346348244,-1.0781029420154,1.0613579239096,5,5,6.7399564289995,11.040649321679,1993.0125250007,6.03320485063,6.213150770827
103.17500000001,4.7888539046927,-4.6818112526264,-1.0790041387229,1.2962137249988,5,5,6.7415372020924,11.042468936769,1993.522484457,6.0316254437727,6.2114018079645
103.20000000001,4.7899260420091,-4.6829940345615,-1.0799283847234,1.5650873114387,5,5,6.7431335891166,11.044313572831,1994.0369336085,6.0300301191109,6.20963192416
103.22500000001,4.7909906788168,-4.6841300173159,-1.0808429366091,1.6082766958056,5,5,6.7446904797199,11.046119206653,1994.5546526498,6.0284735359161,6.2079020188978
103.25000000001,4.7920475311401,-4.6852979573163,-1.0817429586415,1.1162710647027,5,5,6.7462656053269,11.047933334636,1995.0683982556,6.0268995094761,6.2061586841245
103.27500000001,4.7931127424167,-4.6864347680417,-1.0826386376625,1.6212507488375,5,5,6.7478234928996,11.049730347323,1995.5779485829,6.0253419329011,6.2044324003647
103.30000000001,4.7941908549925,-4.6875980206713,-1.0835585816486,0.732129152399,5,5,6.749409520455,11.051563863165,1996.0900211708,6.0237564190086,6.202673239169
103.32500000001,4.7952643066686,-4.6887923193958,-1.0844742766682,1.1321606754824,5,5,6.7510153373637,11.053412415386,1996.5986264996,6.0221519339913,6.2008967093411
103.35000000001,4.7963240487833,-4.6899264546815,-1.0853827514869,1.5072062038502,5,5,6.7525675345792,11.055210926629,1997.1092399215,6.0206000920915,6.1991730681221
103.37500000001,4.7973796041288,-4.6911056540481,-1.0863330978387,1.2725416974103,5,5,6.7541501615832,11.057056967372,1997.627007482,6.0190189131094,6.1974110025872
103.40000000001,4.7984495536043,-4.6922934140115,-1.0872115729419,1.5879457458544,5,5,6.755748775236,11.058881051832,1998.1393727871,6.0174215561631,6.1956503869197
103.42500000001,4.799526464138,-4.6934238974164,-1.088125876017,1.7663689752326,5,5,6.757310098081,11.060690382962,1998.6453856518,6.0158603418647,6.1939163820189
103.45000000001,4.8005770255745,-4.6945847916079,-1.0890160222749,1.2094847106313,5,5,6.7588757783342,11.062491414616,1999.1535159976,6.0142957555134,6.1921848935875
103.47500000001,4.8016496416111,-4.6957539054162,-1.0899382841864,0.96212253908096,5,5,6.7604623886389,11.064326598337,1999.6610532435,6.0127098861099,6.1904251321581
103.50000000001,4.8026942914564,-4.6969105765969,-1.0908400437175,1.6199103271154,5,5,6.7620209718159,11.066127251489,2000.1700748078,6.0111524516332,6.1886979090146
103.52500000001,4.8037605203753,-4.6981164603245,-1.091754155401,1.0444269291091,5,5,6.7636306300628,11.067978359222,2000.6745708723,6.0095447214653,6.186918936908
103.55000000001,4.8048250635358,-4.6992754278938,-1.0926829510488,1.7474777991596,5,5,6.7652043066393,11.069805684952,2001.1829988479,6.0079717536499,6.185170282911
103.57500000001,4.8059139316156,-4.7004529333118,-1.0936150092522,1.2292338563685,5,5,6.766808099863,11.071660647269,2001.6944620028,6.0063685307916,6.1833915100967
103.60000000001,4.8069718824385,-4.7016211286672,-1.0945002531578,1.4814214745157,5,5,6.768384151998,11.073468296877,2002.2097092217,6.0047935614958,6.1816513448234
103.62500000001,4.8080279847274,-4.7027791973969,-1.0954287341281,1.5445087190738,5,5,6.7699514666528,11.075289986241,2002.7163956356,6.0032271323975,6.1799092488312
103.65000000001,4.8090902342639,-4.7039205061986,-1.0963161298849,1.4059097880695,5,5,6.771510620224,11.077083984872,2003.2254006758,6.0016684081682,6.1781844336632
103.67500000001,4.8101511095242,-4.7050973548884,-1.0972293475327,0.75098076184944,5,5,6.7730950536106,11.078912753756,2003.7324514982,6.0000852040624,6.1764297504903
103.70000000001,4.8112047187621,-4.7062613697701,-1.0981261356466,1.6233289864201,5,5,6.7746650928048,11.080720861051,2004.2362055626,5.9985162609473,6.1746928603712
103.72500000001,4.8122502585769,-4.7073585702816,-1.0990173943407,1.4620590798832,5,5,6.7761806793139,11.08247908303,2004.7459511947,5.9970007787997,6.1730092582222
103.75000000001,4.813344828568,-4.7085857903257,-1.0999668506326,0.87602384192696,5,5,6.7778251100671,11.084377929983,2005.2524782144,5.995357991269,6.1711882261463
103.77500000001,4.8144092037499,-4.7097521492922,-1.1008606511204,1.6372638028566,5,5,6.779404124876,11.086192362974,2005.7626299962,5.9937798536613,6.1694432356267
103.80000000001,4.8154546553907,-4.7108808598926,-1.101771667368,1.7427108426297,5,5,6.7809426165896,11.087980352727,2006.2744327675,5.992241879224,6.1677332275723
103.82500000001,4.8165479727917,-4.7120490224826,-1.1027002250718,0.88062050965592,5,5,6.782542599957,11.089830262505,2006.7728065208,5.9906422401564,6.1659591989789
103.85000000001,4.8176051271555,-4.7131883116842,-1.1035745992929,1.1143235140165,5,5,6.784096805617,11.091613541931,2007.2705598497,5.9890885219269,6.1642426553308
103.87500000001,4.8186669412089,-4.7143681627117,-1.1044997945459,1.2151805421952,5,5,6.7856840981329,11.093450790904,2007.7714664021,5.9875025171868,6.1624827548567
103.90000000001,4.819750838084,-4.7155570716503,-1.1054161476569,1.48575690528,5,5,6.7872929290439,11.095302287575,2008.2732056158,5.9858946083259,6.1607037076691
103.92500000001,4.8207930087303,-4.7167127049574,-1.1063301914965,1.3994635457269,5,5,6.7888490807064,11.097107026929,2008.7765172901,5.9843396567834,6.158976704432
103.95000000001,4.8218435394529,-4.7178784264257,-1.107219139687,1.3667908355148,5,5,6.7904183229888,11.098910565181,2009.2738265857,5.9827716469611,6.157242988618
103.97500000001,4.8229186993894,-4.7190114209191,-1.108134474649,1.4519408512044,5,5,6.7919802594187,11.100720947324,2009.7766176587,5.9812098614019,6.1555091254827
104.00000000001,4.8239584527453,-4.7202101028398,-1.109041133452,1.4072616492631,5,5,6.7935670566294,11.102548501858,2010.277791885,5.9796257883109,6.1537556987984
104.02500000001,4.825026129536,-4.7213497351668,-1.1099415845623,1.1815300329684,5,5,6.7951286889709,11.104351140971,2010.7759524559,5.9780644783922,6.1520258991405
104.05000000001,4.8260661096966,-4.7225004130885,-1.1108490854512,1.5580317314915,5,5,6.7966796945847,11.106148131866,2011.2780232043,5.976514606077,6.1503055915066
104.07500000001,4.827122156208,-4.7236636640061,-1.1117632050039,1.1751650495434,5,5,6.79825080468,11.107965823118,2011.7751192062,5.9749445150354,6.1485641176208
104.10000000001,4.8281824071958,-4.7248171708632,-1.1126536051137,1.4637806965825,5,5,6.7998175561684,11.109767911513,2012.2727993295,5.9733784619909,6.1468322063572
104.12500000001,4.8292320287386,-4.7260141964728,-1.1135647070227,1.2215782668931,5,5,6.8014095912476,11.111602218571,2012.7714792409,5.9717886867212,6.1450724002723
104.15000000001,4.8303023343208,-4.7271663135664,-1.1144789018678,1.6936698754874,5,5,6.8029821458052,11.11342119632,2013.2714226116,5.9702166070497,6.143329104488
104.17500000001,4.8313781561924,-4.7283473860019,-1.1154011430847,1.2204077193881,5,5,6.8045797455039,11.115265878856,2013.7720803919,5.9686199519945,6.1415600729647
104.20000000001,4.8324356812042,-4.7295285003698,-1.1163195923933,1.0962392787792,5,5,6.806165113064,11.117098074106,2014.2697581207,5.9670360465187,6.1398043694984
104.22500000001,4.8334824911063,-4.7307129113737,-1.1172371330075,1.3989854625877,5,5,6.8077458218915,11.118925783376,2014.763449958,5.9654572663819,6.1380539051813
104.25000000001,4.8345460230934,-4.7318903974171,-1.1181610685479,1.4660273388672,5,5,6.809332508272,11.120761874483,2015.2617345166,5.9638717636605,6.1362954459241
104.27500000001,4.8356083885077,-4.7330476708307,-1.1190493685514,1.5909938504481,5,5,6.8109034640407,11.122566584687,2015.7568684871,5.9623015416256,6.1345602685281
104.30000000001,4.8366972822452,-4.7341645904294,-1.1199625218386,1.0816830787484,5,5,6.8124633354974,11.124374082374,2016.2579893042,5.9607416703974,6.1328293449767
104.32500000001,4.8377148761492,-4.7352948841261,-1.1208343308341,1.4661737013291,5,5,6.8139842106384,11.126127111786,2016.760428922,5.9592220278817,6.131147288364
104.35000000001,4.8387735907979,-4.7364253063103,-1.1217303473592,1.0894523311021,5,5,6.8155329943617,11.127916406797,2017.2575259836,5.9576735725711,6.1294315749913
104.37500000001,4.8398302250955,-4.7376537898649,-1.1226596752458,1.408263428297,5,5,6.817153379465,11.129784373125,2017.7529448402,5.956056394216,6.1276412770647
104.40000000001,4.8409110185886,-4.7388362909359,-1.1235991892236,1.177534498566,5,5,6.8187553855067,11.131641551057,2018.2497199449,5.9544552488655,6.1258642154489
104.42500000001,4.8419843712232,-4.7399819301923,-1.1245145951079,1.3254712994484,5,5,6.8203252820587,11.133458841105,2018.7470289821,5.9528856804277,6.1241235559599
104.45000000001,4.8430257943671,-4.7411228367025,-1.1253827965239,1.1769146612175,5,5,6.8218700247006,11.135230846615,2019.2440996115,5.9513418015061,6.122418993347
104.47500000001,4.8440752538681,-4.7422697466716,-1.1262933512722,1.3005434190674,5,5,6.8234246203784,11.137032478562,2019.7469470757,5.9497880135026,6.1206948974042
104.50000000001,4.8451331503758,-4.7434465077501,-1.1272014018037,1.9361838844928,5,5,6.8250069956995,11.138856887349,2020.2500405045,5.9482069710536,6.1189449391998
104.52500000001,4.8462113211903,-4.7445885569054,-1.128110286924,1.5629482595744,5,5,6.8265775779414,11.140671494949,2020.7509069205,5.9466366072115,6.117205208949
104.55000000001,4.847292577457,-4.7457768811518,-1.1290412757102,0.96626346701788,5,5,6.8281841985029,11.142528365905,2021.2584919414,5.9450309740308,6.115426054057
104.57500000001,4.8483950474735,-4.7469926031143,-1.1299908870565,0.67301741219634,5,5,6.8298253627321,11.144424462352,2021.7608754752,5.9433909176334,6.1136091162756
104.60000000001,4.8494582446641,-4.7481359745746,-1.1308802074554,1.5553031194439,5,5,6.8313866719784,11.146221286588,2022.2589126058,5.9418300677058,6.111883351635
104.62500000001,4.8505216283341,-4.749321662378,-1.1318032440685,0.87082727910277,5,5,6.8329793553734,11.148062111671,2022.7567861452,5.9402388072242,6.1101201674539
104.65000000001,4.851543888335,-4.7504708872188,-1.132664999749,1.3154513780943,5,5,6.834517449403,11.149825164732,2023.255202843,5.9387023659034,6.1084246693988
104.67500000001,4.8525889609438,-4.7515813919616,-1.1335405493487,1.0173631713875,5,5,6.8360423748247,11.151583568737,2023.7524651038,5.9371776961796,6.1067374255703
104.70000000001,4.8536324874447,-4.7527787200794,-1.1344499416551,0.77259628723596,5,5,6.8376306261209,11.153413742649,2024.2489628785,5.9355919797257,6.104982952047
104.72500000001,4.8546838038533,-4.753922096406,-1.1353123575157,1.1624350907407,5,5,6.8391838729188,11.155190350858,2024.7399909466,5.9340394276939,6.1032717519857
104.75000000001,4.8557314661243,-4.7550395453736,-1.1361966336963,0.77162120844154,5,5,6.8407156328311,11.156959031947,2025.2298518232,5.9325079807965,6.1015759988748
104.77500000001,4.8567623554476,-4.7561295385414,-1.1370589940463,0.51669253515944,5,5,6.8422159054407,11.158689489481,2025.7198238004,5.931007896882,6.0999159031809
104.80000000001,4.8578037779978,-4.7572704249179,-1.1379165361064,0.8073287918344,5,5,6.8437606328121,11.16045628348,2026.2123684775,5.92946403892,6.0982144094188
104.82500000001,4.8588947654462,-4.7584461393742,-1.1388470812888,0.79782746654375,5,5,6.8453645524158,11.162310595329,2026.7080653398,5.9278606356964,6.096438004531
104.85000000001,4.8599374355763,-4.7595999932912,-1.1397069262448,1.2637741966712,5,5,6.8469197179575,11.164087635905,2027.207863969,5.9263066284355,6.0947261821782
104.87500000001,4.8610006943943,-4.7607730499135,-1.1406124611786,0.75035560833588,5,5,6.8485029365632,11.165911525888,2027.7018797726,5.9247244987547,6.0929763875485
104.90000000001,4.8620730016601,-4.7619164305992,-1.1415069208954,0.83067639583156,5,5,6.8500704703793,11.167716303007,2028.1943035918,5.9231572817894,6.0912437208511
104.92500000001,4.863130896709,-4.7630701121649,-1.1423912133807,0.7819689779087,5,5,6.8516357572825,11.169514106191,2028.6839537382,5.9215927631166,6.0895160909512
104.95000000001,4.8641783731297,-4.7642438249483,-1.1432921671434,0.65168661559898,5,5,6.8532089097067,11.171326984078,2029.1775404383,5.9200211911595,6.087777757981
104.97500000001,4.8652135206712,-4.7653923181828,-1.1441530707113,0.90068135576016,5,5,6.8547550556062,11.173096651306,2029.671891285,5.9184762776026,6.0860747260454
105.00000000001,4.8662743475495,-4.7665389466085,-1.1450375476671,0.90948814421448,5,5,6.8563171408832,11.174891758516,2030.1682603572,5.9169147585806,6.0843500908059
105.02500000001,4.8673691695617,-4.7677948304074,-1.1460014741735,0.75321835132813,5,5,6.8579832379255,11.176816604916,2030.6701244525,5.9152513199539,6.0825078754435
105.05000000001,4.8684073164512,-4.7689415981707,-1.1468399920022,1.2748493989371,5,5,6.8595301138957,11.178576132528,2031.1711371852,5.9137055474926,6.0808093395578
105.07500000001,4.869466184311,-4.7701313689017,-1.1477567446247,0.65500780940762,5,5,6.8611228334369,11.180413846028,2031.6679777781,5.9121145319504,6.079048628551
105.10000000001,4.8705238679381,-4.7713006488685,-1.148639739975,0.90473058340524,5,5,6.8626995104158,11.182220940681,2032.1666919394,5.9105390048226,6.0773108795074
105.12500000001,4.8715839134643,-4.7725219423599,-1.1495531249332,0.50101499227974,5,5,6.8643166852084,11.184078230748,2032.6572259051,5.9089246154774,6.0755283058251
105.15000000001,4.8726519763528,-4.7737340582162,-1.1504680752338,0.81959441870657,5,5,6.8659322294457,11.185934872133,2033.1525771997,5.907311191988,6.0737463508912
105.17500000001,4.8737049340652,-4.7749535507523,-1.1513718015472,1.2177900259092,5,5,6.8675434035486,11.187782195397,2033.6537914908,5.905703046163,6.0719721813352
105.20000000001,4.874780366257,-4.7761530921527,-1.1522738174435,0.96659252460703,5,5,6.8691544448176,11.189628566607,2034.1599516397,5.9040934721217,6.0701970620686
105.22500000001,4.8758636588255,-4.7773336087045,-1.1531618752104,1.1949242871775,5,5,6.870756675175,11.191460447803,2034.6677048938,5.9024920171714,6.0684331234476
105.25000000001,4.8769505227481,-4.7785271935458,-1.1540922106216,0.81824272507593,5,5,6.8723709607629,11.1933236284,2035.1680864048,5.9008787182504,6.066647888646
105.27500000001,4.8780089872881,-4.779731865934,-1.1549747097321,0.99217439778272,5,5,6.8739745762859,11.195154034755,2035.6723307261,5.8992773313594,6.0648853892107
105.30000000001,4.8790733391537,-4.7808816512819,-1.155862813407,0.56756015005083,5,5,6.8755413727756,11.196955028752,2036.1676785877,5.8977110970752,6.0631558219016
105.32500000001,4.880152715883,-4.7820571618908,-1.1567642061013,0.6406101238283,5,5,6.8771372672944,11.198787892115,2036.6693280517,5.8961159613769,6.0613951004362
105.35000000001,4.8812164438423,-4.7832636556933,-1.1576689878517,0.45420953215594,5,5,6.8787457275727,11.200633366168,2037.1693540218,5.8945095962151,6.0596227121243
105.37500000001,4.8822993805212,-4.7844420399908,-1.1585768955958,1.3506751800248,5,5,6.8803461467062,11.20247337646,2037.680835443,5.8929099183556,6.0578561470644
105.40000000001,4.8833452883305,-4.7856651482506,-1.1594561940771,0.89679299543592,5,5,6.881955468601,11.204307247443,2038.2011744337,5.8913041219904,6.0560903016996
105.42500000001,4.8844572691368,-4.7868360544759,-1.160364358253,0.82554785035247,5,5,6.8835702511566,11.206159890115,2038.7067617438,5.8896894995768,6.0543092232993
105.45000000001,4.8855122475755,-4.7880749244104,-1.1612839298641,0.69207398420067,5,5,6.885197450659,11.208028951422,2039.2261201285,5.8880660922949,6.0525170005055
105.47500000001,4.8865710136134,-4.7893145958699,-1.1622026573237,0.95567732122028,5,5,6.8868277177692,11.209900269406,2039.7348871001,5.8864394669953,6.0507218868942
105.50000000001,4.8876249489056,-4.7905178569392,-1.1631109938911,0.39263270958874,5,5,6.8884272854612,11.211739750887,2040.2486211142,5.8848422641233,6.0489578456837
105.52500000001,4.88870890327,-4.7916593892559,-1.1640102817918,0.84060800473646,5,5,6.8900014687714,11.213552696508,2040.769968102,5.8832682395153,6.0472184907735
105.55000000001,4.8897673244389,-4.7928891769396,-1.1648941736493,0.75425207233231,5,5,6.8916240078673,11.215400370162,2041.2915504304,5.8816489290642,6.0454386795835
105.57500000001,4.8908613906676,-4.7940807551223,-1.1658126956328,1.1032926608147,5,5,6.8932416726899,11.217260618025,2041.8220873206,5.880032041166,6.0436532607696
105.60000000001,4.8918986685745,-4.7952807184621,-1.1666969350519,0.96638957283725,5,5,6.8948278181665,11.219076585212,2042.3538981093,5.8784488418117,6.0419085841987
105.62500000001,4.8930741575606,-4.7964603791352,-1.1676545390482,0.84299958396606,5,5,6.8964931630738,11.22099762115,2042.8712861573,5.87678357773,6.0400671583937
105.65000000001,4.8941017575511,-4.7976549029375,-1.1685193705378,0.51548640634273,5,5,6.8980688689012,11.222795058871,2043.3977022665,5.8752110338396,6.0383374153814
105.67500000001,4.8951861043948,-4.79886663448,-1.1694659337841,0.44734811353956,5,5,6.8996949382136,11.224676569803,2043.9299959509,5.8735865254918,6.0365382860574
105.70000000001,4.8962402706114,-4.8001015177026,-1.1703561491041,0.97849240733177,5,5,6.9013185770237,11.226528241021,2044.4602329739,5.8719665511782,6.0347566171731
105.72500000001,4.8973044747737,-4.8012848248772,-1.1712450971891,0.65773820110629,5,5,6.9029100374752,11.228351143944,2044.9914142514,5.8703764525385,6.0330043510598
105.75000000001,4.8983597485446,-4.8024355162647,-1.1721371312599,1.003365006578,5,5,6.9044713489113,11.230149314733,2045.526727143,5.8688159238023,6.031280188032
105.77500000001,4.8994675852412,-4.8037268776361,-1.1730873912494,0.9676218550345,5,5,6.9061727942787,11.232098137553,2046.0621552275,5.8671180490903,6.0294090003444
105.80000000001,4.9005536452085,-4.8049460056986,-1.1740037626571,0.85395861183611,5,5,6.9078055218999,11.233970445231,2046.6049057484,5.8654870582857,6.0276107516666
105.82500000001,4.9015825639497,-4.806142583178,-1.1748931080907,0.55527809301896,5,5,6.9093836446582,11.235781910589,2047.1398962198,5.8639121337853,6.0258733302948
105.85000000001,4.9026293500953,-4.8073074840634,-1.175785078831,0.67806299228354,5,5,6.9109497721458,11.237584233287,2047.6762059876,5.8623473776203,6.0241452417363
105.87500000001,4.9037242644203,-4.8085676556197,-1.1767282765328,0.47583329394793,5,5,6.91261916417,11.239501651247,2048.2087073096,5.8606808477699,6.0223063652573
105.90000000001,4.9047692532584,-4.8097540907815,-1.1776060111171,0.97506534376208,5,5,6.914200186012,11.241309978669,2048.747147295,5.8591019490004,6.0205678761355
105.92500000001,4.9058238960937,-4.8109377024789,-1.1784905361748,1.0525236836754,5,5,6.9157854961268,11.243125355418,2049.2870915402,5.8575183228318,6.0188232648049
105.95000000001,4.9069203586595,-4.8121016983106,-1.1794046362507,0.64114116708798,5,5,6.917384594765,11.244967282507,2049.8266791166,5.8559194953183,6.017057101557
105.97500000001,4.9080134832684,-4.813315422247,-1.1803194660288,1.0426930747067,5,5,6.9190180105737,11.246839436541,2050.3673947412,5.8542874379986,6.0152584753637
106.00000000001,4.9090543154081,-4.8145262315848,-1.1812001441923,0.60239032249452,5,5,6.9206146917553,11.248662890633,2050.9112999294,5.85269401732,6.0135053417839
106.02500000001,4.9101195745735,-4.8156917069157,-1.1820859664638,0.59761735962744,5,5,6.922193650221,11.250473357681,2051.4575853171,5.8511159436351,6.0117660039312
106.05000000001,4.9112064008411,-4.8169298556091,-1.1830293079439,0.45123999964188,5,5,6.9238411342188,11.252371803538,2051.9979382639,5.8494708247342,6.0099482492618
106.07500000001,4.9122949880765,-4.8181224945161,-1.1839244738895,0.87896300667324,5,5,6.925455881794,11.254218078653,2052.5473813909,5.8478570207706,6.0081720769882
106.10000000001,4.9133350348744,-4.8192830467075,-1.1847760485752,0.80187367124945,5,5,6.9270142715818,11.255993961019,2053.0899288795,5.8463000932839,6.0064613055807
106.12500000001,4.9144135849257,-4.8204491128407,-1.1856650828519,1.2161782613707,5,5,6.9286026608414,11.257814225391,2053.6327443812,5.8447123088646,6.0047119467012
106.15000000001,4.9155436551717,-4.8216565593844,-1.186602342025,0.66023175651627,5,5,6.9302564401244,11.259715130616,2054.1789445769,5.8430589198248,6.0028877176014
106.17500000001,4.91657631859,-4.8228084977175,-1.1874200722931,1.0247455012171,5,5,6.9318034875247,11.26146499874,2054.7273321548,5.8415133149417,6.0011958412024
106.20000000001,4.9176621736487,-4.8239862463729,-1.1883271083986,0.55574460241781,5,5,6.9334054154581,11.263305891892,2055.2719716824,5.8399120711652,5.99942938055
106.22500000001,4.918728758144,-4.8251936214922,-1.18922537378,0.52468595545749,5,5,6.9350164266823,11.265150407509,2055.813105738,5.8383031137163,5.9976574639082
106.25000000001,4.919816548746,-4.8264507676461,-1.190131738381,1.0214223630489,5,5,6.9366788661085,11.267043870378,2056.3609695003,5.8366437436912,5.9958346619228
106.27500000001,4.9208830660962,-4.8276025741655,-1.190991165909,0.9461419440702,5,5,6.9382486168901,11.268833488547,2056.9092266178,5.8350745701809,5.9941104457079
106.30000000001,4.9219939779063,-4.8287718388528,-1.1919052968047,0.97628364204063,5,5,6.9398614730396,11.27068738721,2057.4603013381,5.8334618785572,5.9923313902537
106.32500000001,4.923082577599,-4.8300182006298,-1.1927974237872,0.71113826170772,5,5,6.9415163044419,11.272567375913,2058.0143563345,5.8318096570581,5.9905189288197
106.35000000001,4.9241732565609,-4.8312595125658,-1.1936988874713,0.86486231003761,5,5,6.9431687075164,11.274449681068,2058.5510798867,5.8301595942226,5.9887064749252
106.37500000001,4.9252143511343,-4.8324134988334,-1.1945521169217,0.69096099143318,5,5,6.9447229154228,11.276222690575,2059.0826132473,5.8286066370023,5.9869996209069
106.40000000001,4.9262784889227,-4.8335998099133,-1.1954399574601,0.71405324286299,5,5,6.946316566329,11.278046966878,2059.6054480282,5.8270144580024,5.9852467139541
106.42500000001,4.9273448862244,-4.8348359369712,-1.1963185117707,0.50337863677166,5,5,6.947949114432,11.2799009008,2060.1192666938,5.8253850814954,5.9834597544783
106.45000000001,4.9284430276081,-4.8359612047752,-1.1972185678238,0.99422569709223,5,5,6.949521419151,11.281712596974,2060.6368019022,5.823812777517,5.9817234919177
106.47500000001,4.9295165233132,-4.8371960458043,-1.1980858350069,0.87348046332434,5,5,6.9511576420563,11.283564454896,2061.1626578906,5.8221793595738,5.979935253952
106.50000000001,4.9305834401229,-4.8383770393502,-1.1989580259837,1.0792171741103,5,5,6.9527492001716,11.285379330742,2061.6867360915,5.8205890427352,5.9781878949144
106.52500000001,4.9316917066805,-4.8395981742703,-1.1998722521019,0.19752071350118,5,5,6.9543982681677,11.28726486373,2062.2134171474,5.8189411168207,5.9763748991986
106.55000000001,4.9327866559731,-4.8408055404597,-1.2007595939383,0.80335012254585,5,5,6.9560281905795,11.289120671533,2062.7376297741,5.8173123466169,5.9745867270711
106.57500000001,4.933888708514,-4.8420833193056,-1.201705546662,0.7148091881757,5,5,6.9577155668215,11.291055113349,2063.2580502118,5.8156282685834,5.972731387967
106.60000000001,4.9350004382552,-4.8433042807118,-1.2025943494604,0.56086080906711,5,5,6.9593668359616,11.292930389379,2063.787689877,5.8139780477513,5.9709220812513
106.62500000001,4.9361176782912,-4.8445060782305,-1.203511090828,0.781974894196,5,5,6.9610077328426,11.294810005645,2064.3138452139,5.8123376758891,5.969116043727
106.65000000001,4.9371826492345,-4.8456876548972,-1.2043807453406,1.087930483728,5,5,6.9625984202818,11.296622899878,2064.8475201088,5.8107483069183,5.9673704327058
106.67500000001,4.938255128844,-4.8469376555954,-1.2052831542295,0.73325822764331,5,5,6.9642454522361,11.298500945687,2065.3825329933,5.8091047705196,5.9655646619577
106.70000000001,4.9392946179011,-4.8480814458739,-1.2061265687528,1.0336451158489,5,5,6.9657910245252,11.30026166763,2065.9170212535,5.8075602347546,5.9638687577428
106.72500000001,4.9403763227008,-4.849303713307,-1.2070172938726,0.44822115738889,5,5,6.9674232080172,11.302121079954,2066.4517680425,5.805930077572,5.9620787547864
106.75000000001,4.9414713633245,-4.8504992248552,-1.2079229488069,0.7384271776431,5,5,6.969044430343,11.303978113257,2066.9885012612,5.8043097244756,5.9602949474428
106.77500000001,4.9426230909952,-4.85173644116,-1.2088531906195,0.41696089412432,5,5,6.9707347500797,11.305907499336,2067.5207278895,5.8026199199435,5.9584379631133
106.80000000001,4.9436849126643,-4.8530126131469,-1.2098219238012,0.78243528945761,5,5,6.972394894711,11.307829613842,2068.1043890081,5.8009651330159,5.9566063854711
106.82500000001,4.9447838139099,-4.854354820751,-1.2107106809995,0.79957036463401,5,5,6.9741295719722,11.309778714804,2068.6559594574,5.7992372143375,5.954721795543
106.85000000001,4.9458679679136,-4.8555433311051,-1.2116037419059,1.3838422199235,5,5,6.9757382816307,11.311618688866,2069.1934552286,5.7976294822916,5.9529533171864
106.87500000001,4.9469333136583,-4.8567314543665,-1.212491776923,0.95698158372456,5,5,6.9773340881477,11.313444943128,2069.7263465332,5.7960351797733,5.9511991012106
106.90000000001,4.948058879336,-4.8579618664939,-1.2133718701124,0.68867771223158,5,5,6.9790016648621,11.315330513631,2070.2606260636,5.7943685371873,5.9493762735099
106.92500000001,4.9492159471556,-4.859204333639,-1.2142906636235,0.56314891060849,5,5,6.9806994665424,11.31726098302,2070.7891046372,5.7926712485116,5.9475148628046
106.95000000001,4.9502990451843,-4.8604331970198,-1.2151922350459,0.94489529320031,5,5,6.9823375161596,11.319130752411,2071.321238689,5.791035411718,5.9457172518085
106.97500000001,4.9513791396366,-4.8616002004144,-1.2160221706827,0.85290503566934,5,5,6.9839276422392,11.320924434131,2071.8572046791,5.7894458950905,5.9439810282373
107.00000000001,4.952463420166,-4.8627174376767,-1.2168733666881,1.0984889738636,5,5,6.9854845248188,11.322698812333,2072.3882056269,5.7878890249899,5.9422718220564
107.02500000001,4.9535746036506,-4.8639088277994,-1.2177457161156,0.69790362865073,5,5,6.9871136777155,11.324546820094,2072.9238126838,5.7862603357417,5.9404879106953
107.05000000001,4.9546984789562,-4.8651782250891,-1.2186581982855,0.88005334344515,5,5,6.9888091024946,11.326472200288,2073.4592979809,5.7845670111459,5.9386319975808
107.07500000001,4.9557871424568,-4.8663867216656,-1.2195565230522,1.0299086381557,5,5,6.9904356485877,11.328330328266,2073.9906020665,5.7829418440739,5.9368457208266
107.10000000001,4.9568526858315,-4.8675211059131,-1.2203831416389,0.73216825362689,5,5,6.991991993763,11.330092573593,2074.5178177785,5.7813858212492,5.935143056129
107.12500000001,4.957947285045,-4.8687039831018,-1.2212680832407,0.71586250645527,5,5,6.9936036220953,11.331931178368,2075.0394817472,5.779774816523,5.9333736826542
107.15000000001,4.9590675373864,-4.8699042525437,-1.2221431769146,0.68810952241421,5,5,6.9952454540117,11.333791662439,2075.5644212073,5.77813344001,5.9315769902993
107.17500000001,4.9601665284533,-4.8710998676714,-1.2230043172942,1.0639185017026,5,5,6.9968694235,11.33562982447,2076.0896792019,5.7765102597132,5.9298012149907
107.20000000001,4.9612872184414,-4.8723142105259,-1.2239093263358,1.0194591515061,5,5,6.9985218685422,11.337513866928,2076.6133814057,5.7748585184878,5.9279877474795
107.22500000001,4.9623908025662,-4.8735164108681,-1.2247817056757,0.96353809915047,5,5,7.0001537948835,11.339364334246,2077.1408670996,5.7732274199599,5.9262017993333
107.25000000001,4.9634684222759,-4.8747000337369,-1.2256551057096,0.76313878419929,5,5,7.0017544907741,11.341187807568,2077.6568140077,5.7716277591,5.9244462867418
107.27500000001,4.9645823354423,-4.8759011646142,-1.2265327472126,0.73868795474519,5,5,7.003392635434,11.343046240385,2078.1706496586,5.7699902020242,5.9226529384529
107.30000000001,4.9656526533382,-4.8770850779861,-1.227399435104,1.1472679706031,5,5,7.0049886402179,11.344862384424,2078.6888660794,5.7683954413409,5.9209037941166
107.32500000001,4.9667424378935,-4.8782637160228,-1.2282774861154,0.62245334722256,5,5,7.0065938872389,11.346692081551,2079.2031605508,5.7667908369338,5.9191425376023
107.35000000001,4.9677966322653,-4.8794348221257,-1.2291139471103,1.3030050434358,5,5,7.0081695824118,11.34847603286,2079.7196850943,5.7652165079797,5.917420191066
107.37500000001,4.9689053964752,-4.8806321253829,-1.2299979921641,0.73749953426393,5,5,7.0098014197698,11.350331950105,2080.2397089693,5.7635852894699,5.9156317338414
107.40000000001,4.9699872678479,-4.8818180123016,-1.2308857588607,1.1728943153003,5,5,7.0114066529151,11.352166317342,2080.7712380388,5.761981039982,5.9138687561601
107.42500000001,4.9710946627943,-4.8830586435405,-1.2317993469833,0.57207500445119,5,5,7.0130696289939,11.354063718906,2081.3124983772,5.7603198130565,5.9120444938549
107.45000000001,4.9721940910943,-4.8843502409346,-1.2326693567309,1.1677091668635,5,5,7.0147657912548,11.355969993644,2081.8270822719,5.7586277340275,5.9102000215519
107.47500000001,4.9732811856067,-4.885568030976,-1.2335606004561,0.86785485078153,5,5,7.0163982088066,11.357829859887,2082.3331922914,5.7569970329952,5.9084106147999
107.50000000001,4.9743469345863,-4.8866902664115,-1.2343938816279,1.1179427988482,5,5,7.0179458629219,11.359587583065,2082.8394564002,5.7554495539018,5.9067153747204
107.52500000001,4.9754242647195,-4.8878495751738,-1.2352514024315,0.96973272413686,5,5,7.0195284674278,11.361387577218,2083.3514145667,5.7538674789576,5.9049810119255
107.55000000001,4.9764981566176,-4.889083316042,-1.2361217526636,1.1920095540569,5,5,7.0211641203062,11.363240377765,2083.8623125832,5.7522346150123,5.9031943151414
107.57500000001,4.9775749119393,-4.8902227282189,-1.2369823038373,1.2749266625579,5,5,7.0227318135579,11.365028731883,2084.3686074576,5.7506671624003,5.9014735984721
107.60000000001,4.9786913712724,-4.8913971540429,-1.2378624348674,0.34453530426517,5,5,7.0243522324725,11.366872746007,2084.880432502,5.74904691521,5.8996970789737
107.62500000001,4.9797570961237,-4.8925776763642,-1.2387030350956,1.1328788903936,5,5,7.0259426419826,11.368671637653,2085.3835025051,5.7474577989638,5.8979598105306
107.65000000001,4.9808309272661,-4.8937894114126,-1.2395913545951,0.57880419664566,5,5,7.0275617204705,11.370518398786,2085.883001676,5.7458407072462,5.8961846087734
107.67500000001,4.9819109829687,-4.894973687952,-1.240470902509,0.99624037338007,5,5,7.0291645402491,11.372346686448,2086.3901113185,5.7442388853001,5.8944262980543
107.70000000001,4.9829986741512,-4.8961477316673,-1.2413008184884,1.2133056435283,5,5,7.0307649935454,11.374149520686,2086.8964570232,5.7426390355106,5.8926810798171
107.72500000001,4.9840816787954,-4.8972971418794,-1.2421557788461,1.1610947869677,5,5,7.0323442474499,11.375945349215,2087.4049410048,5.7410600680204,5.8909506332738
107.75000000001,4.9851592420767,-4.8984957447067,-1.2430563915273,0.87744434965687,5,5,7.0339560139847,11.377791668409,2087.9123349164,5.7394497530401,5.8891794462733
107.77500000001,4.9862553206498,-4.8997037555652,-1.243919945233,1.1211636211011,5,5,7.0355871726137,11.379637312869,2088.4192569714,5.7378197639119,5.8873974307001
107.80000000001,4.9873856871539,-4.9008792202533,-1.2447951415884,0.62859400594888,5,5,7.037217953306,11.381488100358,2088.9240306194,5.7361890476699,5.8856121382443
107.82500000001,4.9884522264679,-4.9021341851445,-1.2456863851954,0.87099332584655,5,5,7.0388649029065,11.383360734373,2089.4255984035,5.7345461700026,5.8838114416613
107.85000000001,4.9895347026571,-4.9033476135217,-1.246570173199,0.76906968115298,5,5,7.0404909911965,11.385211475943,2089.9344309362,5.7329218272038,5.8820305208129
107.87500000001,4.9905958043981,-4.9045244828933,-1.2474022085028,1.5820839789747,5,5,7.0420755915949,11.387001236031,2090.4356529918,5.7313385622322,5.8803012541456
107.90000000001,4.9916707050728,-4.9056685491254,-1.2482474579746,1.6860724091451,5,5,7.0436454001832,11.38878413975,2090.9420082254,5.7297690848927,5.8785825071257
107.92500000001,4.9927487399216,-4.9069076994387,-1.2491054969677,1.1857572929987,5,5,7.0452878534197,11.390637213831,2091.445800022,5.7281294715041,5.8767925778224
107.95000000001,4.993811458967,-4.9080712462736,-1.249952974288,1.2537909949249,5,5,7.0468636747948,11.392426468093,2091.9459194265,5.7265545969525,5.8750681481449
107.97500000001,4.9948816465887,-4.9092467361428,-1.2508142785968,0.84688041956879,5,5,7.0484533533719,11.394234484434,2092.4444269131,5.7249659641425,5.8733272578422
108.00000000001,4.9959637041445,-4.9104929530331,-1.2516771660423,0.97082455635716,5,5,7.0501037791024,11.396096869957,2092.9333185771,5.7233184906765,5.871528698686
108.02500000001,4.99702692294,-4.9117078270646,-1.2525311791891,1.0490204051926,5,5,7.0517181994688,11.397923257532,2093.4247074077,5.7217065939239,5.8697668376209
108.05000000001,4.9980881967924,-4.9128719154343,-1.2533697277248,1.6630736234968,5,5,7.0532934467262,11.399707793205,2093.9100450466,5.7201323463971,5.8680451651366
108.07500000001,4.9991374996566,-4.9140163274196,-1.2541969298566,1.4508286193415,5,5,7.0548460945591,11.401467048349,2094.3987811189,5.7185805335981,5.8663479299214
108.10000000001,5.0002263136987,-4.9152259884699,-1.2550732032106,1.1358558248222,5,5,7.0564736067326,11.403315466826,2094.9062428596,5.716954457305,5.8645673960057
108.12500000001,5.0012983846834,-4.9164263190057,-1.2559170694336,1.5558222293697,5,5,7.0580829946881,11.405132673417,2095.3957095082,5.7153467625722,5.862812045158
108.15000000001,5.0023968458882,-4.9176334697392,-1.2567780012015,0.9500382562199,5,5,7.0597151190437,11.406977946681,2095.8822278857,5.7137157319172,5.86103017958
108.17500000001,5.0034378638763,-4.9188142407903,-1.2576288881812,0.17138956285518,5,5,7.0612892660274,11.408767345289,2096.3715758947,5.7121437402322,5.8593081458935
108.20000000001,5.0044717178511,-4.9199459974597,-1.2584490346704,0.74006323134242,5,5,7.062822148019,11.410505841037,2096.8550371421,5.7106117813328,5.8576320234161
108.22500000001,5.005527045589,-4.9211381106022,-1.2592674526616,1.1122823931847,5,5,7.0644142693645,11.412295997004,2097.3410561985,5.7090216759356,5.8558996334453
108.25000000001,5.0066271004619,-4.9223376989809,-1.2601500225775,1.3254377830505,5,5,7.066041885106,11.414147499815,2097.8308918001,5.7073949360385,5.8541172879378
108.27500000001,5.0076896064327,-4.9235699663955,-1.2609956949433,1.9922885320347,5,5,7.0676689689757,11.415981229257,2098.3226492174,5.7057711220709,5.8523460436041
108.30000000001,5.0087663389269,-4.9247455688648,-1.2618464271606,1.5155712655179,5,5,7.0692631440068,11.417788198913,2098.8055192567,5.7041778387223,5.8506034775263
108.32500000001,5.0098205189347,-4.9259096155682,-1.262700707432,0.93999357323162,5,5,7.0708335898723,11.419575961481,2099.2907434391,5.7026085918318,5.8488835968345
108.35000000001,5.0108957758563,-4.9271425251378,-1.2635710895068,0.54972076355481,5,5,7.0724695126866,11.421429015287,2099.7696629687,5.7009754008961,5.8470978329404
108.37500000001,5.0119461048361,-4.9283295268377,-1.2643910385769,1.2183538322621,5,5,7.074054493444,11.423213526559,2100.2514714158,5.6993924511963,5.8453722964262
108.40000000001,5.0130130006873,-4.9295028588348,-1.265244246992,1.4255470496559,5,5,7.0756403606304,11.425014342855,2100.7299809241,5.6978076756699,5.8436376300172
108.42500000001,5.0140893085405,-4.9307315889244,-1.2661105407392,1.1623315712965,5,5,7.0772738281776,11.426863310428,2101.216482768,5.6961767389775,5.8418550889989
108.45000000001,5.015159652369,-4.931909854155,-1.2669476441371,1.7965477540004,5,5,7.0788656651243,11.428661833979,2101.700889141,5.6945860280471,5.8401182871047
108.47500000001,5.0162228217693,-4.9330542201211,-1.2677871465961,1.4380686680432,5,5,7.0804276838944,11.430435154879,2102.18194726,5.6930245548625,5.8384094996029
108.50000000001,5.0172800508607,-4.9342601914985,-1.2686315324998,1.0245431884385,5,5,7.082031460785,11.432247636016,2102.6509484878,5.6914232300635,5.8366608077182
108.52500000001,5.0183159015203,-4.9354439793378,-1.269469950083,0.76800325732101,5,5,7.083604464357,11.434030129853,2103.1266673235,5.6898527138396,5.8349435185841
108.55000000001,5.0193679808062,-4.9366306455842,-1.2703090519519,1.100670254543,5,5,7.0851903545184,11.435824325927,2103.5950408468,5.6882687860751,5.833213037346
108.57500000001,5.0204352106072,-4.9377871305394,-1.2711606192947,1.2376720862261,5,5,7.0867640244011,11.437613628539,2104.0684994102,5.6866958165341,5.8314905191042
108.60000000001,5.0214869317534,-4.9389820233493,-1.2719973883531,1.3943424108331,5,5,7.0883558429198,11.439411980188,2104.5493002979,5.6851062646963,5.8297551458633
108.62500000001,5.0225645156982,-4.9401519038665,-1.2728403521535,1.6686053265984,5,5,7.0899463798049,11.44121209006,2105.0292835773,5.6835164814982,5.8280182130451
108.65000000001,5.0236357174806,-4.9413901907546,-1.273716247438,1.3901945919768,5,5,7.0915837031315,11.443068974609,2105.5027224087,5.6818823017552,5.8262307364969
108.67500000001,5.024690350273,-4.9425473927705,-1.2745423862228,1.377791477355,5,5,7.0931493872734,11.444839249199,2105.9668822618,5.6803176382247,5.8245220998401
108.70000000001,5.0257753464716,-4.9437705154504,-1.2754160925202,0.86596750426283,5,5,7.0947843936468,11.446693058395,2106.4319855158,5.6786846388968,5.8227363389568
108.72500000001,5.026826989299,-4.9449278681883,-1.2762493100482,0.77079259306767,5,5,7.0963481768787,11.448464969635,2106.9012647299,5.6771219616244,5.8210281502438
108.75000000001,5.0278628034935,-4.9461009350208,-1.2770796012663,1.3882858453301,5,5,7.0979131039822,11.450236517079,2107.3650227547,5.6755591387025,5.819320503422
108.77500000001,5.0289263784588,-4.9472577577682,-1.2779184410051,1.5075190857393,5,5,7.0994845461782,11.452017831954,2107.8382440588,5.6739884904422,5.8176033738045
108.80000000001,5.02998731213,-4.9484358376787,-1.2787559832232,1.2408196578411,5,5,7.1010699333644,11.453810854402,2108.310848181,5.6724045080773,5.8158735636159
108.82500000001,5.031066262679,-4.9496655812311,-1.2796480599941,1.0786283214208,5,5,7.1027059050916,11.455674239616,2108.7804652849,5.6707710159297,5.8140834678122
108.85000000001,5.0321089457138,-4.9508660327489,-1.2804629043651,1.9382281655106,5,5,7.1042959591025,11.457460924565,2109.2410577465,5.6691838304496,5.8123556186777
108.87500000001,5.0332181139166,-4.9520835595667,-1.2813464731659,1.0260142625126,5,5,7.1059429641584,11.459329966961,2109.6970913568,5.6675379169874,5.8105553669753
108.90000000001,5.0342618457865,-4.9532379476852,-1.2821994318942,0.84094075655769,5,5,7.1074992379597,11.461104657564,2110.1732224454,5.6659828993599,5.8088505654235
108.92500000001,5.0353138373139,-4.9543949432527,-1.2830213749413,0.73692660950604,5,5,7.1090629914302,11.462871268809,2110.6290083492,5.6644202389807,5.8071451841522
108.95000000001,5.0363827756791,-4.9555981474209,-1.2838629518073,1.3988285623882,5,5,7.1106724414913,11.464687468446,2111.0994547633,5.6628127150806,5.805391752592
108.97500000001,5.0374389501985,-4.9567481711405,-1.2846766200342,1.7847619271274,5,5,7.1122338700587,11.466448182833,2111.5751920968,5.6612521075271,5.8036902686045
109.00000000001,5.0384939371221,-4.9579036177169,-1.285523966416,1.886383287377,5,5,7.1137984959564,11.468227522624,2112.0418753935,5.6596884587303,5.8019784399554
109.02500000001,5.0395942062575,-4.9590613146797,-1.2863882076392,0.94790740180115,5,5,7.1153956354081,11.470043498207,2112.4994423458,5.6580915077106,5.8002304479942
109.05000000001,5.0406362131129,-4.9602417989233,-1.2871998103865,0.79475062039923,5,5,7.1169702214921,11.471814944045,2112.9578976546,5.6565190638837,5.7985179823999
109.07500000001,5.0417198617628,-4.9614659309144,-1.2880836417205,0.50320566169187,5,5,7.1186050895382,11.473673424972,2113.4123328716,5.6548863012379,5.7967308274199
109.10000000001,5.0428093441876,-4.9626925042281,-1.2889472656469,1.2824492756164,5,5,7.1202456546993,11.475527420747,2113.8693484635,5.6532477127635,5.7949424739735
109.12500000001,5.0438637148144,-4.9638779669862,-1.2898083716396,1.4391169926178,5,5,7.1218321663978,11.477332558664,2114.3262632311,5.6516630625279,5.7932073342421
109.15000000001,5.0449015907255,-4.9650613933704,-1.2906206243523,1.4617252936515,5,5,7.1234062326016,11.47910384037,2114.7962146564,5.6500914139786,5.7914956497935
109.17500000001,5.0459795672742,-4.966233158957,-1.2914657956118,1.6974673335315,5,5,7.124998422298,11.480906444733,2115.2634638209,5.6485000230425,5.7897575119697
109.20000000001,5.0470436540482,-4.9674168206467,-1.2923203081789,1.2665968335845,5,5,7.1265900678798,11.482712968296,2115.7248199672,5.646909860393,5.7880185613945
109.22500000001,5.0480874256837,-4.9685847075953,-1.2931579202875,1.1716409423288,5,5,7.1281564072913,11.484489203978,2116.1849234129,5.6453451847406,5.7863082251897
109.25000000001,5.0491510705254,-4.9697959593359,-1.2940235995746,0.94862068650616,5,5,7.1297683846882,11.486318923015,2116.6393596514,5.6437356310263,5.7845479870033
109.27500000001,5.050202384549,-4.9710017396802,-1.2948603550137,0.94049306281459,5,5,7.1313681244842,11.488124283666,2117.0976503964,5.6421386179961,5.7828063669403
109.30000000001,5.0512850869764,-4.9721956182966,-1.2957117162546,1.4326266743364,5,5,7.1329798287676,11.489947030675,2117.5560171848,5.6405281314434,5.7810484376988
109.32500000001,5.0523493735954,-4.9733885776055,-1.2965647149859,1.7904701929864,5,5,7.1345785338436,11.491759063996,2118.0236710875,5.6389311943941,5.7793034096284
109.35000000001,5.0534221399727,-4.9745856510559,-1.2974357370386,1.495076526389,5,5,7.1361859580396,11.493587312328,2118.4839171326,5.6373253840756,5.7775458172098
109.37500000001,5.0544588987894,-4.975751254055,-1.2982414139997,1.4354150628001,5,5,7.1377459257301,11.49534304994,2118.9454359779,5.6357672548272,5.7758490963091
109.40000000001,5.0555115785002,-4.9769448534581,-1.2990966259304,1.0458485912097,5,5,7.1393374074638,11.497149760087,2119.3958031534,5.6341779896861,5.774111189022
109.42500000001,5.0565846169186,-4.9781836166393,-1.2999805022038,0.61269078702362,5,5,7.1409762929591,11.499011797394,2119.84740571,5.6325422239866,5.7723216783447
109.45000000001,5.0576330668312,-4.979370926922,-1.3008087298158,1.1782059171076,5,5,7.1425602604229,11.500799229603,2120.3054864911,5.630960413555,5.7705970291984
109.47500000001,5.0586832373235,-4.9805812758948,-1.3016536099508,1.1370744760925,5,5,7.1441626969112,11.502610755242,2120.7611216174,5.6293609498274,5.7688515508038
109.50000000001,5.0597390850094,-4.9817510086885,-1.3024917009131,1.9247687345782,5,5,7.1457384789851,11.504395548117,2121.2260388984,5.6277865128644,5.7671320169651
109.52500000001,5.0607966582055,-4.9828981180544,-1.3033474595472,1.4305484711973,5,5,7.1472987100457,11.506175054735,2121.6985936363,5.6262270215425,5.7654232479991
109.55000000001,5.0618563183872,-4.9841238047086,-1.3041902676555,1.3485246415298,5,5,7.1489189530753,11.508001393417,2122.1581515267,5.6246099662941,5.763661173738
109.57500000001,5.0629174350202,-4.9852986556615,-1.3050443540324,1.2598500090409,5,5,7.1505020649698,11.509800200469,2122.6231422919,5.6230281884142,5.761931103138
109.60000000001,5.0639879315346,-4.9864932001483,-1.3058980273178,1.1219427474826,5,5,7.1521060909416,11.511617246807,2123.0815991978,5.6214257831587,5.7601810335472
109.62500000001,5.0650536579884,-4.9876964039482,-1.3067415530433,0.53876844451861,5,5,7.1537134092854,11.513432462472,2123.5353257343,5.6198205364051,5.7584304444887
109.65000000001,5.0661369003144,-4.9889083689641,-1.3076060669443,0.69010631861289,5,5,7.1553389163252,11.515273564702,2123.987868952,5.6181967711744,5.7566572456986
109.67500000001,5.0671861846686,-4.9901155759254,-1.3084448933217,1.6128062091826,5,5,7.1569383994616,11.517079658829,2124.4499864162,5.6166001816488,5.754916209038
109.70000000001,5.0682352026653,-4.9913038267711,-1.3092843823041,2.0866359506711,5,5,7.1585234479876,11.518873292175,2124.9174692643,5.6150173134924,5.7531884583661
109.72500000001,5.0693039726437,-4.9924919476008,-1.3101684340633,1.2510849687578,5,5,7.1601215407172,11.520699613035,2125.3771317375,5.6134207084023,5.7514376355498
109.75000000001,5.0703397256955,-4.9936899258839,-1.3109913577148,1.1459704587307,5,5,7.1617051872533,11.522484309,2125.8340355616,5.6118401867312,5.7497158626489
109.77500000001,5.0714185512296,-4.994901662447,-1.311864691438,0.64856766429192,5,5,7.1633275836386,11.524326829509,2126.2838787417,5.6102196831402,5.7479441334104
109.80000000001,5.0724683178939,-4.9961112676496,-1.3126938728439,0.96332273630649,5,5,7.1649291937022,11.526130352894,2126.7419021048,5.6086210511132,5.7462033992132
109.82500000001,5.0735259622504,-4.9972744304448,-1.3135383044496,1.3749803821963,5,5,7.1665013130593,11.527914904381,2127.1913466657,5.6070500581226,5.7444863639267
109.85000000001,5.0745968425771,-4.9984909541009,-1.3143981266314,1.2010909485737,5,5,7.1681220272476,11.529749572924,2127.6512363891,5.6054317044022,5.7427197955316
109.87500000001,5.0756524755265,-4.9996683010787,-1.315238238181,1.3288679307239,5,5,7.1697033263432,11.531540185737,2128.118028383,5.6038519961037,5.7409952732823
109.90000000001,5.0767169211729,-5.0008734442148,-1.3160863775939,1.8384849662032,5,5,7.1713112487644,11.533358084242,2128.5854556793,5.6022462750041,5.7392436552084
109.92500000001,5.0778045234503,-5.0020721684108,-1.3169683351364,1.2451470195696,5,5,7.1729298340764,11.535201360543,2129.0411132806,5.6006289202965,5.7374733789499
109.95000000001,5.0788447644217,-5.0032661478353,-1.3177901316262,0.53740957155173,5,5,7.174513402245,11.536985467494,2129.5004187191,5.5990481214705,5.7357518887491
109.97500000001,5.0798979044493,-5.0044664462161,-1.3186491491121,1.0052171910096,5,5,7.1761102178638,11.538798677676,2129.9504986314,5.5974537799748,5.7340091403426
110.00000000001,5.0809421019151,-5.0056413801419,-1.319474224611,0.63689228198867,5,5,7.177682101472,11.540573943193,2130.4057822947,5.5958838079946,5.7322975844627
110.02500000001,5.0819914414076,-5.0068217697986,-1.3203275732664,1.523171691879,5,5,7.1792614789165,11.542369113669,2130.8685882697,5.5943063415724,5.7305726210407
110.05000000001,5.0830553501991,-5.0080207793031,-1.3211745498724,0.79265020183746,5,5,7.1808644529364,11.544182093283,2131.3325814107,5.5927053818416,5.728826145394
110.07500000001,5.0841111857841,-5.0092092501074,-1.3219756109712,1.1825302446102,5,5,7.1824541861326,11.545962247917,2131.799711743,5.5911175997943,5.7271025208296
110.10000000001,5.0851582238382,-5.0103780170647,-1.3227955907596,0.82931402350842,5,5,7.184023359446,11.547732748338,2132.2545537787,5.5895500444224,5.725394579807
110.12500000001,5.0861942488956,-5.0115389639854,-1.3236460836847,0.70757442443664,5,5,7.185579362554,11.549506017603,2132.7204661009,5.5879957850006,5.7236930517515
110.15000000001,5.0872553387277,-5.0127392947157,-1.3244498557924,0.44586578460015,5,5,7.1871814566505,11.551298433597,2133.1743672279,5.5863958610377,5.7219570929453
110.17500000001,5.0882950984789,-5.0138980218839,-1.3252557288218,0.5130348925018,5,5,7.188738296074,11.553051482464,2133.6250969793,5.5848405721672,5.7202642916787
110.20000000001,5.0893337043252,-5.0150381647459,-1.3260793218953,0.88342067457958,5,5,7.1902805761554,11.554799891283,2134.0929788835,5.5832993565238,5.7185814346105
110.22500000001,5.0903731226098,-5.0162169059134,-1.3268791507375,0.93304225151286,5,5,7.1918521426066,11.556563282133,2134.5606054529,5.5817300240286,5.7168763007082
110.25000000001,5.0914221798509,-5.0173984382441,-1.3277084627305,1.1222077548731,5,5,7.1934321868286,11.55834774231,2135.0316827215,5.5801519491732,5.715156294595
110.27500000001,5.092469151633,-5.0185394027193,-1.3285223861706,0.73347820583352,5,5,7.1949807183414,11.56009714827,2135.4988401734,5.578604289483,5.7134693479405
110.30000000001,5.0935036967644,-5.0197528530656,-1.3293396087273,0.52488779076954,5,5,7.1965753171536,11.561888962457,2135.9602526874,5.5770136020878,5.7117397132768
110.32500000001,5.0945725319045,-5.0209467634476,-1.3301754897681,0.66960348970477,5,5,7.1981777623343,11.563696316233,2136.4096982061,5.5754128428192,5.7099962531506
110.35000000001,5.0956246352423,-5.0221705375281,-1.3310460408152,0.27302109699003,5,5,7.1997916224377,11.565530002018,2136.8709534011,5.5738024921445,5.7082359862496
110.37500000001,5.096679715787,-5.0233573299817,-1.3318443716499,0.94490649497952,5,5,7.201379599542,11.567307360565,2137.3257249565,5.5722164500456,5.7065150756432
110.40000000001,5.0977345853156,-5.0245208716703,-1.3326625950366,0.83993829858485,5,5,7.2029501341591,11.569078255394,2137.7941838436,5.570647149697,5.7048062578552
110.42500000001,5.0987952189926,-5.0256829842228,-1.333480762259,1.2992444788526,5,5,7.2045234902476,11.570851627037,2138.2656245732,5.569074832075,5.7030945429988
110.45000000001,5.0998519524244,-5.0268959665603,-1.3343319786566,0.78851719260852,5,5,7.2061322200873,11.572671676776,2138.7358171543,5.5674689450003,5.7013429641525
110.47500000001,5.1009111608276,-5.0281115828098,-1.3351680298903,0.38848450688581,5,5,7.2077445616477,11.574487889036,2139.204564505,5.5658594461565,5.6995911654036
110.50000000001,5.1019785518874,-5.0294019392137,-1.3360334130164,0.63322933152534,5,5,7.2094191790141,11.576372890701,2139.6653112947,5.5641908819042,5.6977754105197
110.52500000001,5.103034611132,-5.0306431021714,-1.3368693126975,0.43593023076685,5,5,7.2110488251767,11.578204413263,2140.1367401292,5.5625653636047,5.6960080790283
110.55000000001,5.104099414336,-5.0318587615422,-1.3376755051487,0.90887849915015,5,5,7.2126648801168,11.580010397714,2140.601508497,5.5609519204652,5.6942589685607
110.57500000001,5.1051626231754,-5.0330840552599,-1.338525001699,0.91283290674261,5,5,7.2142871494319,11.581841627388,2141.081172082,5.5593327211585,5.6924949587785
110.60000000001,5.1062324941812,-5.0343003624453,-1.3393726267238,1.1058072031919,5,5,7.215907034347,11.583669876638,2141.5613883429,5.5577152684059,5.6907330977248
110.62500000001,5.1072983962683,-5.0355306417292,-1.3402017607729,1.002854071022,5,5,7.2175348348187,11.585496676476,2142.0381682365,5.5560906281633,5.6889682306699
110.65000000001,5.1083484467167,-5.036782835714,-1.3410459405938,0.54203873407442,5,5,7.2191690305597,11.587336033779,2142.5093823033,5.5544614593553,5.687195746391
110.67500000001,5.1093945453509,-5.0380130309361,-1.3418801865309,0.49867330979878,5,5,7.2207838688293,11.589153633548,2142.9800139799,5.5528507585543,5.6854434718853
110.70000000001,5.1104572971091,-5.0392590791825,-1.342723467206,0.26764559321986,5,5,7.2224215737881,11.590995697562,2143.4454374143,5.5512170809156,5.6836668555802
110.72500000001,5.1115461569071,-5.0404718380492,-1.3435657018661,0.65102421266086,5,5,7.2240514203233,11.59283029805,2143.919599633,5.5495888636138,5.6818958362441
110.75000000001,5.1126043485255,-5.0417424815348,-1.3444194112532,0.8611490259549,5,5,7.2257049935357,11.594691245144,2144.3994021303,5.5479408372467,5.6801030472848
110.77500000001,5.1136699903515,-5.0429438232162,-1.3452421527495,1.2880284175658,5,5,7.2273108622529,11.596495605946,2144.8870426248,5.546337037191,5.6783601359333
110.80000000001,5.114729549704,-5.0441609638261,-1.3460768559059,0.87997127828863,5,5,7.2289245838167,11.598312423671,2145.3729168119,5.5447262287746,5.6766078528596
110.82500000001,5.1158002234291,-5.0453943472107,-1.3469204604906,0.59756527057964,5,5,7.2305578556248,11.600150696092,2145.8533211423,5.5430960458382,5.674834777104
110.85000000001,5.1168406467101,-5.0466649385492,-1.3477649802088,0.46623694450424,5,5,7.2322000745363,11.601997340754,2146.3276366563,5.5414605178724,5.6730563240666
110.87500000001,5.1179095638032,-5.0478930061859,-1.3485999625696,0.41392719561773,5,5,7.2338281819873,11.603827075548,2146.7941303015,5.5398353626588,5.671290084613
110.90000000001,5.1190489203578,-5.0491894064676,-1.3495252247665,0.58867446693243,5,5,7.2355540982799,11.605785364899,2147.2713627836,5.5381120996729,5.6694087308524
110.92500000001,5.1200927848457,-5.0503782437875,-1.3503088857935,0.9077233133797,5,5,7.2371361814769,11.607550899336,2147.7593344044,5.5365324902283,5.66769804293
110.95000000001,5.1211749552872,-5.0515673728296,-1.3511308509713,1.1980680634943,5,5,7.2387440125449,11.609356653332,2148.2452059328,5.5349258295658,5.6659527716266
110.97500000001,5.122268776363,-5.0527972294433,-1.3519528393255,1.1334196049126,5,5,7.2403899140717,11.61119639698,2148.7309593746,5.5332819514877,5.6641711752326
111.00000000001,5.1233373888647,-5.0539964517765,-1.3527816492329,0.75247574601343,5,5,7.2419961727319,11.613003879413,2149.207171703,5.5316775939282,5.6624267653402
111.02500000001,5.1243993839451,-5.0552105185523,-1.3535949417442,0.56345187250233,5,5,7.2436091797644,11.614810322437,2149.677597567,5.5300672860378,5.6606798950382
111.05000000001,5.1254756124036,-5.0564637361175,-1.3544159038178,0.60618379334827,5,5,7.2452610943992,11.616654990615,2150.1510571309,5.5284190773345,5.6588943962165
111.07500000001,5.1265294861378,-5.0576376800208,-1.3552327712479,0.62572127972528,5,5,7.246838685644,11.61843152278,2150.6281612471,5.5268430847774,5.657180359405
111.10000000001,5.1275871565927,-5.058864632327,-1.3560445388956,0.67850125847362,5,5,7.2484585864906,11.620243440401,2151.116485623,5.5252266212445,5.6554279090158
111.12500000001,5.1286771902578,-5.0601330714173,-1.3568889779243,1.1623456174361,5,5,7.2501310431019,11.622116990078,2151.6152372569,5.5235578852919,5.6536174566811
111.15000000001,5.1297919879619,-5.0613606728239,-1.357701048866,1.2855109752306,5,5,7.2517892889024,11.623963402369,2152.1183685249,5.5219009232348,5.6518254468148
111.17500000001,5.130866342191,-5.0625466632881,-1.358497341827,0.58816594171225,5,5,7.2533895421294,11.625750828695,2152.6161473159,5.5203019881863,5.6500935276945
111.20000000001,5.1319294735525,-5.0638104996037,-1.3593455270992,0.50247223693145,5,5,7.2550410658273,11.627607424714,2153.1001292462,5.5186553960726,5.6483040246701
111.22500000001,5.1330243684526,-5.06509247796,-1.36016020782,0.4641142830084,5,5,7.2567269671732,11.62947984775,2153.5886345365,5.5169736035247,5.6464873037203
111.25000000001,5.1341385611517,-5.0663203761576,-1.3610028950957,0.36551048579476,5,5,7.2583850260848,11.631339762049,2154.0713577858,5.5153168582963,5.6446891281496
111.27500000001,5.1352102790073,-5.0675681057576,-1.3618326538973,0.90520610741649,5,5,7.2600298386324,11.633182018271,2154.5660330904,5.51367574222,5.6429090140784
111.30000000001,5.1362884898501,-5.0688524176197,-1.3627069842057,0.82668942918239,5,5,7.26170673922,11.635073168468,2155.0721229096,5.5120039865841,5.6410895187143
111.32500000001,5.1374010550456,-5.0701651030774,-1.3635428220424,1.3498565447656,5,5,7.2634274787195,11.63698616855,2155.5802265359,5.5102879168546,5.6392349508912
111.35000000001,5.1384858955552,-5.0713728209736,-1.3643382962939,1.0711495277364,5,5,7.2650508891568,11.638793996178,2156.0798886428,5.5086661444138,5.6374811411272
111.37500000001,5.1395725047662,-5.0726738885473,-1.3651950054816,0.38109003151262,5,5,7.2667460282097,11.640693324228,2156.5753824278,5.5069765599334,5.6356480902083
111.40000000001,5.1406802938269,-5.0739444059283,-1.3660401849357,0.42666055389076,5,5,7.2684316767551,11.642578991041,2157.0751545274,5.5052939178755,5.6338243126391
111.42500000001,5.1417633269049,-5.075204077871,-1.3668758926749,0.58426742851612,5,5,7.2700929214846,11.644438598923,2157.5783437087,5.5036363666194,5.6320271037434
111.45000000001,5.142852211727,-5.0764610605758,-1.3677267793439,0.75799394442833,5,5,7.2717559535577,11.646306668461,2158.0963950412,5.5019766329708,5.6302245791992
111.47500000001,5.1439653818988,-5.077739054276,-1.3685483593116,0.77872415722572,5,5,7.2734507738221,11.648190125223,2158.6047910048,5.5002848928348,5.6283970346406
111.50000000001,5.1450174985502,-5.0790419809623,-1.3693886543605,1.3358264108011,5,5,7.2751254580903,11.6500638016,2159.111578304,5.4986181785554,5.6265900129347
111.52500000001,5.1461370472987,-5.080228217732,-1.370230355954,0.91595629252227,5,5,7.276756576441,11.651899287543,2159.6028593301,5.4969874006831,5.6248178516546
111.55000000001,5.1471985149104,-5.0814677907289,-1.371023909998,0.66805821925083,5,5,7.278388524573,11.653713945287,2160.0991303611,5.4953593111465,5.6230585606467
111.57500000001,5.1482266594243,-5.0827275729192,-1.371832990385,0.38971541723754,5,5,7.2800146033867,11.655530189593,2160.592336571,5.4937401772506,5.6213047660709
111.60000000001,5.1492968130048,-5.0839889965931,-1.3726673303718,0.57680507608162,5,5,7.281668815698,11.657382901547,2161.0647150375,5.4920904228844,5.6195157323469
111.62500000001,5.1503723708085,-5.085231443374,-1.3734964248065,0.84247587162809,5,5,7.2833121350804,11.659223525402,2161.5417088934,5.490450412797,5.6177373710803
111.65000000001,5.1514234589413,-5.0864141388433,-1.3742945573521,0.90084388041841,5,5,7.284894397649,11.660995690856,2162.0507369541,5.488870164709,5.6160240080806
111.67500000001,5.1525630316456,-5.0876485163221,-1.3751212016354,1.0314252453686,5,5,7.2865743719669,11.662868030163,2162.5454362334,5.487191026135,5.614207996758
111.70000000001,5.1536471833938,-5.0889003392604,-1.3759379010199,0.78490623783284,5,5,7.288230405083,11.664714498025,2163.0322996924,5.4855383095966,5.6124199493264
111.72500000001,5.1547651879078,-5.090292675439,-1.3768657056052,0.77254813735663,5,5,7.2900160517804,11.666726799065,2163.5081230674,5.4837616764272,5.6104873385705
111.75000000001,5.1558077412543,-5.0915238501944,-1.3776867608412,0.52700555869382,5,5,7.2916293430617,11.6685370036,2163.9868528275,5.4821528559317,5.6087413546332
111.77500000001,5.1568943215585,-5.0927462532763,-1.3784722195812,0.54976210725881,5,5,7.2932648631785,11.670351355133,2164.4629362866,5.4805194185365,5.6069788644773
111.80000000001,5.1579720165237,-5.0940247545893,-1.3793271827819,0.46354480647663,5,5,7.2949369851971,11.672229373802,2164.9369957526,5.4788522195416,5.6051687326605
111.82500000001,5.159044043341,-5.0952593576443,-1.3801427780531,1.126101444075,5,5,7.296572065073,11.674056579824,2165.4239009337,5.4772202936397,5.6034014287928
111.85000000001,5.1601250305879,-5.0964635679694,-1.380954272529,1.1388445890156,5,5,7.2981902912423,11.675866877926,2165.9127143242,5.4756037527297,5.6016500653625
111.87500000001,5.1612142330926,-5.0976814022838,-1.3817854982283,1.0373603968205,5,5,7.2998241463502,11.677700022404,2166.4114254598,5.4739717392669,5.5998794532008
111.90000000001,5.1622657516013,-5.0989437339861,-1.3825890042991,0.63814891881177,5,5,7.3014670622034,11.67952890034,2166.8881157656,5.472334433488,5.5981095496028
111.92500000001,5.1633395666053,-5.1002533083668,-1.383456648841,0.28469610299639,5,5,7.303160598067,11.681431758919,2167.3548633918,5.4706478172224,5.5962779630037
111.95000000001,5.1644905447567,-5.1015684314835,-1.3843310793928,0.89177115399399,5,5,7.3049082535013,11.683385966766,2167.83184797,5.4689031327742,5.5943882248909
111.97500000001,5.1655890691272,-5.102808934317,-1.3851546558369,0.56732579463598,5,5,7.3065652396426,11.685236340034,2168.3076998566,5.467248429442,5.5925971999787
112.00000000001,5.1666515964756,-5.1040856097032,-1.3859808066989,0.85193400795017,5,5,7.308226222607,11.687091438321,2168.7923427025,5.4655931900687,5.5908051465381
112.02500000001,5.1677472339152,-5.1053376544746,-1.3868311228725,0.82681483276235,5,5,7.3098899646269,11.688959880213,2169.2786423679,5.4639322880887,5.5890025112665
112.05000000001,5.1688349607534,-5.1066042292849,-1.3876484363474,1.336014746125,5,5,7.311559503912,11.690818740816,2169.7670132418,5.4622665794858,5.587202158452
112.07500000001,5.1698949875002,-5.1078583176156,-1.3884741857495,1.0654834521099,5,5,7.3132015740217,11.692656744168,2170.2339206838,5.4606292020728,5.5854277665212
112.10000000001,5.1709692978835,-5.1091650408739,-1.3893182155799,0.21189128311285,5,5,7.3148932206968,11.694547261247,2170.6988115531,5.4589442932593,5.5836031015529
112.12500000001,5.1721149673066,-5.1104124130498,-1.3901752253379,0.9687550523332,5,5,7.3165868841145,11.696445408106,2171.1669267155,5.4572516361329,5.5817681745275
112.15000000001,5.1731348648069,-5.1117562550979,-1.3910123208383,0.2494685454421,5,5,7.3182739236402,11.698328711384,2171.6424444467,5.4555784462077,5.579956503649
112.17500000001,5.1742201110934,-5.11296258101,-1.3918309093237,1.1734435724204,5,5,7.3198965701539,11.700146146065,2172.125144668,5.4539574306177,5.5781997683886
112.20000000001,5.1753432981924,-5.1142308093976,-1.3927063272276,0.79640288989658,5,5,7.32159066357,11.702053056919,2172.6066512709,5.452265684036,5.5763619916254
112.22500000001,5.1764417434586,-5.1155175362002,-1.3935275351289,1.5139501003592,5,5,7.3232824814879,11.703933649987,2173.0964543868,5.4505781117909,5.5745397097096
112.25000000001,5.1775155542496,-5.1167456860812,-1.3943421502255,0.51725240391088,5,5,7.3249138679367,11.705757113587,2173.593394333,5.4489495689144,5.572776563772
112.27500000001,5.178602221575,-5.1180389307075,-1.3951834554072,0.39617620896161,5,5,7.326603047483,11.707644207105,2174.0840435337,5.4472656190472,5.5709536852186
112.30000000001,5.1797302147844,-5.1193354273682,-1.3960428421039,0.40372460122609,5,5,7.3283215562178,11.709565617464,2174.5761761889,5.4455503631048,5.5690964472145
112.32500000001,5.1807880750792,-5.1205652647329,-1.3968472708642,0.78043023216025,5,5,7.3299437671618,11.711376328368,2175.0682484499,5.4439318137403,5.5673453210437
112.35000000001,5.1819178714394,-5.121798411232,-1.3976744119412,0.83077910410844,5,5,7.331616217491,11.713242139844,2175.561329368,5.4422604406218,5.5655378233029
112.37500000001,5.1830003920144,-5.1230554731882,-1.3984874567944,0.99420024919442,5,5,7.3332751495442,11.715089596878,2176.0610182945,5.4406051934815,5.5637490817971
112.40000000001,5.1840995165675,-5.1242630559528,-1.39930215409,1.3243937155956,5,5,7.3349080399008,11.716914442789,2176.5594185349,5.438973557475,5.5619831198183
112.42500000001,5.1851921545647,-5.125494832691,-1.4000807400945,0.95835290321203,5,5,7.3365545913654,11.718735796102,2177.0593222693,5.4373292330977,5.5602123370239
112.45000000001,5.1862645824799,-5.1267281104099,-1.4008910219593,0.49573522413367,5,5,7.3381889339137,11.720559975991,2177.5516705577,5.4356980200832,5.5584477830068
112.47500000001,5.18736417243,-5.1280088716543,-1.4017281204672,0.62778092518914,5,5,7.3398769645483,11.72244416848,2178.042677366,5.4340139171388,5.5566259404101
112.50000000001,5.1884386809003,-5.1292372287495,-1.4025237516475,0.62091973833228,5,5,7.3415089662659,11.724259783687,2178.5395768591,5.4323847544661,5.5548665257159
112.52500000001,5.1894880667138,-5.130485782327,-1.4033252206914,0.85666955441147,5,5,7.3431399465299,11.726077047908,2179.0428323349,5.4307588304481,5.5531090941274
112.55000000001,5.1905880400668,-5.1316770459074,-1.4041149669997,1.3703720494059,5,5,7.344761381171,11.727880585966,2179.5441378963,5.4291382334254,5.5513593541278
112.57500000001,5.191692177973,-5.1330152637532,-1.404980516838,0.91765647576803,5,5,7.3464963012033,11.729819432026,2180.0588033068,5.4274100100948,5.5494885767822
112.60000000001,5.1928252359224,-5.1342318874387,-1.405787116181,1.1560137937704,5,5,7.3481588274464,11.731667294577,2180.5731041111,5.4257481313018,5.547695020268
112.62500000001,5.1939143619274,-5.1355459538844,-1.4066400261205,0.67145530598158,5,5,7.3498655688089,11.733575283425,2181.074531394,5.4240476545548,5.545854095999
112.65000000001,5.1949810393004,-5.1367640880339,-1.4074042889329,0.60028571892636,5,5,7.3514847202608,11.735365744,2181.5779367585,5.4224312815183,5.5441139412264
112.67500000001,5.1960355347375,-5.1379547135761,-1.4081659457898,0.96529622632881,5,5,7.3530751761101,11.73712916992,2182.0669499849,5.4208430568841,5.5424018907038
112.70000000001,5.197106251681,-5.1391652608146,-1.4089664434411,0.88114616357177,5,5,7.3546913009165,11.738932682016,2182.5703758681,5.4192292574041,5.540656769658
112.72500000001,5.1981907958458,-5.1404134907198,-1.4097515844677,1.4438540436351,5,5,7.3563448770235,11.740763190244,2183.0660365988,5.417578910123,5.5388791334501
112.75000000001,5.1992436044204,-5.1416825358302,-1.4105357619188,1.3750844502079,5,5,7.3579937801095,11.742589064189,2183.5661013309,5.4159360070866,5.5371090115858
112.77500000001,5.2003059867651,-5.1428708521837,-1.4113139111787,1.4789324077636,5,5,7.3595877537612,11.744362836517,2184.0668160615,5.414343899047,5.5353898603639
112.80000000001,5.2013951033475,-5.1441812959007,-1.4121240268824,0.58975458806492,5,5,7.3612917014321,11.746249559899,2184.5585584456,5.4126460294162,5.5335606459496
112.82500000001,5.2024594453932,-5.1454794045538,-1.4129344509377,1.1015254688574,5,5,7.3629703646102,11.748113613872,2185.0544764245,5.4109743378252,5.5317570088
112.85000000001,5.2035378628031,-5.1467058831446,-1.4137570583481,0.5017945482271,5,5,7.3646035314246,11.749942251834,2185.5546731144,5.4093437966321,5.529991129056
112.87500000001,5.2045779527755,-5.1479196481345,-1.4144776367006,1.3686313214369,5,5,7.3662019721027,11.751695604554,2186.0466001183,5.4077492132851,5.5282816509067
112.90000000001,5.2056351717049,-5.1491407068662,-1.4152526516619,1.5162623288066,5,5,7.3678171180067,11.753487068894,2186.5407900192,5.4061374146166,5.5265440563072
112.92500000001,5.206726313597,-5.1503772553157,-1.4160593840785,1.7078265391349,5,5,7.3694662519299,11.755322950124,2187.0358722168,5.4044907749341,5.5247658294455
112.95000000001,5.2077521928284,-5.1516457673725,-1.4168306309228,1.252679396779,5,5,7.3710976780041,11.757127492373,2187.5311375289,5.4028671768589,5.5230175405898
112.97500000001,5.2088221631446,-5.1528847189742,-1.4176213641161,1.4450658858378,5,5,7.3727346989413,11.758945484819,2188.0154572006,5.4012336902013,5.5212555687164
113.00000000001,5.2098915198703,-5.1541070597073,-1.4184296168145,0.46930317206412,5,5,7.3743587804278,11.76075957222,2188.5070279819,5.3996124675151,5.5195019969644
113.02500000001,5.2109510913032,-5.1553543777883,-1.4192049684041,0.08908017918295,5,5,7.3759953909546,11.762570556512,2189.0039084799,5.397980325352,5.5177445978007
113.05000000001,5.2119759904777,-5.1565522196153,-1.4199462056355,1.5482793500972,5,5,7.3775718564189,11.764312588656,2189.4965378916,5.3964077623232,5.5160525841664
113.07500000001,5.2130539498051,-5.1577622726826,-1.4207457286772,1.0133445438862,5,5,7.3791924195116,11.766119647546,2189.9955075346,5.3947892581924,5.5143035847068
113.10000000001,5.2141060645301,-5.1590098310501,-1.4215170310926,2.0106327840286,5,5,7.380824396005,11.767924711171,2190.4962168097,5.3931621863799,5.5125520807933
113.12500000001,5.2151794573774,-5.1602447683341,-1.4223123279979,1.242123819859,5,5,7.3824606240759,11.769743980109,2190.9948147424,5.3915291688874,5.5107898266478
113.15000000001,5.2162413312935,-5.1615259052944,-1.4231066183231,0.92657559193695,5,5,7.3841246217095,11.771587830766,2191.4897108141,5.3898713378649,5.5090035389226
113.17500000001,5.2172829994112,-5.1627319154943,-1.4238676855451,1.1068787896336,5,5,7.3857182129588,11.773353830875,2191.9803490112,5.3882811970896,5.507290382271
113.20000000001,5.2183647604213,-5.1640088210168,-1.4246807820806,0.73572106986016,5,5,7.3873917405493,11.775214427708,2192.4667748996,5.3866124243777,5.5054895691483
113.22500000001,5.2194174269403,-5.1652651668988,-1.4254612420271,1.00487658472,5,5,7.3890307987471,11.777029814582,2192.9592645025,5.3849787215849,5.5037298491123
113.25000000001,5.2204556399044,-5.1664363446024,-1.426211845194,1.9229163611077,5,5,7.3905959004601,11.778765599271,2193.4552826494,5.3834158180393,5.50204560129
113.27500000001,5.2214993041204,-5.1676240902536,-1.42699066505,1.5464677607355,5,5,7.3921770312984,11.780528135823,2193.9564248228,5.3818372905883,5.5003402713366
113.30000000001,5.2225897183146,-5.168881577228,-1.4277835780785,1.0591278217152,5,5,7.3938414460921,11.782371770189,2194.4517064644,5.3801762801498,5.4985513601342
113.32500000001,5.2236813002738,-5.1701659516301,-1.4285900842098,0.95997754451876,5,5,7.3955270227824,11.784240358137,2194.9375447261,5.3784953063059,5.4967401447765
113.35000000001,5.2247847352461,-5.1714682975684,-1.429446059342,0.68375189873112,5,5,7.3972339714286,11.786149904446,2195.4237388867,5.3767932163841,5.4948981013138
113.37500000001,5.2257936944312,-5.1727122616985,-1.430174364536,0.52524508603796,5,5,7.3988356722103,11.787909413994,2195.9237114506,5.3751990352682,5.493188009878
113.40000000001,5.2268241335937,-5.1738859730882,-1.4309221312756,1.3298240899795,5,5,7.4003975311329,11.789641048595,2196.4044904205,5.3736397968008,5.4915081273419
113.42500000001,5.2278720012086,-5.1750497220844,-1.4316948393792,1.4648343422358,5,5,7.4019635254702,11.79138730633,2196.9010845709,5.3720754153114,5.4898181048524
113.45000000001,5.2289316769636,-5.1762722353427,-1.4324724244609,1.6173290735244,5,5,7.4035813794106,11.793182324417,2197.3980213982,5.3704609034253,5.4880780563458
113.47500000001,5.2300045431369,-5.1775723517666,-1.4332775581121,1.2276292799788,5,5,7.4052670082373,11.795050367441,2197.890494981,5.3687818796024,5.4862692401878
113.50000000001,5.2310630983902,-5.1788033330028,-1.4340680977072,1.278859852393,5,5,7.4068905395823,11.79685613788,2198.3738570269,5.3671621306037,5.4845214690547
113.52500000001,5.2321226998247,-5.180037663016,-1.434850177583,0.049622380043484,5,5,7.4085172927232,11.79866112395,2198.8632550151,5.3655392650835,5.4827724234355
113.55000000001,5.2331810173601,-5.1812981634408,-1.4356399349068,1.0044277875557,5,5,7.4101631655393,11.800486668789,2199.3537746716,5.3638986720963,5.4810044845254
113.57500000001,5.2342408460575,-5.18255018528,-1.4364248741864,1.0196803863871,5,5,7.4118035299968,11.802305164108,2199.8365501096,5.3622630570877,5.4792424421893
113.60000000001,5.2352827537351,-5.1837641450416,-1.4371886940819,1.8504374461927,5,5,7.4134033018279,11.804077927697,2200.332705851,5.3606671268597,5.4775236111748
113.62500000001,5.2363148227097,-5.1849305422544,-1.4379504549514,1.4660811179719,5,5,7.4149607512897,11.805811689056,2200.8337528434,5.3591119675911,5.4758451369992
113.65000000001,5.2373660761244,-5.1861456961444,-1.438715535021,1.576439737132,5,5,7.4165675284113,11.807591318296,2201.3269836216,5.357508627724,5.4741188602786
113.67500000001,5.2384717157246,-5.1873971109677,-1.4395395386137,0.8095285684426,5,5,7.4182374020549,11.809453429975,2201.8024974239,5.355841280589,5.4723178782051
113.70000000001,5.2395357170096,-5.188676494728,-1.4403145771145,0.063318567407286,5,5,7.4199014097294,11.811289078694,2202.2926909141,5.3541832696953,5.4705361180812
113.72500000001,5.2405697147283,-5.1898939867596,-1.441088803896,0.93587249545851,5,5,7.4214987319039,11.813064146365,2202.7689762635,5.3525903917588,5.4688183051025
113.75000000001,5.241603392298,-5.1911320580416,-1.4418647199989,0.76427367370706,5,5,7.4231115895596,11.814853938425,2203.241280047,5.3509830928591,5.4670860651003
113.77500000001,5.2426477274501,-5.1923275976651,-1.4426146143693,1.6592732241634,5,5,7.4246990248815,11.816609584308,2203.7304594839,5.3493985852186,5.4653814988548
113.80000000001,5.2436917282892,-5.1935022939816,-1.4433920181322,1.8150037456567,5,5,7.4262706002656,11.818362925632,2204.2270279071,5.3478291500427,5.4636860809579
113.82500000001,5.2447634585126,-5.1947538250149,-1.4441796983808,1.1198803057255,5,5,7.4279183064285,11.82018922675,2204.717171733,5.3461855499749,5.4619160007071
113.85000000001,5.2458227994051,-5.1960156229093,-1.4449624645262,1.4005911765154,5,5,7.4295658309511,11.822013249746,2205.1923862924,5.3445433476226,5.4601483289846
113.87500000001,5.2468737340918,-5.1972471515207,-1.4457455286979,0.9893080882763,5,5,7.4311848202767,11.823811670146,2205.6650010539,5.342928597171,5.4584075012766
113.90000000001,5.2479127295608,-5.1984533036406,-1.446519979945,0.31442844112938,5,5,7.4327767733291,11.825582006062,2206.143539561,5.3413402971158,5.4566943612583
113.92500000001,5.2489448163995,-5.1996886455161,-1.447279223674,0.76630157642565,5,5,7.4343865164117,11.827361816117,2206.6098340564,5.3397360778821,5.454968781985
113.95000000001,5.2499928717719,-5.2008797629218,-1.4480440781114,1.5545632847878,5,5,7.4359730789657,11.829123117638,2207.0969128221,5.3381521182464,5.4532619195392
113.97500000001,5.2510687641791,-5.2021089794501,-1.4488380125139,1.9034253274438,5,5,7.437606638804,11.83093939118,2207.5878284433,5.3365214901551,5.4515034649923
114.00000000001,5.2521516729753,-5.2033872721967,-1.4496347443905,1.2151736550495,5,5,7.439281966774,11.832794520688,2208.0741737617,5.334851008913,5.4497054620759
114.02500000001,5.2531916889538,-5.2045760277895,-1.4503977928874,1.3974507212756,5,5,7.4408614518467,11.834548663243,2208.5459348497,5.3332743833929,5.4480062499539
114.05000000001,5.2542429912685,-5.2058314240067,-1.4511869603156,0.83415512403489,5,5,7.4424989060351,11.836366365487,2209.0145116656,5.3316424065682,5.4462475544394
114.07500000001,5.2552869728821,-5.2070554244332,-1.4519701678416,0.25253971118204,5,5,7.4441076554418,11.83815563592,2209.4901498485,5.3300379181379,5.4445170205515
114.10000000001,5.2563183601224,-5.2082943735609,-1.4527268121899,0.85903353985257,5,5,7.445719720757,11.839936440584,2209.9537343091,5.3284316433943,5.4427901898683
114.12500000001,5.2573438054415,-5.2094668635609,-1.4534773019267,1.7307150599822,5,5,7.447277369916,11.841665459308,2210.431950424,5.3268768381773,5.4411150340019
114.15000000001,5.2584086664146,-5.2106868758463,-1.4542734531828,1.5383470141429,5,5,7.4488967398146,11.843469958045,2210.9144320455,5.3252605251241,5.4393703887742
114.17500000001,5.2594901080983,-5.2119484738371,-1.4550635312422,1.6890457739252,5,5,7.4505584093382,11.845309895257,2211.4016739194,5.3236029732015,5.4375866433422
114.20000000001,5.2605255788235,-5.213168336287,-1.4558244523849,1.4611793936406,5,5,7.4521584918421,11.847081692369,2211.8694005701,5.3220074216345,5.435869570933
114.22500000001,5.261579226602,-5.2143903674862,-1.4566098326443,0.80543850173152,5,5,7.4537720388334,11.848876227419,2212.3307257753,5.3203975573969,5.4341335398428
114.25000000001,5.2626169365557,-5.2156085471506,-1.4573882634263,0.43823994614836,5,5,7.4553722899521,11.850655766158,2212.7973580446,5.318801634891,5.4324126085826
114.27500000001,5.2636524225302,-5.2168029471405,-1.4581517003538,0.75374133899085,5,5,7.4569530563925,11.852411231476,2213.255017003,5.3172241969311,5.4307128600701
114.30000000001,5.2646743067169,-5.2179800138515,-1.4589214093352,1.1692352154548,5,5,7.4585118165835,11.854149674816,2213.7418656257,5.3156686513108,5.4290333052343
114.32500000001,5.2657228731809,-5.2192060493844,-1.4596646898061,1.3508064959476,5,5,7.4601250911285,11.855925940736,2214.2306169773,5.3140595176282,5.4273066863425
114.35000000001,5.2668000928505,-5.2204515090814,-1.4604500095772,2.0941487080202,5,5,7.4617717763059,11.857750303423,2214.7144486268,5.3124164315258,5.4255383126397
114.37500000001,5.2678678563105,-5.2216769274012,-1.4612730018856,1.4864829298067,5,5,7.4633971282262,11.859572139092,2215.1846246763,5.3107942512296,5.4237827944946
114.40000000001,5.2689653438987,-5.2229565548289,-1.4620428959288,0.28159705157378,5,5,7.4650829293295,11.861425423258,2215.6517076188,5.3091126181066,5.4219798803635
114.42500000001,5.2700216012651,-5.2241862556978,-1.4628275272537,0.42405241231163,5,5,7.4667039918981,11.863226392488,2216.126242502,5.3074954815516,5.4202371624145
114.45000000001,5.2710828934965,-5.2254872435755,-1.4636335141703,0.67139203548436,5,5,7.4683829530823,11.865088790288,2216.5798212192,5.3058240958013,5.4184370272166
114.47500000001,5.2720876575604,-5.22666085314,-1.4643704063337,1.3576589643925,5,5,7.4699279159408,11.866800491283,2217.0297889547,5.3042830571284,5.4167785777715
114.50000000001,5.2731320097452,-5.2278537237908,-1.4651369714211,1.902798301351,5,5,7.4715133533806,11.868561523341,2217.5099178368,5.3027004955875,5.4150734843371
114.52500000001,5.2741909242106,-5.2290815041781,-1.4659169524404,1.8294726514651,5,5,7.4731346937287,11.87036072175,2217.9735417459,5.3010828678079,5.4133313680299
114.55000000001,5.2752369871891,-5.2302894810561,-1.466685986169,1.5671981579967,5,5,7.4747326473866,11.872134099535,2218.4332195369,5.2994883619309,5.4116141465988
114.57500000001,5.2762978521232,-5.2315328177831,-1.4674774897367,0.68389274939703,5,5,7.4763670649052,11.873950083709,2218.8822254452,5.2978583021395,5.4098575929772
114.60000000001,5.2773554541092,-5.2328051798012,-1.4682827127796,0.62401005449966,5,5,7.4780215820752,11.875790141104,2219.3430000869,5.2962098927802,5.4080803299097
114.62500000001,5.2784311099546,-5.2341244258586,-1.4691094844767,0.38274908204108,5,5,7.4797237705659,11.877682493369,2219.7992974298,5.294515449337,5.4062536640264
114.65000000001,5.2794525751687,-5.2353600026033,-1.4698530631537,1.737525171217,5,5,7.4813269053312,11.879449680491,2220.2562708762,5.2929186136212,5.4045394505297
114.67500000001,5.2804877039057,-5.2365236177576,-1.4706001022578,2.0868647013655,5,5,7.4828843043583,11.881176978715,2220.7305331443,5.2913633593331,5.4028652913192
114.70000000001,5.2815462272645,-5.2377353221495,-1.471384223351,1.9280988284961,5,5,7.4844932478732,11.882966823715,2221.2034779469,5.2897574581612,5.4011340700501
114.72500000001,5.2826185770551,-5.2390140840245,-1.4721890162986,1.8459124768075,5,5,7.4861621295366,11.884819620977,2221.6646107036,5.2880941466489,5.3993424830681
114.75000000001,5.2836769152981,-5.2402524039419,-1.4729718482319,0.93178518026384,5,5,7.4877910911858,11.886626923356,2222.1184120089,5.2864694509618,5.397593188042
114.77500000001,5.2847237540683,-5.2415558045272,-1.4737855427372,0.095472563420742,5,5,7.4894628341374,11.888486176767,2222.5700441654,5.2848065578664,5.3958002893194
114.80000000001,5.2857624662643,-5.2427892502332,-1.4745515695266,0.86609557018713,5,5,7.4910753822253,11.890271424194,2223.020805341,5.2831991326444,5.3940713726949
114.82500000001,5.2867862568804,-5.2439338080707,-1.4752903632629,1.4082677373543,5,5,7.4926110123465,11.891975529841,2223.4716190876,5.281665413508,5.3924201730448
114.85000000001,5.2878239528731,-5.2451273090994,-1.4760480597406,1.5569098325529,5,5,7.4941925488395,11.893729200742,2223.9424448574,5.2800871138395,5.3907215296561
114.87500000001,5.2889101778401,-5.2463699662165,-1.4768487657694,1.7462225650395,5,5,7.495843027979,11.895563652032,2224.4151895922,5.2784397409329,5.3889465974185
114.90000000001,5.2899858678796,-5.2476276613834,-1.477642028418,2.0332946978964,5,5,7.4974979920855,11.897398910004,2224.8841452177,5.2767890831592,5.387169984638
114.92500000001,5.2910101894043,-5.2488814790776,-1.4784375548563,0.93801494475018,5,5,7.4991170329732,11.89920283786,2225.3394077607,5.2751773025283,5.3854310340386
114.95000000001,5.292042019297,-5.2501254278337,-1.4792011700094,0.73045657315069,5,5,7.500733226475,11.900990347171,2225.7963295212,5.273567264541,5.3837002503751
114.97500000001,5.2930983470942,-5.2513961095204,-1.4800157093074,0.042155448935425,5,5,7.5023856369459,11.902832610625,2226.2501363729,5.2719209963764,5.3819237669471
115.00000000001,5.2940911577697,-5.2526010111858,-1.4807275991843,1.3105267980284,5,5,7.5039468739749,11.904548491814,2226.6926012934,5.2703661664334,5.3802575345934
115.02500000001,5.2951281813381,-5.2537825272279,-1.4814899169183,2.1319266686172,5,5,7.505518942052,11.906295639881,2227.166365617,5.2687968784171,5.3785670305333
115.05000000001,5.2961693007056,-5.2549704538742,-1.48226380915,2.1796989675249,5,5,7.50709853037,11.908054619256,2227.635117445,5.2672201539703,5.3768669507237
115.07500000001,5.2972119946153,-5.2561564990301,-1.4830362792743,1.6495488097697,5,5,7.5086777433706,11.909812636262,2228.1059508662,5.2656436617545,5.3751674202504
115.10000000001,5.2982548671674,-5.2573937140655,-1.483800569479,0.90619185590555,5,5,7.5102958546781,11.911602167966,2228.5563600941,5.2640306648011,5.3734338065086
115.12500000001,5.2993198548914,-5.2586510583709,-1.4845995640563,0.41237798718704,5,5,7.5119436148411,11.913433425973,2229.0082298904,5.2623878077761,5.3716640092052
115.15000000001,5.3003883716473,-5.2599970584888,-1.4854341551266,0.14010153688961,5,5,7.5136621736486,11.915343919792,2229.4653208967,5.2606794431095,5.369822933484
115.17500000001,5.3014436443205,-5.261299839508,-1.4862509678831,1.213527671379,5,5,7.5153387292841,11.917208865335,2229.9089645408,5.2590111243655,5.3680246971289
115.20000000001,5.302485188956,-5.2625380717184,-1.4870022232497,1.8316351379475,5,5,7.5169567633488,11.918992798871,2230.3695835128,5.2573983531062,5.3662940610477
115.22500000001,5.3035123725795,-5.2637330673863,-1.487756148784,2.5222498152519,5,5,7.5185325554806,11.920739660214,2230.8423134663,5.2558264213552,5.3646029331384
115.25000000001,5.3045746808518,-5.2649305223673,-1.4885359568174,2.0875495863538,5,5,7.5201333044606,11.922520249405,2231.3154521989,5.2542280396025,5.3628807409339
115.27500000001,5.3056277264367,-5.2661841245369,-1.4893256861507,1.0490533437292,5,5,7.5217705043273,11.924337966606,2231.7674851289,5.2525962616152,5.3611238791193
115.30000000001,5.3066837212798,-5.2674885720683,-1.4901451637844,1.0431015825104,5,5,7.523448809565,11.926205652892,2232.2064542259,5.2509262701261,5.3593236611037
115.32500000001,5.3077202818481,-5.2687327582147,-1.4909078946505,0.019312585274761,5,5,7.525068209756,11.927995685113,2232.6700687456,5.2493127880415,5.3575902022632
115.35000000001,5.308738714286,-5.2699244693538,-1.4916619655541,0.57745172198759,5,5,7.5266358130443,11.929735226144,2233.1204291579,5.2477493598434,5.3559075517292
115.37500000001,5.3097951995372,-5.2711439157898,-1.492452142319,1.1046062993664,5,5,7.5282492598815,11.931531775619,2233.5633056411,5.2461394535515,5.3541721783315
115.40000000001,5.310859396001,-5.2723958566296,-1.4932345381494,1.8476544854747,5,5,7.5298923879897,11.933351669356,2234.0325766081,5.2445010292444,5.3524104546263
115.42500000001,5.3119203339102,-5.2736438576643,-1.4940235028157,2.3712829301498,5,5,7.5315304038106,11.93516978956,2234.5049871015,5.2428677003095,5.35065244786
115.45000000001,5.3129413440038,-5.274842872581,-1.4947805465986,1.491194051278,5,5,7.5331052366213,11.936917134308,2234.9619303766,5.2412972780331,5.3489624911449
115.47500000001,5.3139811690604,-5.2760751813974,-1.4955528477354,0.069809274015381,5,5,7.5347176327164,11.938704945879,2235.4027713131,5.2396899599734,5.3472333704072
115.50000000001,5.3150043072296,-5.2773046916337,-1.4962972033596,0.46356626350225,5,5,7.5363171661279,11.940469194283,2235.8495932591,5.238096373175,5.3455233148448
115.52500000001,5.3160377955842,-5.2785263736679,-1.497049706722,0.25098350379494,5,5,7.5379173552329,11.942237489078,2236.2907281614,5.2365010718083,5.3438099861941
115.55000000001,5.3170559522155,-5.2797434016805,-1.4977892776415,1.0235695690381,5,5,7.5395041129678,11.943988136174,2236.7243310001,5.2349198672426,5.3421130820768
115.57500000001,5.3181162539426,-5.2810043431863,-1.4985871600878,1.1021063784692,5,5,7.5411515999126,11.94581866332,2237.1572455179,5.2332778079213,5.3403449566421
115.60000000001,5.3191740369849,-5.2822667560067,-1.4993414531086,1.750767836715,5,5,7.5427985944767,11.947630167958,2237.6080301694,5.2316364785312,5.3385862664086
115.62500000001,5.3201889612441,-5.2834539931569,-1.5000699970841,0.8223340682865,5,5,7.544360517427,11.94935364689,2238.0502388224,5.2300787280815,5.3369146401558
115.65000000001,5.3212191735147,-5.2846427942067,-1.5007890677389,0.3905293533153,5,5,7.5459335988802,11.951083284963,2238.4835640051,5.2285091121615,5.3352333016675
115.67500000001,5.3222614519642,-5.2858525620232,-1.5015275348259,0.12785072795785,5,5,7.5475304340427,11.95284260761,2238.9115416974,5.2269161097858,5.3335252142697
115.70000000001,5.3233077306066,-5.2870756003934,-1.5022681096502,0.4537194752867,5,5,7.5491399438601,11.954614322294,2239.3409807595,5.2253108654903,5.3318047413331
115.72500000001,5.3243643417597,-5.2882868176041,-1.5030072831351,0.96783691240511,5,5,7.5507472628267,11.956383460983,2239.7690926778,5.2237067529197,5.3300856871085
115.75000000001,5.3254219094635,-5.2894777035882,-1.5037304169946,1.358659569753,5,5,7.5523399520228,11.958132626914,2240.2264630888,5.2221164153645,5.3283833513995
115.77500000001,5.3264707219462,-5.2906684246918,-1.5044509135496,1.5222103629865,5,5,7.5539267174026,11.959875308657,2240.6865592121,5.2205323571736,5.326687722746
115.80000000001,5.3275267651779,-5.2918602105164,-1.5051780178052,0.99721099684091,5,5,7.5555190681048,11.961625811829,2241.1374948691,5.2189424559805,5.3249850840964
115.82500000001,5.3285796473702,-5.2931232549556,-1.505939408712,0.47790902159039,5,5,7.5571634044956,11.963437870956,2241.5689386443,5.2173041514421,5.3232282289937
115.85000000001,5.3296742424662,-5.2943870766242,-1.5066977339064,0.15566984217874,5,5,7.5588353445765,11.965273746969,2242.0138791574,5.2156359443798,5.3214427075181
115.87500000001,5.3308201960064,-5.2956846649519,-1.5074723158388,0.11515608832321,5,5,7.5605665132525,11.967170302308,2242.4567976984,5.2139076071126,5.3195950579829
115.90000000001,5.3318455355312,-5.2968884384274,-1.5081740849541,0.99217354799891,5,5,7.562147775951,11.968900294104,2242.8863637172,5.2123308042232,5.317910403724
115.92500000001,5.3328767634514,-5.2980881407666,-1.5088831641937,1.2877899833218,5,5,7.563729773652,11.970633934809,2243.3588905051,5.2107527522967,5.3162231027741
115.95000000001,5.3339551966451,-5.2994026037543,-1.5096662022371,1.3346396240565,5,5,7.5654300180753,11.972505826813,2243.8195264951,5.2090599525544,5.3144087028453
115.97500000001,5.3350497479166,-5.3007437535503,-1.5104311305329,1.3364565208554,5,5,7.5671611232891,11.974398401926,2244.2751333029,5.2073368555475,5.3125682274934
116.00000000001,5.3361306436591,-5.302132719438,-1.5112494058736,0.32547821109734,5,5,7.5689211124491,11.97633931315,2244.7224353851,5.2055894080291,5.3106933538804
116.02500000001,5.3372153264379,-5.3034085141824,-1.5119855978148,0.50987418608409,5,5,7.5705956837258,11.978168566422,2245.1772886551,5.2039196936444,5.3089109586489
116.05000000001,5.3383090613116,-5.3047322116146,-1.5127472016156,0.23784944791811,5,5,7.5723127832762,11.980046988956,2245.6232702128,5.2022095842393,5.3070839685322
116.07500000001,5.3393434416639,-5.3059288688727,-1.5134535356974,0.50845706745722,5,5,7.5738945327211,11.981779281986,2246.0753736854,5.2006314962625,5.3053973536003
116.10000000001,5.3404039092883,-5.3072269820235,-1.514206110284,1.3032879052924,5,5,7.5755707455163,11.983616687179,2246.5484922836,5.1989629840428,5.3036129853895
116.12500000001,5.3414783323674,-5.3085479794154,-1.5149773213709,1.4327429263087,5,5,7.5772735135752,11.985485961263,2247.0308427528,5.1972683991511,5.3017994074472
116.15000000001,5.3426050260345,-5.3098625224068,-1.5157459210703,1.2838096050613,5,5,7.5790048315401,11.987380217686,2247.499679526,5.1955416078717,5.2999548068534
116.17500000001,5.3436643873462,-5.3112031114283,-1.516521914879,0.33172643235883,5,5,7.5807134641259,11.989256808132,2247.9482897394,5.1938437209351,5.2981371138052
116.20000000001,5.3447581812176,-5.3125248925513,-1.5172810971593,0.4659410848637,5,5,7.5824291244566,11.991132933956,2248.4138089375,5.1921349579753,5.2963121107936
116.22500000001,5.3458613198059,-5.3138264983938,-1.5180430006015,0.1628596371386,5,5,7.5841353168591,11.993001513461,2248.8749698429,5.1904339489135,5.2944942037036
116.25000000001,5.3469107227798,-5.3152441595064,-1.5188367091596,0.56866461218868,5,5,7.5858991222995,11.99493567553,2249.3220980441,5.1886883575132,5.2926263494925
116.27500000001,5.3480056485967,-5.3164915467252,-1.5195893758009,1.6495139095599,5,5,7.5875588925902,11.996758131151,2249.7921564569,5.1870316432454,5.2908537545565
116.30000000001,5.3491122131229,-5.3177724530104,-1.5203367418769,1.3517026724534,5,5,7.5892515845179,11.998608472204,2250.2725460269,5.1853429337102,5.2890508681954
116.32500000001,5.3501722599836,-5.3190270268084,-1.5210815760124,1.3063173640436,5,5,7.5908940384021,12.000411922412,2250.7508576621,5.1837056784853,5.2872989569904
116.35000000001,5.3512911434548,-5.3203841883279,-1.521891310827,0.82333764283663,5,5,7.5926529550039,12.002348274157,2251.2221487628,5.1819541527631,5.2854222646957
116.37500000001,5.3523719440267,-5.3216917152908,-1.5226414051191,0.061806735520238,5,5,7.5943493501922,12.004203105169,2251.7013094068,5.1802646913149,5.2836181992445
116.40000000001,5.3534954434493,-5.3230139161544,-1.5234229112675,0.069913702533794,5,5,7.5960844196652,12.006106054968,2252.1740319568,5.1785347485307,5.2817682942298
116.42500000001,5.3546024052332,-5.3243478523218,-1.524191256205,0.61267068510164,5,5,7.5978178411633,12.008002130924,2252.6290963606,5.1768081222567,5.2799242636676
116.45000000001,5.3556661424312,-5.3255858172577,-1.5249172204618,0.98173136664584,5,5,7.5994500464227,12.009788501018,2253.1080904699,5.1751800791625,5.2781852566264
116.47500000001,5.3567487675428,-5.3268545942564,-1.5256656044089,1.6969045256492,5,5,7.6011179409651,12.011616601326,2253.5892602016,5.1735168613368,5.2764073839074
116.50000000001,5.357776429286,-5.3281839078666,-1.5264084433385,1.1627796278413,5,5,7.6027981681322,12.013453711287,2254.0744127356,5.1718493745965,5.2746264461267
116.52500000001,5.3588663013653,-5.3294553133081,-1.5271694299789,0.81888204279225,5,5,7.6044727704568,12.015293111627,2254.5449454383,5.1701791949927,5.2728393347188
116.55000000001,5.3600621276761,-5.3307637262456,-1.5279873396274,0.63387511283356,5,5,7.6062453236946,12.017245269708,2255.0180003869,5.1684081250432,5.270942155586
116.57500000001,5.3611190826011,-5.3321088338628,-1.5287326861361,0.53396582303369,5,5,7.607956016015,12.019111284079,2255.5006237255,5.1667088109973,5.2691296139711
116.60000000001,5.362263165261,-5.3333868679858,-1.5295058058957,0.36519456911588,5,5,7.6096713283342,12.020992775646,2255.959709558,5.1649957539843,5.2672981790486
116.62500000001,5.3634023138177,-5.3346736167991,-1.5302796434905,1.1299775316898,5,5,7.6113898689775,12.022877505485,2256.4368143371,5.1632799872305,5.2654639800678
116.65000000001,5.3644543617823,-5.3359676205784,-1.5310406515572,1.470329058179,5,5,7.6130575771956,12.024710640499,2256.9412323059,5.1616204204701,5.2636874394561
116.67500000001,5.3655582512251,-5.3372558542709,-1.5317872445465,1.5316578595934,5,5,7.614754078875,12.026564155818,2257.424883466,5.1599284396502,5.2618819703665
116.70000000001,5.3666340062521,-5.3385723645287,-1.5325339385097,0.90329983657671,5,5,7.6164542106749,12.028421034924,2257.9099451728,5.1582362076893,5.2600762657345
116.72500000001,5.3676900781204,-5.3399391177228,-1.5333220336566,0.23156800060263,5,5,7.6181814344834,12.030319559626,2258.3998892524,5.1565221836584,5.2582411170451
116.75000000001,5.3688038673373,-5.3412293990216,-1.5341311660773,0.063207876021076,5,5,7.6198859438702,12.032206368446,2258.931871975,5.1548217878457,5.2564152534171
116.77500000001,5.3699035858808,-5.3425910001592,-1.5348671353267,0.41539149425975,5,5,7.6216361834347,12.034105049375,2259.4190746608,5.153080687115,5.2545638204599
116.80000000001,5.3709628545285,-5.3438601782043,-1.535600636658,1.1054072585565,5,5,7.6232893207485,12.035913608796,2259.9125539659,5.1514336839109,5.2528051792232
116.82500000001,5.372144349031,-5.3451945494599,-1.5364282086553,1.2213231475489,5,5,7.625071587818,12.037878640938,2260.4055064481,5.1496543093265,5.2508983648046
116.85000000001,5.3732149949114,-5.3465048801742,-1.5371626950883,1.721600689879,5,5,7.6267637016386,12.039723287111,2260.9172903392,5.1479700915727,5.2491030987449
116.87500000001,5.3742966487521,-5.3477817713864,-1.5379133367738,0.98508907069035,5,5,7.6284371490382,12.041557377931,2261.4032174451,5.1463018547951,5.2473203804282
116.90000000001,5.37538578779,-5.3490801823999,-1.5386898551167,0.37677972819876,5,5,7.6301318746808,12.043421533435,2261.9096142731,5.1446130760145,5.2455124963279
116.92500000001,5.3764802189178,-5.3504179516989,-1.539438806464,0.1234821546202,5,5,7.6318602861454,12.045305235723,2262.4219431738,5.1428926423926,5.2436789801329
116.95000000001,5.3776220078639,-5.3517097150582,-1.5402606339261,0.13970152637044,5,5,7.6335843321349,12.047215140158,2262.9635775918,5.1411714930658,5.2418305786864
116.97500000001,5.3786994100992,-5.3530480203019,-1.5410029565649,0.94695243053276,5,5,7.6353024289022,12.049086743589,2263.4711530277,5.1394626863749,5.2400098247813
117.00000000001,5.3798162295557,-5.3543527699206,-1.5418013468023,1.3242667624226,5,5,7.6370198855293,12.050980703524,2264.0099691673,5.1377499217044,5.2381742921679
117.02500000001,5.3808833466863,-5.3556379341482,-1.5425251056391,1.6530527042142,5,5,7.6386903303989,12.05280120151,2264.5352841698,5.1360860796245,5.2364013213727
117.05000000001,5.3819689893768,-5.3569765982678,-1.5433098521812,1.0738418905735,5,5,7.640413885352,12.054694998968,2265.0378587573,5.1343712272682,5.2345664693663
117.07500000001,5.3830954500105,-5.3583639214398,-1.5440960795177,0.58966049874327,5,5,7.6422009441487,12.056647364858,2265.5427819903,5.1325930924247,5.2326692932178
117.10000000001,5.3841385389403,-5.3596883021994,-1.5448489258801,0.060720035398236,5,5,7.6438867729988,12.05849365751,2266.0713630059,5.1309183742017,5.2308800866184
117.12500000001,5.3852596436754,-5.3610144435418,-1.5456584683522,0.14702545329193,5,5,7.6456233001904,12.060409613068,2266.5843323563,5.1291874330885,5.2290247368587
117.15000000001,5.3863241573268,-5.3622794097185,-1.5463857162615,1.201503825395,5,5,7.6472765783709,12.062215774264,2267.1098458192,5.127539779356,5.2272671234478
117.17500000001,5.3873699078297,-5.3635683749338,-1.5471295904454,1.4598212076338,5,5,7.6489364053019,12.06403466795,2267.6318617997,5.1258883275619,5.2255025829856
117.20000000001,5.388510868696,-5.3648895075049,-1.5479135476614,1.4781340214004,5,5,7.6506820235215,12.065948243631,2268.1556859015,5.1241469571212,5.2236420825414
117.22500000001,5.3895463747878,-5.3661693061921,-1.5486865439521,1.1761586761872,5,5,7.6523282791353,12.067766946688,2268.6928636602,5.1225092377729,5.2218854243568
117.25000000001,5.3906458321581,-5.3676200450832,-1.5494742213348,0.37875871140156,5,5,7.6541485675298,12.069750349194,2269.2015739753,5.1207051902837,5.2199627884973
117.27500000001,5.3917025333654,-5.3689658036819,-1.5502046598296,0.14715601947791,5,5,7.6558596150591,12.071610785713,2269.7363890641,5.1190057572299,5.2181539183843
117.30000000001,5.3927445051241,-5.3702390245458,-1.5509254604771,0.10449032769196,5,5,7.6575048495452,12.073406990069,2270.2560997491,5.1173681657902,5.216407613572
117.32500000001,5.3937850850274,-5.3716261187147,-1.5516872123821,0.43965868866073,5,5,7.6592388728347,12.075300954887,2270.7787157609,5.1156507929456,5.2145751310966
117.35000000001,5.394820905771,-5.3728648639789,-1.5523812714106,1.5862398695226,5,5,7.6608536218686,12.077058547666,2271.3058533697,5.1140420018244,5.2128623229096
117.37500000001,5.3958619185564,-5.3741575818722,-1.5531177756756,1.3188254070497,5,5,7.6625133890725,12.078874385132,2271.8254181819,5.1123912752455,5.2111001773834
117.40000000001,5.3969527751642,-5.3755130881908,-1.5538804949418,1.1475680806932,5,5,7.6642533216914,12.080774149907,2272.3523800176,5.1106608846873,5.2092548305903
117.42500000001,5.3979883497892,-5.3768193402428,-1.5546060425739,0.44417559606714,5,5,7.6659202677695,12.08259215117,2272.8763342933,5.1090044060945,5.2074892257117
117.45000000001,5.3990770225422,-5.3781658466756,-1.5553501202276,0.032438047633546,5,5,7.6676518242765,12.084476810155,2273.4065161115,5.1072819506828,5.2056553348477
117.47500000001,5.4001403027274,-5.3794871051684,-1.5561094399609,0.02803840530558,5,5,7.6693477867633,12.086334996156,2273.9464457293,5.1055953092357,5.2038536639454
117.50000000001,5.401197656947,-5.3807647618242,-1.5568380048911,0.53536753988988,5,5,7.6710062211081,12.088146407577,2274.4737010529,5.1039437706167,5.2020924132003
117.52500000001,5.402243562482,-5.3820771704944,-1.5575646577499,1.0141620898131,5,5,7.6726844150498,12.089975166523,2275.013192755,5.1022756671861,5.2003153095321
117.55000000001,5.4032993608874,-5.3833606566959,-1.5583072347829,1.726321187356,5,5,7.6743463558135,12.091795459838,2275.5607701605,5.1006211020746,5.1985484421636
117.57500000001,5.4043608854227,-5.3846929821871,-1.5590445961671,0.86581871338479,5,5,7.6760498597183,12.093651699953,2276.0944153977,5.0989278750857,5.196744679984
117.60000000001,5.4054103851325,-5.3859830677124,-1.5597612226896,0.52321889844521,5,5,7.6777129202414,12.095462590307,2276.6147382101,5.0972730833432,5.1949826629681
117.62500000001,5.4064518378701,-5.3873094193953,-1.5605179920641,0.17742535889403,5,5,7.6793992869249,12.09731097676,2277.1528707125,5.095598259747,5.1931932729133
117.65000000001,5.4074852448765,-5.3886273733656,-1.5612252312356,0.16308039958876,5,5,7.681074080258,12.099128975647,2277.6935785615,5.0939350716499,5.191424887243
117.67500000001,5.4085974400687,-5.3899710098432,-1.5620152749573,0.53418474985456,5,5,7.6828183099246,12.101043787965,2278.2224491399,5.0921981164575,5.1895681799087
117.70000000001,5.40963697179,-5.3912640064421,-1.5627214196327,1.0388427026809,5,5,7.6844773658019,12.102846870521,2278.762274321,5.0905483148221,5.1878131991597
117.72500000001,5.4107545423514,-5.3926100758921,-1.5635281625323,1.395319568664,5,5,7.6862268991466,12.104773448065,2279.3065604538,5.08880585401,5.1859479414705
117.75000000001,5.4118235676075,-5.3939022824956,-1.5642567788156,1.4434902269981,5,5,7.6879039837909,12.106601970581,2279.8570591405,5.087135820692,5.1841688403544
117.77500000001,5.4128940497272,-5.3952006812871,-1.5649457252174,0.43709277828405,5,5,7.6895867705838,12.108420326579,2280.3630216603,5.0854603750964,5.1823920945469
117.80000000001,5.4139300636973,-5.3964705283671,-1.5656595501744,0.21922120481235,5,5,7.6912256227898,12.110207889899,2280.8964924046,5.0838294858286,5.1806543089046
117.82500000001,5.4149677267451,-5.3977117635478,-1.5663532711354,0.42186181524984,5,5,7.6928434637506,12.111968190483,2281.4060945337,5.0822177185518,5.1789391842048
117.85000000001,5.4160224993189,-5.3989665501515,-1.5670435909855,0.56931387545507,5,5,7.6944826814309,12.113746834938,2281.9006535694,5.0805842806035,5.1772034738026
117.87500000001,5.4170745690387,-5.4002303735952,-1.5677464022821,1.1856141852854,5,5,7.6961270963396,12.115535142549,2282.4239307884,5.0789463481135,5.1754609770325
117.90000000001,5.4181288285567,-5.4014601638241,-1.5684460217953,2.2313716675415,5,5,7.6977469256943,12.117299601277,2282.9549446084,5.0773309958443,5.1737412801649
117.92500000001,5.4191832219509,-5.4027269656418,-1.5691440555895,1.9517328530836,5,5,7.6993951163007,12.119089512853,2283.4738170194,5.075689320839,5.1719960826467
117.95000000001,5.4202608627702,-5.4039915261665,-1.5698729838866,0.9345208665371,5,5,7.7010565683933,12.12090383353,2283.9825961004,5.0740328373491,5.1702304466255
117.97500000001,5.4213275251532,-5.4053607696792,-1.570600455312,0.13036287657831,5,5,7.7027922516699,12.122785803538,2284.5219450158,5.0723099154515,5.1683999175412
118.00000000001,5.4224026408953,-5.40664363189,-1.5713203461739,0.52414867162711,5,5,7.7044660525275,12.124607849686,2285.0498275462,5.0706422524281,5.166625103579
118.02500000001,5.423417651162,-5.407862970098,-1.5720049495168,0.48230367146632,5,5,7.7060525680512,12.12633577134,2285.5760390196,5.0690620177319,5.1649428915862
118.05000000001,5.4245004655633,-5.409171401416,-1.5727224376644,0.93478648289312,5,5,7.7077509436108,12.128179481942,2286.1000966099,5.0673708118872,5.1631454886857
118.07500000001,5.4255529325338,-5.4104544132192,-1.573421345989,2.4349181162726,5,5,7.7094104031647,12.129980114847,2286.6428621568,5.0657190365925,5.1613903741568
118.10000000001,5.4266525145871,-5.4117312609898,-1.5741702223357,1.7401156170719,5,5,7.7110954613006,12.131824087923,2287.1898025561,5.064038387973,5.1595973750424
118.12500000001,5.4277477688238,-5.4130253837203,-1.5749133078741,1.1414224087317,5,5,7.7127908478301,12.133675171822,2287.6891366218,5.0623485558561,5.1577965043231
118.15000000001,5.4288230732696,-5.4143414404192,-1.5755960348108,0.53317899694373,5,5,7.7144903433099,12.135506674199,2288.2165916282,5.060657264418,5.1560057869759
118.17500000001,5.4298541535776,-5.4155995296862,-1.5762931588646,0.02647383318164,5,5,7.716116970251,12.137276390885,2288.7310853828,5.0590382580401,5.1542832871977
118.20000000001,5.4308759401611,-5.4168115798558,-1.5769741902334,0.43266608201029,5,5,7.7177022504898,12.139001765384,2289.2360540234,5.0574584337172,5.1526023514333
118.22500000001,5.4319196098343,-5.4180414326922,-1.5776540949137,0.8845384513856,5,5,7.7193152552592,12.140752209545,2289.7519751495,5.0558505563945,5.1508941217698
118.25000000001,5.4329828177514,-5.4192621530259,-1.578358943219,2.1604811614678,5,5,7.7209340724843,12.142517820018,2290.2749378315,5.0542353632582,5.1491739684965
118.27500000001,5.434040711137,-5.420546145703,-1.5790549941966,1.6168239470444,5,5,7.7225977357946,12.144321223071,2290.8008976799,5.0525790983289,5.1474152095429
118.30000000001,5.4351327530952,-5.4218590488262,-1.5798096333515,0.7263378180423,5,5,7.7243054448593,12.146188239542,2291.3149594023,5.0508782557612,5.1456015295326
118.32500000001,5.4361767526877,-5.4232293153524,-1.5805307401401,0.88190651069423,5,5,7.7260281071889,12.148055740681,2291.841417603,5.0491706911767,5.1437876866578
118.35000000001,5.4372618794679,-5.4245767328734,-1.5812938039598,0.29092200378165,5,5,7.7277581459471,12.149946587184,2292.3758252701,5.0474502924351,5.1419532666286
118.37500000001,5.438306898734,-5.42587764331,-1.5819790624751,0.38640516041884,5,5,7.7294268080551,12.151750475336,2292.9058676316,5.0457911538426,5.1401938587463
118.40000000001,5.4393327315753,-5.4270970105054,-1.5826694687774,1.9824137248696,5,5,7.7310202914643,12.153487095685,2293.4037049878,5.0442033234963,5.1385034934434
118.42500000001,5.4403997017263,-5.4283316207104,-1.5833716685095,1.975017915933,5,5,7.7326520658548,12.155263544988,2293.9402523821,5.0425756608193,5.1367718054404
118.45000000001,5.4414318047346,-5.429547425644,-1.58405244532,1.8585657209493,5,5,7.7342468756417,12.156997579394,2294.4734875575,5.0409859339299,5.1350814683476
118.47500000001,5.4424949427363,-5.4308469469796,-1.5847531225057,0.91121021831489,5,5,7.7359258688257,12.158816910763,2294.9953987311,5.03931500785,5.1333076540747
118.50000000001,5.4435398418596,-5.4321236480921,-1.5854589062422,0.66041740871781,5,5,7.7375756506018,12.160611321695,2295.4944386076,5.0376731254562,5.1315614063303
118.52500000001,5.4445482008275,-5.4333499684993,-1.5861480766375,0.04831390942463,5,5,7.7391633059641,12.162342103421,2295.9989586507,5.0360927258583,5.1298787077354
118.55000000001,5.4455607757764,-5.4345529469512,-1.5868255417103,0.26967909195187,5,5,7.7407357134122,12.164054243633,2296.4799482469,5.0345258850058,5.1282115749021
118.57500000001,5.4465985477434,-5.4357821966903,-1.5875091883373,1.3576480110816,5,5,7.7423444475656,12.165802213395,2296.978972116,5.0329226529254,5.1265075656787
118.60000000001,5.4476492522787,-5.4370749452191,-1.5882112634812,2.036208814833,5,5,7.7440103343503,12.16760999886,2297.4866404014,5.0312653260211,5.1247469707161
118.62500000001,5.4487152166798,-5.4383512150089,-1.5889160147719,2.5252145057897,5,5,7.745673206769,12.169416049541,2297.9864620926,5.0296088992952,5.1229867782165
118.65000000001,5.449745952886,-5.4395684827185,-1.5896019619844,1.6415661383423,5,5,7.7472682483996,12.171152333326,2298.4553088051,5.0280191316562,5.1212956310008
118.67500000001,5.4507675478298,-5.4408025137672,-1.5903052655172,0.23076363588418,5,5,7.7488702748845,12.172901940344,2298.9528128966,5.0264239520303,5.119595901012
118.70000000001,5.4518162959702,-5.4420469025486,-1.5910034640189,0.36557710977011,5,5,7.7504976580912,12.174672775528,2299.4506912039,5.0248022688666,5.117871147925
118.72500000001,5.4528683391854,-5.4433440745095,-1.5916964803516,0.1137433236042,5,5,7.7521678227605,12.176481012697,2299.9423753669,5.0231408890733,5.1161084308303
118.75000000001,5.4538678554584,-5.4445171840107,-1.5923461658982,1.4434540375975,5,5,7.7537089972094,12.178153528763,2300.3968528996,5.0216044489133,5.1144766306818
118.77500000001,5.4548991354493,-5.4457310001595,-1.5930231693838,2.2942585311371,5,5,7.7553017583537,12.179884199668,2300.874143527,5.0200167592414,5.1127893539722
118.80000000001,5.4559470131133,-5.4469460969004,-1.5937167597529,2.5358418018967,5,5,7.7569062856014,12.18163222006,2301.3558381023,5.0184164446757,5.111086562879
118.82500000001,5.4570009146596,-5.448179033562,-1.5944211530012,1.4779913564408,5,5,7.7585282724326,12.183400555754,2301.8218103997,5.0167992481613,5.1093651765722
118.85000000001,5.4580957897409,-5.4494983197432,-1.5951778856157,0.026229373495223,5,5,7.7602427016296,12.185274565285,2302.2863402828,5.0150919848152,5.1075454692422
118.87500000001,5.4591491193055,-5.4508561245121,-1.5958888605729,0.31677906031872,5,5,7.7619611709956,12.187134302458,2302.7855370311,5.0133868001809,5.1057365008375
118.90000000001,5.4601962295917,-5.4521276882342,-1.5965840388709,0.25329053540113,5,5,7.7636083850834,12.188922202656,2303.2657546371,5.0117470679985,5.1039948192297
118.92500000001,5.4612079186897,-5.4533253679523,-1.5972692097584,1.0822828651734,5,5,7.7651761706357,12.190633170418,2303.7253466333,5.010184661303,5.1023309870978
118.95000000001,5.4622876384461,-5.4545652413006,-1.5979655315388,1.4313540328809,5,5,7.7668202754597,12.19241865206,2304.2073377966,5.0085443375581,5.1005885630322
118.97500000001,5.4633607000298,-5.455849223454,-1.5986686940602,2.587130282059,5,5,7.7684936168274,12.194233730258,2304.70274197,5.0068774965027,5.09881883395
119.00000000001,5.4644055566559,-5.4570880575962,-1.5993622071656,1.9996952729514,5,5,7.7701142449158,12.195996510967,2305.1766433348,5.0052625405101,5.0971019061936
119.02500000001,5.4654545052492,-5.4583093911002,-1.6000801398718,0.62443990580322,5,5,7.7717241979211,12.197759286066,2305.6456132227,5.0036570849362,5.0953897226802
119.05000000001,5.4666067448872,-5.4596407111636,-1.6008494925207,0.61440010810533,5,5,7.7734848992855,12.199680736766,2306.1327040493,5.0019008176219,5.0935197628934
119.07500000001,5.4676218387175,-5.4609360217659,-1.6015108294003,0.51789147963192,5,5,7.7751305739316,12.201454323953,2306.6217302207,5.0002669245091,5.0917904001819
119.10000000001,5.4686305913767,-5.462154827315,-1.6021859407827,1.0116637549065,5,5,7.7767126829336,12.203174453097,2307.084361689,4.9986916654311,5.0901160421973
119.12500000001,5.4696454697897,-5.463347581642,-1.602847586693,2.1494030635519,5,5,7.7782787739518,12.20487457556,2307.5583365341,4.9971305203341,5.0884581108754
119.15000000001,5.4707093875262,-5.4645949739583,-1.6035494445349,2.5645621847216,5,5,7.779918258182,12.206657974834,2308.0388338566,4.9954960640017,5.0867206263921
119.17500000001,5.4717772537881,-5.4658641644714,-1.6042614631571,1.8692634180997,5,5,7.7815769272001,12.20846301041,2308.5047615905,4.9938433947066,5.0849633689437
119.20000000001,5.4728470273317,-5.4671534722851,-1.604978533589,0.87414503140918,5,5,7.7832522570402,12.210285349587,2308.9564535359,4.9921751452639,5.0831898881918
119.22500000001,5.4739086196698,-5.468455629711,-1.6057083577235,0.18784674096439,5,5,7.7849323142578,12.212117079786,2309.4315409471,4.9905035879918,5.0814107870538
119.25000000001,5.4749238507893,-5.4697483893123,-1.6064187889998,0.98572887100883,5,5,7.7865760665544,12.213907787526,2309.911512817,4.9888714447756,5.0796740775921
119.27500000001,5.4759661849956,-5.470993494599,-1.6070915725425,0.5067180577914,5,5,7.7881998731231,12.215665452303,2310.3523743175,4.9872538780833,5.0779587981546
119.30000000001,5.477017876595,-5.4722363545545,-1.6077805250423,1.9847880849029,5,5,7.7898279873971,12.21743333568,2310.8343494759,4.9856312920189,5.0762355726639
119.32500000001,5.478110480349,-5.473501654852,-1.6085007664339,2.5448417310899,5,5,7.7914997433022,12.219253642102,2311.3203651197,4.9839639211133,5.0744625053365
119.35000000001,5.4791810481701,-5.4747794671701,-1.6092185684701,2.1936868016024,5,5,7.7931667525343,12.22106862407,2311.7984170054,4.9823032722477,5.0726965292953
119.37500000001,5.4802065007647,-5.476057315402,-1.6099204190106,0.60021732505261,5,5,7.7948051813937,12.222851050312,2312.2456768939,4.9806744846046,5.070964874346
119.40000000001,5.4812640973733,-5.4773557360758,-1.6106402747627,0.36008653245525,5,5,7.7964798177222,12.224673850119,2312.7048719033,4.9790084316651,5.0691932648531
119.42500000001,5.4823170682885,-5.4786632603793,-1.6113580185518,0.95539646560404,5,5,7.79815861716,12.22649964411,2313.1716876211,4.9773392130592,5.0674189730634
119.45000000001,5.4833491653657,-5.4798922359084,-1.6120341826634,0.19172774538304,5,5,7.7997634863846,12.228241138622,2313.6164860157,4.9757403231632,5.0657215930954
119.47500000001,5.4843763015766,-5.4811269370372,-1.6127184665999,2.0740984227004,5,5,7.8013695672273,12.229986916437,2314.0878940627,4.974140892874,5.0640221854486
119.50000000001,5.48549695074,-5.4824259881331,-1.6134566129062,1.9759554352378,5,5,7.8030851978102,12.231854601706,2314.5734496605,4.9724298499043,5.062203072902
119.52500000001,5.4865732118546,-5.4837281992357,-1.6141720662471,2.3056278042699,5,5,7.8047746035468,12.233689258412,2315.0558321334,4.970747949002,5.0604168713495
119.55000000001,5.4876040177465,-5.4849673175019,-1.6148618101139,1.2092037278821,5,5,7.8063864270062,12.235442461613,2315.5009813134,4.9691428129186,5.0587109216369
119.57500000001,5.4886300981608,-5.4862126065698,-1.6155657188684,0.51640270359999,5,5,7.8079999901067,12.237202880147,2315.956357455,4.9675366565101,5.0570013450617
119.60000000001,5.4896597181094,-5.4874759280676,-1.6162898560283,0.348846657979,5,5,7.8096297442124,12.238986268235,2316.4190248986,4.9659152480252,5.055273029618
119.62500000001,5.4906818619116,-5.4887264979148,-1.6169401320663,0.43765991950331,5,5,7.8112448921609,12.240727406317,2316.8707068038,4.9643081492552,5.0535726247102
119.65000000001,5.4917235247313,-5.4899927621836,-1.6176364917028,1.9309290021066,5,5,7.8128845526832,12.242508811204,2317.3396878417,4.962676156717,5.0518391679122
119.67500000001,5.492828231623,-5.4913027462899,-1.6183913944261,2.176514250819,5,5,7.8145981558097,12.24438132657,2317.8215922762,4.9609686787051,5.0500206392886
119.70000000001,5.4938687995796,-5.4926008703785,-1.6190776770273,2.7238851725195,5,5,7.8162618588546,12.246181018663,2318.3071622295,4.9593149374718,5.0482677604602
119.72500000001,5.4949109409568,-5.4938297919594,-1.6197689939166,1.193964066312,5,5,7.8178731648163,12.247934365732,2318.7483359031,4.9577090313546,5.046560960408
119.75000000001,5.495934190318,-5.4950727176388,-1.6204663818727,0.13187049924053,5,5,7.8194831037902,12.249688860948,2319.1984128067,4.9561065821088,5.0448564511314
119.77500000001,5.4969470955266,-5.4963493171754,-1.6211821986698,0.71724712084234,5,5,7.8211127305384,12.251468770222,2319.6585342571,4.9544876383736,5.0431323266754
119.80000000001,5.4979561182474,-5.4975894741004,-1.6218391780198,0.074731925896809,5,5,7.8227115163432,12.253197277646,2320.0751506384,4.9528972169482,5.0414472343523
119.82500000001,5.4989871927765,-5.4988301469856,-1.6225250843514,1.9554257263342,5,5,7.8243247069372,12.254950232691,2320.5337213058,4.9512908434064,5.039741098208
119.85000000001,5.5000547232883,-5.5000863499942,-1.6232410338829,2.6890678934235,5,5,7.8259732418602,12.25674752263,2320.9982018569,4.9496477144817,5.037993277352
119.87500000001,5.501141992744,-5.501393091896,-1.6239632004159,2.2290548990535,5,5,7.8276731622312,12.258594480607,2321.4624266772,4.9479548959516,5.0361955101117
119.90000000001,5.5021828751833,-5.5026762412889,-1.6246643482499,1.5660441802054,5,5,7.8293254057413,12.26038933907,2321.9004936827,4.9463115664004,5.0344503120408
119.92500000001,5.5032109732815,-5.50394084101,-1.6253694634116,0.11894175189663,5,5,7.8309551904369,12.262165116518,2322.3367050356,4.9446903988559,5.0327261785811
119.95000000001,5.5042735122548,-5.5052593790351,-1.6261133208087,0.460854233777,5,5,7.8326485691877,12.264014671984,2322.7817389154,4.9430067453874,5.0309334699953
119.97500000001,5.5052952046714,-5.5065447099664,-1.626794687552,0.04178929997272,5,5,7.8342904982352,12.265792364768,2323.2280943732,4.9413754633661,5.0292038803257
120.00000000001,5.5063371330773,-5.5078019166508,-1.6274931767065,1.6516263392643,5,5,7.8359233434361,12.26756833508,2323.6700854575,4.9397497589516,5.0274766128325
120.02500000001,5.5073996583026,-5.5090878986442,-1.6282013589982,2.7152398836744,5,5,7.8375914889759,12.269380580014,2324.1416313062,4.938089149278,5.0257132758264
120.05000000001,5.5084543899998,-5.5103503577531,-1.6289007078863,2.8278076069114,5,5,7.839236560997,12.271168134439,2324.6124206815,4.9364506856997,5.0239733705691
120.07500000001,5.5094836212252,-5.5115828059399,-1.6295890119683,1.5534910907209,5,5,7.8408422525765,12.27291513414,2325.0538858739,4.9348514780396,5.0222741188557
120.10000000001,5.5104974087702,-5.5128273018395,-1.6302813639221,0.14137117256064,5,5,7.8424474115189,12.274663243536,2325.48896025,4.9332546823568,5.020576514129
120.12500000001,5.511560901127,-5.5140994984278,-1.6310034335932,0.56939331263739,5,5,7.8441055731975,12.276471802289,2325.9397641353,4.9316031524654,5.0188196395381
120.15000000001,5.5125847137513,-5.5154348213835,-1.6317316818944,0.16649018860325,5,5,7.8457882138857,12.278305275843,2326.3784667921,4.9299350769344,5.017045392572
120.17500000001,5.5135867698277,-5.516693538007,-1.6323881937671,1.7964473084951,5,5,7.8473970904872,12.280042944326,2326.8336483792,4.9283365469175,5.0153528219699
120.20000000001,5.5146633894409,-5.5179307719365,-1.6330674557181,2.8116261971132,5,5,7.8490371690182,12.281818121609,2327.30062408,4.9267004575,5.013619149506
120.22500000001,5.5157427248478,-5.519182098706,-1.6337548261792,2.38971951089,5,5,7.8506896772949,12.283607887447,2327.7708420094,4.9250524892045,5.0118723276721
120.25000000001,5.5168017810663,-5.5204251874696,-1.634435092895,1.4846386396788,5,5,7.8523227326363,12.285376964199,2328.2142696838,4.9234246930748,5.0101466721553
120.27500000001,5.5178820337945,-5.5217056187962,-1.6351230971928,0.21815458692775,5,5,7.8539979789881,12.28718798608,2328.6458684502,4.9217555133188,5.0083789427865
120.30000000001,5.5189643207492,-5.5230155235354,-1.635817775876,0.29343941010822,5,5,7.8556971539284,12.289023680485,2329.1052530285,4.9200640696837,5.0065881257064
120.32500000001,5.5199950513838,-5.5243026141138,-1.6365007394981,0.30105645052544,5,5,7.8573460953459,12.290808462575,2329.5534436642,4.918425231784,5.0048512009423
120.35000000001,5.5210289897123,-5.5255758402453,-1.637159762361,1.1594423210509,5,5,7.8589862579137,12.292576072368,2329.9810645328,4.9167939281924,5.0031261357749
120.37500000001,5.5221230588477,-5.5268621981237,-1.6378522074711,1.981921096878,5,5,7.860674956781,12.294401225539,2330.4385732669,4.9151108032903,5.0013439870052
120.40000000001,5.5232214432771,-5.5282757413058,-1.6386027195149,2.0258147761837,5,5,7.8624650832241,12.296342313123,2330.9057796921,4.9133347597018,4.9994598156553
120.42500000001,5.5242904371801,-5.5295720206125,-1.6392670996195,1.9610739616699,5,5,7.8641452879752,12.298149102798,2331.3585335674,4.9116623789908,4.9976934685426
120.45000000001,5.5253363577568,-5.5308633171751,-1.6399547542673,0.41451649577086,5,5,7.8658070330415,12.299947509198,2331.7898833321,4.9100098524186,4.995942359433
120.47500000001,5.5264090662239,-5.5322056605247,-1.6406962596943,0.3126154309666,5,5,7.8675253430029,12.301818984397,2332.2553704763,4.9083023089566,4.9941272656814
120.50000000001,5.5274456585111,-5.5335154980238,-1.6413541794067,0.13655557883882,5,5,7.8691957315338,12.303614271614,2332.6974312836,4.9066432983288,4.9923753288773
120.52500000001,5.5284826605843,-5.5348008808083,-1.6420137619378,1.0258550799429,5,5,7.8708472708772,12.30539265046,2333.1271934291,4.9050012817032,4.9906398109588
120.55000000001,5.5295929349098,-5.5361173854817,-1.6427225005055,1.778130538752,5,5,7.872569447881,12.307254961924,2333.5763167033,4.9032854255683,4.9888226797454
120.57500000001,5.5306979812968,-5.5374634166574,-1.6434410419669,2.5005110484138,5,5,7.8743109780828,12.309138901752,2334.0421945915,4.9015524161192,4.9869869112991
120.60000000001,5.5317466564373,-5.5387455063503,-1.6441088304938,1.9292577699578,5,5,7.8759673215046,12.310924795099,2334.4935455823,4.8999044812061,4.9852441415815
120.62500000001,5.532785702151,-5.5400442257524,-1.6448065872963,0.4515487170532,5,5,7.8776305376903,12.312728444909,2334.9203650683,4.8982516214419,4.9834910370671
120.65000000001,5.5338518622138,-5.5414011440737,-1.6455095677556,0.090747721010587,5,5,7.8793562041152,12.314591803741,2335.3694723513,4.8965384670493,4.9816777359591
120.67500000001,5.5349494910443,-5.5427623243046,-1.6462132665254,0.14393530412682,5,5,7.8811048037466,12.31647668905,2335.8158629769,4.894800034308,4.9798394843099
120.70000000001,5.5359936859415,-5.5440432687618,-1.6468901253282,0.75015882812293,5,5,7.8827574264154,12.318262550054,2336.2458278508,4.8931561054219,4.9780990887728
120.72500000001,5.53709854205,-5.5453842002424,-1.6476313961539,1.4820730551048,5,5,7.8844948970645,12.320151540973,2336.6838566768,4.8914268707001,4.9762630249346
120.75000000001,5.5381648149183,-5.5466798737325,-1.6482794268079,2.9201267235841,5,5,7.8861729041034,12.32195033261,2337.1456193282,4.8897569206612,4.974502406407
120.77500000001,5.5392324132153,-5.5479391070314,-1.648958118263,1.8684216429769,5,5,7.8878237931441,12.323735285471,2337.5897697974,4.8881117723005,4.9727605559649
120.80000000001,5.5402762485976,-5.549229533807,-1.6496387779095,0.46924359104353,5,5,7.8894835502253,12.325529189349,2338.0099651063,4.8864614238084,4.9710132591483
120.82500000001,5.5413306756005,-5.5505951064913,-1.6503482145263,0.10654731218303,5,5,7.8912088342774,12.327394639796,2338.4436041651,4.884750517161,4.9692011774546
120.85000000001,5.5424377824855,-5.5519077809685,-1.6510798941214,0.088995667869873,5,5,7.892926041294,12.329261228923,2338.8731027409,4.8830396720618,4.9673851042474
120.87500000001,5.5434963198708,-5.5532681449875,-1.6517554680635,0.60228738757529,5,5,7.8946497267817,12.33111257757,2339.2949590443,4.881329549529,4.9655800654776
120.90000000001,5.5445376758613,-5.5545103881866,-1.6524086055792,1.9489720066326,5,5,7.8962707111938,12.332860198547,2339.7397215562,4.8797150058847,4.9638731238059
120.92500000001,5.5456008516667,-5.5558135015752,-1.6530853841207,2.1277834598911,5,5,7.8979525100215,12.334673062715,2340.1867647886,4.8780420367129,4.9621044373573
120.95000000001,5.5466208847715,-5.5570492419373,-1.6537092451842,2.0034676013129,5,5,7.8995548588529,12.336392575554,2340.6008094622,4.8764471940072,4.9604222763649
120.97500000001,5.5476483987164,-5.5583113288518,-1.6543674165861,0.49535995908111,5,5,7.9011823256841,12.338148091968,2341.0248395039,4.8748284572891,4.9587103621173
121.00000000001,5.5486892953593,-5.5596464568759,-1.655061674356,0.33515239640101,5,5,7.902875261791,12.339977853295,2341.4566821994,4.87314868249,4.9569318594519
121.02500000001,5.5497300716657,-5.5609692089896,-1.6557204045425,0.080862363862166,5,5,7.904558380466,12.341785286263,2341.8961099559,4.8714777388269,4.9551685690515
121.05000000001,5.5507680873667,-5.5622419654314,-1.6563786606978,0.46110359356333,5,5,7.9062007523958,12.343554660932,2342.3007156849,4.8698440520585,4.9534420170649
121.07500000001,5.5518187849554,-5.5635450787021,-1.657037247418,1.7360136804544,5,5,7.9078746907516,12.345353495579,2342.7443223034,4.8681799594817,4.9516855360673
121.10000000001,5.5528687974371,-5.5648050239702,-1.6576969389915,2.2419922796399,5,5,7.9095148091285,12.3471213138,2343.2076544542,4.8665468302507,4.9499593184494
121.12500000001,5.5539348089825,-5.5660984685777,-1.6583670608489,1.7785892247003,5,5,7.9111909295203,12.34892642955,2343.6579969344,4.8648787269825,4.9481968344463
121.15000000001,5.5549669098053,-5.5674091784814,-1.6590361312354,0.83428167467997,5,5,7.9128592198308,12.350723885459,2344.0778160316,4.8632224646329,4.9464462095343
121.17500000001,5.5560080170297,-5.5687171342761,-1.6597161226246,0.10394351045608,5,5,7.914530941283,12.352528612835,2344.519394525,4.8615617740983,4.9446892622865
121.20000000001,5.5570523343195,-5.5700965668022,-1.6604064333087,0.55006944188576,5,5,7.9162610952344,12.354391396112,2344.9754269892,4.8598483710582,4.9428786315041
121.22500000001,5.5581144958882,-5.5714623365905,-1.6610933943752,0.32806973885681,5,5,7.9179912727724,12.356252962608,2345.402682105,4.8581319797667,4.9410657008564
121.25000000001,5.5591325605718,-5.572726344797,-1.661723180656,1.5341543625474,5,5,7.9196142861568,12.357993882826,2345.8042615983,4.8565186546914,4.9393645619127
121.27500000001,5.5601984884078,-5.5739888131999,-1.662389246168,2.1531004353079,5,5,7.9212665659817,12.359775363077,2346.245204284,4.8548725102964,4.9376245607949
121.30000000001,5.5612687423489,-5.5752778453478,-1.6630693074999,1.8584296288491,5,5,7.9229419905181,12.361583547468,2346.6753895587,4.8532045597638,4.9358605935832
121.32500000001,5.5622982891095,-5.576578784537,-1.663719485908,1.1454803707407,5,5,7.9246010291873,12.363365440077,2347.0882132827,4.8515570564038,4.9341222021334
121.35000000001,5.5633865105221,-5.5779431446097,-1.664438470472,0.031534332988089,5,5,7.9263462238042,12.365252936581,2347.5200539624,4.8498232336432,4.9322864282452
121.37500000001,5.5644068080748,-5.5793379430755,-1.6651057223205,0.61998673885584,5,5,7.9280743643819,12.367105420019,2347.9705118868,4.848116076177,4.9304863217001
121.40000000001,5.5654216119284,-5.5806565043047,-1.665824305241,0.13582357099299,5,5,7.9297382245251,12.36891781953,2348.4114393377,4.8464666144896,4.9287336322924
121.42500000001,5.5664184206851,-5.5819138417085,-1.6663813453612,1.5637776986985,5,5,7.9313427571813,12.370616294947,2348.8352811345,4.8448731095163,4.9270653810291
121.45000000001,5.5675587221399,-5.5832350306988,-1.6670798073976,1.8010936200594,5,5,7.9330879871821,12.372496102642,2349.3008877722,4.8431328684439,4.9252271384051
121.47500000001,5.5686318049629,-5.5845874601246,-1.6677710701294,2.4158488358606,5,5,7.9348144205278,12.374355784406,2349.7729444688,4.8414182330646,4.9234154113265
121.50000000001,5.5697072366546,-5.5859726592152,-1.6684707997757,1.3111391277356,5,5,7.9365680823663,12.3762438923,2350.2165320107,4.8396788246624,4.9215778127903
121.52500000001,5.5707927433723,-5.5873315207435,-1.6691491042502,0.47478850049707,5,5,7.9383072860597,12.378110688071,2350.6624824832,4.8379508635598,4.9197553901442
121.55000000001,5.5718856623234,-5.5887357748596,-1.6698418597163,0.75158671937139,5,5,7.9400867245825,12.380020219844,2351.1257177225,4.8361856380733,4.9178937243194
121.57500000001,5.5730121832059,-5.5901785026124,-1.670568896917,0.22353574582871,5,5,7.941917165149,12.381989761861,2351.5646829886,4.8343694666939,4.9159757642305
121.60000000001,5.5740027478741,-5.5914565680608,-1.6711954332228,1.3094062976562,5,5,7.9435341591664,12.383723894899,2352.0144331442,4.8327658229,4.914285065684
121.62500000001,5.5750750375048,-5.5927806737211,-1.671873286817,2.0660182917692,5,5,7.945237996263,12.385557619619,2352.4764242747,4.8310717792319,4.9124961824459
121.65000000001,5.5761926699062,-5.5941622283825,-1.6725807635576,2.1686667180326,5,5,7.947015014965,12.387470292828,2352.9481493068,4.8293050804624,4.9106305047335
121.67500000001,5.577245243631,-5.5955142608385,-1.6732494732876,1.4991879541992,5,5,7.9487284627196,12.389309606807,2353.400376394,4.8276053349876,4.9088377244305
121.70000000001,5.5782991788364,-5.5969029535192,-1.6739260291976,0.094585424100228,5,5,7.9504718062826,12.391179626774,2353.8404289284,4.8258787818716,4.9070171837295
121.72500000001,5.5793938615199,-5.5983933386168,-1.6746707904313,0.02240466313533,5,5,7.9523210163617,12.393173178181,2354.3041631919,4.8240516408279,4.9050853955128
121.75000000001,5.5804136589653,-5.5997786041133,-1.6753332931606,0.18463346556845,5,5,7.9540411754606,12.39501650593,2354.7615097607,4.8223517379839,4.9032936623063
121.77500000001,5.5814227353252,-5.6011276570948,-1.6759699224222,0.8287546827738,5,5,7.9557258650603,12.396817471189,2355.1970124116,4.8206849843064,4.9015392356528
121.80000000001,5.582456671317,-5.6024151073892,-1.6765888779832,1.8525100305084,5,5,7.9573770924509,12.398580893397,2355.6612120628,4.8190440448208,4.8998134149454
121.82500000001,5.5835204909619,-5.6037563727022,-1.6772444596887,1.9368109457547,5,5,7.9590890226121,12.400414057942,2356.129078685,4.8173439789616,4.8980228412495
121.85000000001,5.5845212177383,-5.6050675905424,-1.6778908738008,1.8442366373961,5,5,7.9607384911038,12.402185666677,2356.5828304986,4.8157098518148,4.8962988006787
121.87500000001,5.585525221161,-5.6063884480199,-1.6785188212693,0.095238604501144,5,5,7.9623976135674,12.40395964677,2357.0187863892,4.8140666157688,4.8945691601393
121.90000000001,5.5865797795006,-5.6078118255005,-1.6791930744933,0.51702289372147,5,5,7.9641690809658,12.405855092405,2357.4708043152,4.81231526533,4.8927248423873
121.92500000001,5.5876881606734,-5.6092399694061,-1.6799183552981,0.22605656917475,5,5,7.9659768707322,12.407802946631,2357.9266832922,4.8105223909552,4.8908304978245
121.95000000001,5.5886929177145,-5.6105643546805,-1.6805045771516,0.91366704485208,5,5,7.9676392584927,12.40956566871,2358.3602979947,4.8088761684425,4.8891055170408
121.97500000001,5.5897125023011,-5.6118316092221,-1.6811245780792,1.7649806605073,5,5,7.969265753744,12.411306326043,2358.8287862593,4.8072597039507,4.8874037299783
122.00000000001,5.5907463962929,-5.6131003069167,-1.6817722269622,2.0659465129558,5,5,7.9709023754555,12.41306643391,2359.3094279464,4.8056320776146,4.8856860001437
122.02500000001,5.5917864467728,-5.6144469769356,-1.6824222774351,1.0429145464705,5,5,7.9726039115676,12.414887914285,2359.7740631487,4.8039451387773,4.8839095202848
122.05000000001,5.5928248135079,-5.6158387488694,-1.6830737832271,0.6674345767785,5,5,7.974340354654,12.416742555595,2360.2189583798,4.8022276211256,4.8821027227608
122.07500000001,5.5938724477794,-5.6172424700678,-1.6837542145757,0.8125231146813,5,5,7.9760919170336,12.418621639838,2360.6813472555,4.800495121163,4.880276001435
122.10000000001,5.5949495802842,-5.6186270587294,-1.684408564294,0.16799043490565,5,5,7.977846140564,12.42049393088,2361.1511942641,4.7987551853334,4.8784466867816
122.12500000001,5.5959470796033,-5.6199889017946,-1.685056039357,0.25474092541407,5,5,7.9795342227379,12.422301925732,2361.5949572061,4.7970877945743,4.8766899924731
122.15000000001,5.5969675899134,-5.6212815275565,-1.6856863974183,1.7752058863889,5,5,7.9811811358059,12.424065352492,2362.0670535886,4.7954528566269,4.8749683238598
122.17500000001,5.5980449081837,-5.6225953715417,-1.6863334130304,2.0681683871862,5,5,7.9828801945668,12.425883436614,2362.5493261053,4.7937626631975,4.8731893269518
122.20000000001,5.5991105076882,-5.6239321387602,-1.6870069614074,1.1782753195328,5,5,7.9845897117209,12.427720857719,2363.0167324753,4.7920646429919,4.871397884411
122.22500000001,5.6001087752188,-5.625260885616,-1.6876240815025,0.73568684673377,5,5,7.9862516702852,12.429493692591,2363.4632860084,4.7904200682714,4.8696691823514
122.25000000001,5.6011709495143,-5.6266517480776,-1.6883080382562,0.44119096670721,5,5,7.988001731033,12.431372657588,2363.9420460648,4.7886863901465,4.8678408414384
122.27500000001,5.6021838853093,-5.6280592490598,-1.6889818677956,0.93149330913769,5,5,7.9897358296288,12.433233072646,2364.432685269,4.7869759532614,4.8660372091311
122.30000000001,5.6031935890978,-5.6294161491235,-1.6895981270831,0.70332922388201,5,5,7.9914271839747,12.43503319904,2364.8917341208,4.7853034688446,4.8642812708918
122.32500000001,5.6042173428828,-5.6307195411047,-1.6902366434792,1.451270473872,5,5,7.993084562166,12.436809319998,2365.3738290074,4.7836587111825,4.8625486358063
122.35000000001,5.6052926094821,-5.6320879572415,-1.6909230908953,1.8572912548308,5,5,7.9948248957498,12.438680140951,2365.8638581296,4.7819315966453,4.860726406268
122.37500000001,5.6063366415603,-5.6334077219138,-1.6915443892002,2.1219861845561,5,5,7.9965076856269,12.440473961832,2366.3512375338,4.7802609298328,4.8589714161495
122.40000000001,5.6073673188141,-5.6347863585276,-1.6922118608149,0.28962496427093,5,5,7.998229003295,12.442320161407,2366.818800879,4.7785582932724,4.8571767196579
122.42500000001,5.6083834055308,-5.6361534527283,-1.6928748084381,0.45967019039443,5,5,7.9999323467042,12.444147968377,2367.3165191386,4.776874157592,4.8554010606222
122.45000000001,5.6094423134591,-5.6375697021658,-1.6935313646275,0.49453138724197,5,5,8.0017006929569,12.446034264881,2367.8070628487,4.7751250175838,4.8535626174744
122.47500000001,5.6104330709448,-5.6389301760229,-1.6941784281003,0.045937583006111,5,5,8.0033836931088,12.447837367942,2368.284064171,4.7734635568101,4.8518121595582
122.50000000001,5.6114498364253,-5.6402681250239,-1.6948170683873,1.5651152709257,5,5,8.0050641453015,12.449635083433,2368.7688769751,4.771799501529,4.850060679776
122.52500000001,5.6124958015095,-5.6416001546681,-1.695463841083,2.0456941774434,5,5,8.0067577644825,12.451447998448,2369.2793237411,4.7701188890756,4.8482914778328
122.55000000001,5.6135843127235,-5.6429580532163,-1.6961312708375,1.7814054505684,5,5,8.0084980935118,12.453311921088,2369.7782169416,4.7683898581699,4.8464709676739
122.57500000001,5.6146033123521,-5.6443506114836,-1.6967887592607,0.61365471111573,5,5,8.0102236597293,12.455158504364,2370.2586384248,4.7666858037202,4.8446768334347
122.60000000001,5.6156355051648,-5.6457178164979,-1.6974506239242,0.089678782187418,5,5,8.0119367480381,12.456995005491,2370.7563163527,4.7649902413815,4.8428902971286
122.62500000001,5.616672042865,-5.6470860464654,-1.6981085472457,0.67718761952129,5,5,8.0136532746612,12.458833300011,2371.2587491714,4.7632908839728,4.8411007556056
122.65000000001,5.6177285336348,-5.6484729412069,-1.6987826409392,0.25865745192852,5,5,8.0153967338006,12.46070253838,2371.7464334081,4.7615642280673,4.839281492033
122.67500000001,5.6187621593261,-5.6498371880307,-1.6994354041512,1.1193112548681,5,5,8.0171083270542,12.462534382062,2372.2392740181,4.7598697673263,4.8374977389796
122.70000000001,5.6197973609023,-5.6511541509825,-1.7000546271816,2.1886458472508,5,5,8.0187834490557,12.464320291041,2372.7541886808,4.7582074778055,4.8357516474671
122.72500000001,5.6208301383088,-5.6524904355752,-1.7007311143406,1.4821366421598,5,5,8.0204723201828,12.466139609749,2373.2658063674,4.7565333214514,4.8339836895461
122.75000000001,5.6218559289696,-5.653904765949,-1.7013708264135,1.0529071082292,5,5,8.0222194827071,12.468000203316,2373.7564294003,4.7548092159388,4.8321731640659
122.77500000001,5.6229187218875,-5.6552671956028,-1.7020692798202,0.10953044187349,5,5,8.0239474130725,12.469863957728,2374.2491798991,4.7530953590043,4.8303622797561
122.80000000001,5.6239845221994,-5.6566799445538,-1.7027170040251,1.1076094776625,5,5,8.0257170994581,12.471748456747,2374.7732401721,4.7513439677104,4.8285235247968
122.82500000001,5.6250111419066,-5.6580850366169,-1.7033828111126,0.030347983508891,5,5,8.02745728098,12.473611661192,2375.2756520013,4.7496258183922,4.8267142838578
122.85000000001,5.6260648548909,-5.6594275177381,-1.7040176502195,1.1204314964887,5,5,8.029163905313,12.475432536615,2375.7732915443,4.7479324840027,4.8249349975799
122.87500000001,5.6270804591865,-5.6607164120552,-1.7046440499959,1.9846728370951,5,5,8.0308048503595,12.477188975434,2376.2961862436,4.7463039419657,4.8232209932309
122.90000000001,5.6281076647488,-5.6619913497753,-1.7052723867596,1.9201913004386,5,5,8.0324421094892,12.478942664274,2376.8220132702,4.7446769826302,4.8215082240802
122.92500000001,5.6291839293669,-5.6633639103314,-1.7059600905469,0.79643691077849,5,5,8.0341863193412,12.480817552139,2377.3275793697,4.7429464868284,4.8196830376485
122.95000000001,5.6302839025876,-5.664795513642,-1.7066587703965,0.025188782546434,5,5,8.0359917082537,12.482753419557,2377.8422902852,4.7411576163404,4.817798483432
122.97500000001,5.6313019503669,-5.6661969499948,-1.7073064817758,1.2299564984847,5,5,8.0377238875551,12.484602737042,2378.3851498381,4.7394482090034,4.8160012090224
123.00000000001,5.6323431785317,-5.6675830982288,-1.7079754070446,0.4735583281004,5,5,8.0394575435237,12.486460968468,2378.9020483926,4.7377330944654,4.8141945753026
123.02500000001,5.633339601889,-5.6688820371948,-1.70858337967,1.0778979188758,5,5,8.041094645214,12.488207316846,2379.4141557666,4.7361111809513,4.8124905055613
123.05000000001,5.6344159621021,-5.6702048064078,-1.7092405329126,1.5967885907163,5,5,8.0428000101895,12.490034916388,2379.948145691,4.7344156922922,4.8107053234961
123.07500000001,5.6354667195748,-5.6715767796255,-1.7099066603873,1.9994393386517,5,5,8.0445281310696,12.491886976751,2380.4957697025,4.7327038074463,4.8089024386859
123.10000000001,5.6365432055472,-5.6729364855253,-1.7105714394838,0.9104301045719,5,5,8.0462623808159,12.493744274097,2381.0088939193,4.7309822698357,4.8070903186951
123.12500000001,5.6375758498412,-5.6743131161747,-1.7112116229778,0.19941977172517,5,5,8.0479832719173,12.495580384412,2381.5131709245,4.7292800101939,4.8053015546867
123.15000000001,5.6386333681676,-5.6757937799769,-1.7119185661973,0.77283497884601,5,5,8.0498028076564,12.497532429242,2382.0484605865,4.7274869250836,4.8034116001533
123.17500000001,5.6396774501991,-5.6771357799978,-1.7125711385579,0.80326398799032,5,5,8.0515031227286,12.499353671135,2382.5810113841,4.7258009123609,4.8016366816196
123.20000000001,5.6406476198861,-5.6784146258694,-1.7132142818968,0.96720151508656,5,5,8.0531083255148,12.501082922227,2383.1065887279,4.7242118719862,4.7999588982428
123.22500000001,5.6417154680445,-5.6797630838962,-1.713840995055,1.5240475904187,5,5,8.0548283949144,12.502913607378,2383.6517546681,4.722504439027,4.7981675211907
123.25000000001,5.6428031193436,-5.6811381354802,-1.714516079578,2.1781177460563,5,5,8.0565816068831,12.504792301424,2384.2089319473,4.7207642359318,4.7963353579869
123.27500000001,5.643846804543,-5.682455461347,-1.7151478190167,1.5338559124622,5,5,8.0582622693223,12.506587773772,2384.7450195079,4.7190958919398,4.7945816101623
123.30000000001,5.6448807285607,-5.6837940337233,-1.7158096504499,0.25148207924767,5,5,8.0599536518577,12.508404032489,2385.2503353492,4.7174195633156,4.7928147089961
123.32500000001,5.6459502830694,-5.6852489710185,-1.716492578534,1.0396824791441,5,5,8.0617594174516,12.510334623111,2385.7991191659,4.715636106378,4.790938663943
123.35000000001,5.6469987905094,-5.686640306459,-1.7171285974192,1.1165992424676,5,5,8.0635015948707,12.512189266522,2386.3477354,4.7139123421662,4.7891296817655
123.37500000001,5.6480500284405,-5.687988839432,-1.7177537693283,0.8820465790098,5,5,8.0652114610547,12.514009838488,2386.8526690435,4.7122167330848,4.7873503486343
123.40000000001,5.6490786973767,-5.6892180164336,-1.7183521632102,1.9091798271937,5,5,8.0668142822804,12.515720718706,2387.3778926505,4.7106210757269,4.7856741444229
123.42500000001,5.6501139619111,-5.6904630851113,-1.7189579520549,2.184531199729,5,5,8.0684335316955,12.517449576361,2387.9116059638,4.7090095624445,4.7839810484744
123.45000000001,5.6511481219553,-5.6917398404518,-1.7195898655247,1.5813003759905,5,5,8.0700765749684,12.519209947296,2388.4104252322,4.7073765713333,4.7822622262131
123.47500000001,5.6522011542889,-5.6930729910228,-1.7201988413314,0.22179355079987,5,5,8.0717754474005,12.521014668625,2388.918778108,4.7056905289285,4.7804952479523
123.50000000001,5.6532348666743,-5.6943809159316,-1.7208627365098,1.2417664060366,5,5,8.0734425493358,12.522809100477,2389.4756003324,4.7040359678261,4.7787496041471
123.52500000001,5.6542858754356,-5.6957369744672,-1.7214612515094,0.77205266972194,5,5,8.075158216602,12.524626167997,2390.012408303,4.7023352863458,4.7769700994755
123.55000000001,5.6552777015359,-5.696987026603,-1.7220440010078,0.67596744499023,5,5,8.0767539450737,12.526324975324,2390.5109502744,4.7007512119098,4.775308173837
123.57500000001,5.6563147418616,-5.6982470831827,-1.7226577730693,2.2669539293562,5,5,8.0783858749807,12.528068509483,2391.0398372984,4.699127943481,4.7736022253398
123.60000000001,5.6573953952083,-5.6995330837623,-1.7233001647947,2.654338034009,5,5,8.0800656395911,12.529866918857,2391.5872326174,4.6974554185382,4.771842775706
123.62500000001,5.6584415202388,-5.7008925219375,-1.7239359131597,1.9638461248923,5,5,8.0817809966186,12.531696297362,2392.1080799065,4.6957558737089,4.7700579190273
123.65000000001,5.6594839177852,-5.7022076793815,-1.7245495314435,0.65310606246161,5,5,8.0834591598249,12.533483126717,2392.6116164795,4.6940901019757,4.7683102215293
123.67500000001,5.6606094274895,-5.7036138318598,-1.7252430911985,0.34345573362805,5,5,8.0852602808333,12.535413168691,2393.1274080079,4.6923012654004,4.7664273493552
123.70000000001,5.6616335924781,-5.7049119178651,-1.7258343106547,1.9103989907851,5,5,8.086913744229,12.537169153214,2393.6626009061,4.6906604801348,4.7647082279272
123.72500000001,5.6626289951085,-5.7061511465097,-1.7264245721076,0.043643526860245,5,5,8.0885032454181,12.53886471289,2394.1461968082,4.6890815192242,4.7630501570368
123.75000000001,5.6636644234106,-5.7074094273989,-1.7270348273202,1.8744030792439,5,5,8.0901327798808,12.540604768633,2394.6658280584,4.6874606940643,4.7613473823033
123.77500000001,5.6647378164303,-5.7086979296429,-1.727687593683,2.22381927464,5,5,8.0918098042119,12.542404355956,2395.2093243827,4.6857916248471,4.759589675421
123.80000000001,5.6657684849613,-5.7100201614046,-1.7282780610234,2.2813488705305,5,5,8.0934862810095,12.544181777159,2395.7142102504,4.6841292824005,4.7578495407658
123.82500000001,5.6668166455076,-5.7113097384995,-1.7289181268926,0.82166437762109,5,5,8.0951481021835,12.545962601106,2396.2126555558,4.6824774330212,4.7561110603341
123.85000000001,5.6678500047062,-5.7126125914119,-1.7295395791586,1.1070769644971,5,5,8.0968110083579,12.547737836263,2396.7341254993,4.6808268035978,4.7543770667486
123.87500000001,5.6688557462317,-5.7139570695757,-1.7301520774675,1.3429263521967,5,5,8.0984900371096,12.549525094422,2397.24761166,4.6791666116954,4.7526352486854
123.90000000001,5.6698707807659,-5.7152148663731,-1.730745681328,0.48538521088961,5,5,8.1001063130418,12.551246928744,2397.7286525147,4.6775606881037,4.7509501893418
123.92500000001,5.6709004714157,-5.716503704953,-1.7313643927193,1.7574317537972,5,5,8.1017559698908,12.55300879466,2398.237122075,4.6759225390085,4.749229026862
123.95000000001,5.6719909028964,-5.7178545337472,-1.732013330905,2.4932487768784,5,5,8.1034919938668,12.554862142985,2398.7623695172,4.6741976222715,4.7474171685938
123.97500000001,5.6730538090758,-5.7191779806403,-1.7326525092832,2.3493474652696,5,5,8.1051894275842,12.556675931899,2399.2806718321,4.6725115387787,4.7456452758856
124.00000000001,5.6740947577458,-5.7204663610658,-1.7332596242085,0.89673654922978,5,5,8.1068457784692,12.558440042663,2399.7562057929,4.6708657194738,4.7439186561113
124.02500000001,5.6751300429246,-5.721821662794,-1.7339072205295,1.1854761097641,5,5,8.1085512573393,12.560264334079,2400.2556710202,4.6691769555232,4.7421426986101
124.05000000001,5.6761572185665,-5.7231613651597,-1.7345291612747,1.2840020060734,5,5,8.1102394197212,12.562063417879,2400.7651352323,4.6675049303102,4.7403877287117
124.07500000001,5.6771514110792,-5.7243888647665,-1.7351276636685,0.24585641814264,5,5,8.1118190317106,12.563752612702,2401.2415744578,4.6659351746631,4.7387375715191
124.10000000001,5.6781766264303,-5.7256652458274,-1.7357178288007,1.6237736973367,5,5,8.1134561679691,12.56549287418,2401.7482628717,4.6643090171617,4.7370333545997
124.12500000001,5.6792771943155,-5.7270383078911,-1.7363880252439,2.2625200629329,5,5,8.1152158693928,12.567375880387,2402.2765562856,4.6625613336669,4.7351955302688
124.15000000001,5.680375288635,-5.7284161681181,-1.7370359175019,2.6585059256067,5,5,8.1169777745945,12.569253132186,2402.7963759358,4.6608120529942,4.7333600498818
124.17500000001,5.6813836056736,-5.7296801063361,-1.7376327896749,0.8931587086069,5,5,8.1185946367003,12.570976645882,2403.2597571381,4.6592066899405,4.7316752014359
124.20000000001,5.6823930446926,-5.7309960435521,-1.7382726545753,0.77454733974661,5,5,8.1202531474447,12.572754308668,2403.7682229288,4.6575640389775,4.7299461630378
124.22500000001,5.6834188324657,-5.7323248053873,-1.7388840977229,1.3694287384087,5,5,8.121931792306,12.574540844784,2404.3353345153,4.6559007526289,4.728201781031
124.25000000001,5.684472429496,-5.7336651913876,-1.7395266120477,0.65032369447282,5,5,8.1236366973861,12.576362801421,2404.8436019123,4.6542095088989,4.7264244786496
124.27500000001,5.685496544421,-5.734945365454,-1.740123913169,1.4956031921289,5,5,8.1252761049071,12.578107629679,2405.3346140002,4.6525815332582,4.7247173730026
124.30000000001,5.6865865676191,-5.7362610897773,-1.7407654182368,2.3042218225837,5,5,8.1269846952814,12.579932680314,2405.8264178704,4.6508816635111,4.7229317978358
124.32500000001,5.6876573048389,-5.737595323264,-1.741394962175,2.4204669910415,5,5,8.1286954428346,12.581755585347,2406.3208166375,4.6491825523393,4.7211490740581
124.35000000001,5.6886617195398,-5.7388697599875,-1.741988910231,1.2295757004466,5,5,8.1303181066488,12.583483535621,2406.7854240395,4.6475726621501,4.7194604237021
124.37500000001,5.6896848647907,-5.7401662470332,-1.7426165587546,0.61746988342809,5,5,8.1319696831272,12.585250354098,2407.2782911876,4.6459339633035,4.7177375654667
124.40000000001,5.6907151551221,-5.7415000753155,-1.7432587648972,1.5073047139267,5,5,8.1336550899189,12.587053968465,2407.7741114861,4.644263982991,4.7159813958609
124.42500000001,5.6917421262711,-5.7428291475997,-1.7438687090201,0.75215238751529,5,5,8.1353347038262,12.58884090291,2408.2349543448,4.6425997157643,4.7142364801693
124.45000000001,5.6927529366427,-5.7440713670104,-1.7444657251677,1.7305183128913,5,5,8.1369362176949,12.590550076673,2408.7080695712,4.6410079079018,4.7125651885356
124.47500000001,5.693837979453,-5.7454183347991,-1.7451144003979,2.294065882575,5,5,8.1386658535305,12.592397350253,2409.189011883,4.6392897216675,4.710760491918
124.50000000001,5.6948961983561,-5.7467599250823,-1.7457463856322,2.5948010269753,5,5,8.140374564078,12.594219189178,2409.6802148681,4.6375944329676,4.7089812654417
124.52500000001,5.6959040000057,-5.7480002100078,-1.7463339892174,1.7421210413175,5,5,8.1419726788615,12.595921907251,2410.140752757,4.6360061487543,4.7073151411007
124.55000000001,5.6969412778608,-5.7493006995657,-1.7469659776771,0.91603182670299,5,5,8.1436361747103,12.597701409387,2410.6412530937,4.6343546329283,4.7055790684355
124.57500000001,5.6979973532006,-5.7506893993587,-1.7475984731452,1.010394455304,5,5,8.1453808185818,12.59955716604,2411.1173673839,4.6326278567256,4.7037688098036
124.60000000001,5.6990096724859,-5.751944410148,-1.7481867706984,0.15188725663281,5,5,8.1469932212662,12.601273539084,2411.5713216902,4.6310260479844,4.7020893072438
124.62500000001,5.7000804648746,-5.753251566812,-1.7487622819721,1.2786707042868,5,5,8.1486829712134,12.603058607181,2412.0404874962,4.629345993411,4.7003349737461
124.65000000001,5.7011909227495,-5.7545995952182,-1.749385745186,2.479083962645,5,5,8.1504294812408,12.604913062264,2412.5359525448,4.6276090063345,4.6985162836872
124.67500000001,5.7023705562201,-5.7559180685461,-1.7500107623572,2.4428385466526,5,5,8.1521986355702,12.606789376072,2413.040882826,4.6258434394681,4.6966691968774
124.70000000001,5.7033924953471,-5.7572150148841,-1.7505783564351,1.7047267296976,5,5,8.153849825863,12.608535397956,2413.4877261272,4.6242053911377,4.6949576587413
124.72500000001,5.7044441959732,-5.7585446019604,-1.7511936571742,0.16304297827818,5,5,8.1555450768769,12.610338858796,2413.9565192012,4.6225232454726,4.6931944554936
124.75000000001,5.705462625208,-5.7598442089882,-1.7517760534391,0.81472188367234,5,5,8.157196190602,12.612089676303,2414.4459590416,4.6208858527266,4.6914810395801
124.77500000001,5.7064570993199,-5.761118337359,-1.7523514698667,0.18884015132102,5,5,8.1588124770446,12.613805335339,2414.8823335447,4.6192834144716,4.6898032764272
124.80000000001,5.7075041077402,-5.7624659663736,-1.7529424568606,0.60962535691714,5,5,8.1605190322277,12.615611324326,2415.355005735,4.6175919936085,4.6880351965627
124.82500000001,5.7086572711484,-5.7638476240227,-1.753587546399,2.1514103594875,5,5,8.1623186887798,12.617523104705,2415.836538455,4.6158010311654,4.6861597474514
124.85000000001,5.7097731184966,-5.7651866505579,-1.7541972066989,2.9214306431265,5,5,8.1640617055228,12.6193696672,2416.3331486494,4.6140665727205,4.6843460913348
124.87500000001,5.7108196344946,-5.7664853716315,-1.754788846346,1.7250523989064,5,5,8.1657296000522,12.621139387413,2416.782897209,4.6124098179475,4.6826121020429
124.90000000001,5.7118258001107,-5.7678075713145,-1.7553826075844,0.27040442627017,5,5,8.1673910997509,12.622903794865,2417.2334541557,4.6107653881833,4.6808899060896
124.92500000001,5.7128952399014,-5.7692187319376,-1.7560094371059,0.98005839408396,5,5,8.1691617142685,12.624782089576,2417.6925838095,4.60901348511,4.6790561647133
124.95000000001,5.7139476098657,-5.7705575947522,-1.7566198102207,0.36784628883174,5,5,8.1708646635274,12.626591120122,2418.1358132923,4.6073244469561,4.6772872048626
124.97500000001,5.714969472496,-5.771868220624,-1.7572105742451,0.76827971651656,5,5,8.172526573095,12.628354907395,2418.5781408116,4.6056769699633,4.6755625832102
125.00000000001,5.7160960833682,-5.7731981344638,-1.7578470997631,2.2607081823306,5,5,8.1742695369152,12.630210463272,2419.0531498704,4.60394126951,4.6737431953019
125.02500000001,5.7171885043018,-5.7745406587484,-1.7584445546058,2.9947271151009,5,5,8.1760003618489,12.632041503206,2419.5326075859,4.6022211244523,4.6719458784153
125.05000000001,5.7182120370653,-5.775864851894,-1.7590047974768,1.9402196846266,5,5,8.1776740125904,12.633806433482,2419.9776931609,4.6005629749973,4.6702160536052
125.07500000001,5.7192460792153,-5.7771833101759,-1.7595984338714,0.27196048419108,5,5,8.1793495947009,12.635584066622,2420.4182738164,4.5989013584717,4.6684770847659
125.10000000001,5.7203080585849,-5.7785590616995,-1.7602289415997,0.68722049465294,5,5,8.1810875510975,12.637432858776,2420.8682226666,4.5971796734021,4.6666726215657
125.12500000001,5.7214104735591,-5.7799421306077,-1.7608497466687,0.53173614560885,5,5,8.1828562224576,12.639307317982,2421.3179846716,4.5954240245187,4.6648363901246
125.15000000001,5.7223936521358,-5.7811954945606,-1.7613861232174,0.44991963128064,5,5,8.1844491949345,12.640988169288,2421.7548119999,4.5938443395262,4.6631880321217
125.17500000001,5.7234464542136,-5.7824939396077,-1.7619874526146,2.0908340360623,5,5,8.1861208263996,12.642764668317,2422.2071853981,4.5921834008527,4.6614484861513
125.20000000001,5.7245517964616,-5.7838768281195,-1.7626164141791,2.6778699035868,5,5,8.1878911828952,12.644643432478,2422.6832011205,4.5904258180227,4.659609007244
125.22500000001,5.7256254437815,-5.7851905181445,-1.7632173990532,2.2871942718782,5,5,8.1895877971852,12.646443344383,2423.1394813994,4.5887393409344,4.6578444020735
125.25000000001,5.7266583694322,-5.7864905993099,-1.7638077343576,0.38418831126792,5,5,8.1912482629141,12.648205627621,2423.569668189,4.5870914639597,4.6561196713971
125.27500000001,5.7276998324901,-5.7878674959334,-1.7644433529465,0.77064626118684,5,5,8.1929746723709,12.650045328847,2424.0222410786,4.585383692775,4.6543281874517
125.30000000001,5.7287299233667,-5.7892026264024,-1.7650209323605,0.49975376964197,5,5,8.1946609880541,12.651827815471,2424.4759985466,4.5837133078518,4.6525835092333
125.32500000001,5.7297532564243,-5.790504174359,-1.7655947238934,0.38313648920272,5,5,8.1963166563875,12.653580092376,2424.8890121639,4.5820712804008,4.6508674352999
125.35000000001,5.7308207590733,-5.7918488392245,-1.7662070356683,1.8194695052686,5,5,8.1980335388838,12.655402895497,2425.3368001075,4.5803675376209,4.6490839770626
125.37500000001,5.7319599805128,-5.7932062109527,-1.7668824693631,2.8684582014091,5,5,8.1998056233899,12.657299338001,2425.8312202319,4.5786037145009,4.6472305385152
125.40000000001,5.7330457208038,-5.7945684712448,-1.7674495657751,2.5614461519728,5,5,8.2015476294412,12.659131326927,2426.2828682212,4.5768746484797,4.6454299149881
125.42500000001,5.7340555018561,-5.795854008553,-1.7680154013911,0.85339489109644,5,5,8.203182335514,12.660861192207,2426.7176996519,4.5752535448281,4.643735892243
125.45000000001,5.7350999832799,-5.7972225616791,-1.7686399946095,0.4524301940432,5,5,8.2049039275399,12.662692583971,2427.1556642996,4.5735495447842,4.6419501616023
125.47500000001,5.7361969900785,-5.7986288905929,-1.7692756397753,0.7611449697172,5,5,8.2066875151968,12.664586054252,2427.6008764003,4.5717816076141,4.6400995682858
125.50000000001,5.7372009631019,-5.7999502366168,-1.7698493412232,0.092605244132696,5,5,8.2083470082359,12.666341916006,2428.0318235533,4.5701396087332,4.6383836694374
125.52500000001,5.7382637099581,-5.8012690806921,-1.770447004111,1.9057085282738,5,5,8.2100407557304,12.668138017758,2428.45101866,4.568457411415,4.6366240869249
125.55000000001,5.7393855446905,-5.8026238729172,-1.7710891459346,2.8999523993495,5,5,8.2117997256392,12.670010535117,2428.9083180622,4.5667078649955,4.634790568353
125.57500000001,5.7404902012523,-5.8039957402691,-1.7717285458561,2.3798826408754,5,5,8.2135610564289,12.671884332975,2429.3331867267,4.5649586368718,4.6329578555121
125.60000000001,5.7414932236488,-5.8053048343462,-1.7722634623073,1.1991724375511,5,5,8.2152102323536,12.673618090985,2429.7693877411,4.5633259376225,4.6312578152539
125.62500000001,5.7425367765755,-5.8066459135334,-1.7728820566116,0.29296162442048,5,5,8.216909495752,12.675426447977,2430.2021393998,4.5616419164064,4.6294929441497
125.65000000001,5.7435885592057,-5.8080157562206,-1.7734962162405,0.92017456654174,5,5,8.2186365498012,12.677259453089,2430.6579218544,4.5599318946967,4.6277032319194
125.67500000001,5.7446182734229,-5.8094012970495,-1.7741143814649,0.013394813986692,5,5,8.2203628275186,12.679093073279,2431.0770809189,4.5582266583619,4.6259175735491
125.70000000001,5.7456453515494,-5.8106960892716,-1.7746819887166,1.7655269839195,5,5,8.2220155151407,12.680840515515,2431.488571442,4.5565868380708,4.6242050108157
125.72500000001,5.7467265747968,-5.8120149812076,-1.7752946323828,2.835928420107,5,5,8.223720953398,12.682652655662,2431.9337747926,4.5548914870915,4.6224300750007
125.75000000001,5.7477874494229,-5.8133518044013,-1.7758969968858,2.6967585158628,5,5,8.2254275732221,12.684462460684,2432.3708028429,4.5531981284196,4.6206588739234
125.77500000001,5.7488190869838,-5.8146694147294,-1.7764852781434,1.1488201439615,5,5,8.2271010047365,12.686236283638,2432.7651471745,4.5515391096443,4.6189239287614
125.80000000001,5.7498575628764,-5.8160394613876,-1.7771044451467,0.30751288282503,5,5,8.2288201498802,12.688063529599,2433.1979889042,4.5498385216437,4.6171427850604
125.82500000001,5.7508962254998,-5.8174518957091,-1.7777315735926,0.78687791862728,5,5,8.2305733728432,12.689925539493,2433.6429541135,4.5481081532432,4.6153309631387
125.85000000001,5.75192205727,-5.8188430820766,-1.7783352233273,0.034666249598995,5,5,8.2323018780731,12.691756419973,2434.0664069807,4.5464018364528,4.6135468565534
125.87500000001,5.7529330404979,-5.8201277698682,-1.7788935451434,1.7139720211714,5,5,8.2339366593456,12.693483913261,2434.4751750576,4.5447806591137,4.6118543737573
125.90000000001,5.754007310352,-5.8214498084797,-1.7795051247713,2.7064299842797,5,5,8.2356401386704,12.695293850125,2434.9150903502,4.5430881414806,4.6100825571011
125.92500000001,5.755108349347,-5.8227724970634,-1.780114501493,2.8742448674192,5,5,8.2373611244222,12.697119536831,2435.3299984233,4.5413760502621,4.6082918466738
125.95000000001,5.7561722973081,-5.8241215912791,-1.7807235476068,1.6394196336385,5,5,8.2390792747261,12.698942440458,2435.7456501195,4.5396719960511,4.6065091335864
125.97500000001,5.757235056248,-5.8255224060949,-1.7813496801427,0.32540818958206,5,5,8.2408376087991,12.700808929318,2436.1687495112,4.537932621209,4.6046887340173
126.00000000001,5.7582922179105,-5.8269215497549,-1.7819798481146,0.48354476765475,5,5,8.2425912318379,12.702672341628,2436.6244422914,4.5361984299488,4.6028727810801
126.02500000001,5.7593981870916,-5.8283280435519,-1.782614088844,0.79567780150936,5,5,8.2443804754295,12.704570670876,2437.07102577,4.5344242312718,4.601016732574
126.05000000001,5.7604252720451,-5.8296970543067,-1.7831920221702,1.3483649446193,5,5,8.2460919350255,12.706377076389,2437.4727254128,4.5327326399729,4.5992516612424
126.07500000001,5.7614656742964,-5.8309816412672,-1.7837564542693,3.6026546852958,5,5,8.2477449929506,12.708123840282,2437.9001558517,4.5310905902162,4.5975377199607
126.10000000001,5.7625164322074,-5.832294252597,-1.7843494485113,3.3794307550947,5,5,8.2494263735412,12.709906726386,2438.3271894879,4.5294215473786,4.595792355582
126.12500000001,5.763522643196,-5.8336653098899,-1.7849123733139,2.2882481978948,5,5,8.2511270377215,12.711698134488,2438.7281856695,4.5277434833369,4.5940432100008
126.15000000001,5.7645127974935,-5.8349931587933,-1.7854754789624,0.41967556228715,5,5,8.2527834157711,12.713447613329,2439.1488657486,4.5261071289209,4.5923351578804
126.17500000001,5.7655209315951,-5.8364277154432,-1.7860847321506,0.74394368141604,5,5,8.2545367802935,12.715303812832,2439.5846590485,4.5243833219086,4.5905331241413
126.20000000001,5.7665835345392,-5.8378755150189,-1.7866900531866,0.88686912515133,5,5,8.2563326780156,12.717198980947,2440.0160243776,4.5226113361232,4.5886842910103
126.22500000001,5.767540121642,-5.8391320103355,-1.7872184309669,1.1734999482363,5,5,8.2579118674804,12.718864220403,2440.4160646216,4.521048917373,4.5870550343294
126.25000000001,5.7685435966129,-5.8404103638656,-1.7877768963262,3.2052689988341,5,5,8.2595370289386,12.720582659614,2440.8427466577,4.5194377034936,4.5853726144736
126.27500000001,5.7696063624987,-5.8417654442083,-1.7883665499014,3.4485699258918,5,5,8.2612591538073,12.722402935803,2441.2737072362,4.5177304659093,4.583590299476
126.30000000001,5.7706271610327,-5.8431078632051,-1.7889326593196,2.4536854385222,5,5,8.2629456052326,12.724181867584,2441.6772040204,4.5160621005935,4.5818502927345
126.32500000001,5.7716223219918,-5.8444315877428,-1.7894960043922,0.50652092067534,5,5,8.2646016825213,12.725931138763,2442.097294715,4.5144251501489,4.5801417333738
126.35000000001,5.7726518859117,-5.8458024760037,-1.7900993628255,1.8433544275473,5,5,8.2663161318466,12.727748658471,2442.5395898469,4.5127306445093,4.5783697096274
126.37500000001,5.7736739177555,-5.8472679849444,-1.790702863239,0.77178468340937,5,5,8.2681028230749,12.729634521216,2442.9739735716,4.5109754097897,4.5765378236623
126.40000000001,5.7746688053445,-5.8485998233677,-1.7912553067365,1.1520099499627,5,5,8.2697652294333,12.731386317071,2443.3688245693,4.5093330314466,4.5748258061692
126.42500000001,5.7756508638026,-5.8498896160724,-1.7917884784228,2.925902429744,5,5,8.2713863414085,12.733092856284,2443.7828169498,4.5077292268974,4.5731550744724
126.45000000001,5.776674254723,-5.8512006614088,-1.7923434291085,2.8041139412388,5,5,8.2730495217505,12.734846178591,2444.2089424754,4.5060810173451,4.5714369172987
126.47500000001,5.7776860857541,-5.8524932102628,-1.7928917432651,1.7971396318065,5,5,8.2746910102749,12.736576823844,2444.622794889,4.5044540127949,4.5697407958461
126.50000000001,5.7786696216871,-5.8538056520035,-1.7934387712922,0.046265807239561,5,5,8.2763310853506,12.738305721156,2445.0218656397,4.5028333615188,4.568051169049
126.52500000001,5.7796795787717,-5.8551688450534,-1.7940234433404,1.3157987429548,5,5,8.2780276432199,12.740100198798,2445.4594326034,4.5011583629665,4.5663016498314
126.55000000001,5.7806495641695,-5.8565157022151,-1.7945708459242,0.84471666010697,5,5,8.2796874311238,12.741847924599,2445.9034230016,4.4995233924386,4.5645978776091
126.57500000001,5.7816555373763,-5.8578961391573,-1.7951239957824,0.05722023546232,5,5,8.2813955260405,12.743643352963,2446.3030153752,4.4978392315003,4.5628446644263
126.60000000001,5.7826544176414,-5.8592045141571,-1.7956637277242,2.4664567051016,5,5,8.2830416144112,12.745375668607,2446.7039805457,4.4962105022134,4.5611483648592
126.62500000001,5.7836862091629,-5.86051792333,-1.7962287372603,2.9711016838658,5,5,8.2847118351748,12.747138868305,2447.1405376523,4.4945547177514,4.5594211609013
126.65000000001,5.7847208032269,-5.861831623212,-1.796781194752,2.0678508559511,5,5,8.28638401706,12.748899947956,2447.5551892893,4.4928967353228,4.5576939162841
126.67500000001,5.7856977170068,-5.8631466442598,-1.7973148121489,0.38424059068266,5,5,8.2880221992506,12.750622849119,2447.9576593658,4.4912791209046,4.5560096462036
126.70000000001,5.7866974031068,-5.864505017921,-1.7978924075177,1.1763950459981,5,5,8.2897087790151,12.752405590747,2448.4003419353,4.4896149458326,4.5542721063739
126.72500000001,5.7876794511059,-5.865895793039,-1.7984501962834,1.5978101263545,5,5,8.2914113281925,12.754197182779,2448.8530870996,4.4879407849188,4.552528065286
126.75000000001,5.7886734812647,-5.8672538927681,-1.7990069325405,0.17804786609897,5,5,8.2930943406199,12.755969888646,2449.2599643811,4.4862808853558,4.5507982758424
126.77500000001,5.7896722200646,-5.8685402233632,-1.799546517724,2.075570887623,5,5,8.2947228754185,12.757685487014,2449.6933662182,4.4846677454767,4.5491174764626
126.80000000001,5.7907287573398,-5.8698570562446,-1.800103439108,3.0003622404333,5,5,8.2964111644493,12.759463261263,2450.1420292953,4.4829919425878,4.5473720094007
126.82500000001,5.791743095941,-5.871157014162,-1.8006416054769,2.4727129046857,5,5,8.2980600347852,12.761197734216,2450.5595659409,4.4813581415092,4.5456711093857
126.85000000001,5.7927278223203,-5.8724488926127,-1.8011795215233,0.41757795669852,5,5,8.2996844226618,12.762908871161,2450.9638050174,4.4797511929836,4.543996738706
126.87500000001,5.7937515469915,-5.8738082267885,-1.8017634461778,1.2597781949973,5,5,8.3013861281604,12.764707973606,2451.407076838,4.4780692430237,4.5422407346835
126.90000000001,5.7947662489148,-5.875245119528,-1.8023629602967,1.6462974574278,5,5,8.3031451849354,12.766566386347,2451.8691268239,4.4763396276567,4.5404351469483
126.92500000001,5.795786642247,-5.8766652375461,-1.8029137075949,0.55515571362241,5,5,8.3048938809461,12.768399760374,2452.2881996502,4.4746176686233,4.5386452898052
126.95000000001,5.7967779258941,-5.8779619324997,-1.803432564381,2.1175979228182,5,5,8.3065260761158,12.770112440565,2452.7213043774,4.4730027219934,4.5369662867506
126.97500000001,5.7978448039085,-5.8792916859766,-1.803997768418,2.825772411912,5,5,8.3082309142333,12.771908527593,2453.1775750564,4.4713105775679,4.5352034338752
127.00000000001,5.7989239485146,-5.8806449942904,-1.8045690669928,2.5075757556902,5,5,8.3099618089363,12.773731266887,2453.6303429206,4.4695932185198,4.5334147188841
127.02500000001,5.7999192883162,-5.8819945773083,-1.8051116942804,0.99247781500419,5,5,8.3116387333959,12.775493799161,2454.0398500268,4.4679384929993,4.5316925654423
127.05000000001,5.8009311011146,-5.8833664830133,-1.8056883713279,0.96538484025137,5,5,8.3133434006368,12.77729336767,2454.4915680086,4.4662564076663,4.5299377621704
127.07500000001,5.8019186808204,-5.8847559739945,-1.8062647359127,1.5263206799691,5,5,8.31504809969,12.77909286621,2454.9624021139,4.4645794276335,4.5281880629207
127.10000000001,5.8029741044462,-5.8861910113135,-1.806832975918,1.048015717099,5,5,8.3168294618478,12.780962665088,2455.4026459203,4.4628220886414,4.5263605075644
127.12500000001,5.8039710134446,-5.8875634327999,-1.8073598654882,1.6280590738975,5,5,8.3185257425696,12.78273889168,2455.8041804697,4.461150374931,4.5246242939141
127.15000000001,5.8050417109464,-5.8889091437884,-1.807936523506,3.0278493061951,5,5,8.3202454318453,12.784552690366,2456.2613020402,4.4594444479549,4.5228460552004
127.17500000001,5.8061549167008,-5.8903242854686,-1.8085260484497,2.4239245423448,5,5,8.3220459465013,12.786447259627,2456.7032430404,4.4576596399524,4.5209879121415
127.20000000001,5.8071510889667,-5.8916549505485,-1.8090498355083,1.4781575741112,5,5,8.3237081825671,12.788190068171,2457.1147067258,4.4560176295809,4.5192815463046
127.22500000001,5.8081672921539,-5.8930522787397,-1.8096614204959,0.89009922615208,5,5,8.325435954251,12.790022888727,2457.5834846256,4.4543147820423,4.5175005735212
127.25000000001,5.8092141231582,-5.8945535408746,-1.8102447799211,1.5085161302961,5,5,8.3272661572859,12.79194381334,2458.0568302236,4.4525175151085,4.515631225956
127.27500000001,5.8102235658833,-5.8959897033705,-1.8107991714144,0.94160406533361,5,5,8.3290215880962,12.793784706399,2458.5107688993,4.4507924711481,4.5138379340628
127.30000000001,5.8112191482018,-5.8973043698721,-1.8113243419444,1.2699099928384,5,5,8.3306706885066,12.795515410374,2458.9292316533,4.4491621114553,4.5121428849165
127.32500000001,5.8122728411696,-5.8986372207768,-1.8118870846082,2.9287179347417,5,5,8.3323697354172,12.797305225926,2459.3898152157,4.447477434175,4.5103880357692
127.35000000001,5.8133297120021,-5.8999755699497,-1.8124531640291,2.7080165001534,5,5,8.3340750666065,12.799102056574,2459.8539838225,4.4457866560731,4.5086266323789
127.37500000001,5.8143535128765,-5.90131662379,-1.812995017596,1.3714942658744,5,5,8.3357622517277,12.800874117216,2460.2757799433,4.4441177084909,4.5068908016615
127.40000000001,5.815367056825,-5.9027069175565,-1.8135681482139,0.68777915760724,5,5,8.3374827714435,12.802687585385,2460.7225714919,4.4424217968703,4.5051231966565
127.42500000001,5.8164082358738,-5.9041967640137,-1.8141826932636,2.0616961551317,5,5,8.3393003787382,12.80460627293,2461.2009108165,4.4406366881963,4.5032607700355
127.45000000001,5.8174166876887,-5.9056179758955,-1.8147289920099,1.0694175330391,5,5,8.3410430256548,12.806432542515,2461.6661639167,4.4389229156298,4.5014800471822
127.47500000001,5.8184184315483,-5.906946825372,-1.8152687884972,1.0897554827334,5,5,8.3427071565666,12.808182031566,2462.0756002862,4.4372783570324,4.4997686713053
127.50000000001,5.819486125139,-5.9083124643271,-1.8158357378765,2.5455940676598,5,5,8.3444406326579,12.810005865702,2462.5373395751,4.4355608807025,4.497980896625
127.52500000001,5.8205654460941,-5.9096816371324,-1.8164056421788,3.0861812406184,5,5,8.3461840683163,12.811840084557,2463.0084048821,4.4338326159709,4.4961820094391
127.55000000001,5.8215920431266,-5.9110047025948,-1.8169515786957,1.582630148557,5,5,8.3478587037049,12.813601461963,2463.4448730731,4.4321743070087,4.4944561017015
127.57500000001,5.8225888448954,-5.9123850984405,-1.8175167422591,0.41802632151106,5,5,8.3495613799681,12.815395484346,2463.8861086653,4.4304974245467,4.4927087044516
127.60000000001,5.8236578581021,-5.9138374599859,-1.8181165372391,1.9383223197254,5,5,8.3513647499509,12.817295983573,2464.3578630004,4.4287186212022,4.4908550728559
127.62500000001,5.8246675668106,-5.915282744578,-1.8186881596568,1.386556308884,5,5,8.3531278039002,12.81914938893,2464.8303702382,4.4269873059636,4.4890529609066
127.65000000001,5.8256794816228,-5.9166269838245,-1.8192302778015,0.4176051862731,5,5,8.3548103468384,12.820917111426,2465.2478237767,4.425324836695,4.487323648322
127.67500000001,5.8267312577986,-5.9179674530527,-1.819781402397,2.7167569958559,5,5,8.3565141927456,12.822707873609,2465.7222891881,4.4236364148374,4.4855672649891
127.70000000001,5.8278251108467,-5.9193385291769,-1.8203625446491,2.5120953974384,5,5,8.358268149481,12.824555599386,2466.1963217048,4.4218964964355,4.4837551420573
127.72500000001,5.8288372515088,-5.920708703781,-1.8209141134186,2.221808866186,5,5,8.359971618637,12.826346139883,2466.6488049238,4.4202158391179,4.4820063750346
127.75000000001,5.829844812241,-5.9220863434974,-1.8214758025594,0.3872070998469,5,5,8.3616783903901,12.82814296055,2467.0994466587,4.41853328508,4.480254079105
127.77500000001,5.8308883170785,-5.9235019149136,-1.8221487996684,1.7155249517246,5,5,8.3634370105254,12.830025955475,2467.6080879357,4.4167985381234,4.4784319214382
127.80000000001,5.8319148795703,-5.9250163345592,-1.8226477211121,1.3925666211642,5,5,8.3652665726076,12.831922325697,2468.1067930864,4.4150071203811,4.4765826735685
127.82500000001,5.8329070119991,-5.9263694917008,-1.8231886053719,0.37486798871023,5,5,8.3669444763611,12.833685254167,2468.5414535366,4.4133527500294,4.474861663793
127.85000000001,5.8339670647873,-5.9277236363344,-1.8237557734808,2.4182401138121,5,5,8.3686641913382,12.835496082504,2469.0274256035,4.4116489662699,4.4730875930454
127.87500000001,5.8350344154932,-5.9291105633127,-1.8243389436124,2.9920285917024,5,5,8.3704142781853,12.837340775263,2469.5285757472,4.4099171288666,4.4712832288743
127.90000000001,5.8360676698829,-5.9304626118415,-1.8248891847829,2.1136439168722,5,5,8.3721159390969,12.839129186626,2470.0098835387,4.4082340644371,4.4695324223198
127.92500000001,5.8370670846371,-5.9318485938285,-1.8254565400717,0.092095945084078,5,5,8.3738246742781,12.840929649884,2470.4675428589,4.4065516765696,4.4677794751124
127.95000000001,5.8380816022674,-5.9332817285651,-1.8260479548956,1.6593960831031,5,5,8.3755805561635,12.84278245659,2470.9696623326,4.4048256390319,4.4659795257812
127.97500000001,5.8391104423191,-5.9347365072204,-1.8266164698925,1.5741822379265,5,5,8.3773623790469,12.844652777976,2471.4739938648,4.4030742755515,4.4641583922343
128.00000000001,5.8401502476817,-5.9361338203936,-1.8271828026879,0.021484512529889,5,5,8.379104125095,12.846484283404,2471.9397607308,4.4013550667677,4.4623693499305
128.02500000001,5.8411872591609,-5.9375163998407,-1.8277367921465,1.9212265355208,5,5,8.3808323955412,12.848299172672,2472.4282156722,4.3996481374006,4.4605944696983
128.05000000001,5.8422717333724,-5.9389165003105,-1.8283193745876,2.961859276906,5,5,8.3826033742653,12.850163513827,2472.9452010088,4.3978949507612,4.4587692708008
128.07500000001,5.8433317727423,-5.9402976131923,-1.8288806272675,2.4337049080947,5,5,8.3843443958786,12.851992765266,2473.4425079551,4.3961725390179,4.4569779565319
128.10000000001,5.8443399452689,-5.9416653203787,-1.8294415144856,0.21073557265384,5,5,8.3860435235345,12.853782074983,2473.8925167804,4.3944967167584,4.455232673112
128.12500000001,5.8453813212189,-5.9431568369025,-1.8300502329752,1.2230800056611,5,5,8.387862612705,12.855700309486,2474.3972426835,4.3927109092553,4.4533710520184
128.15000000001,5.8463625858372,-5.9445495948812,-1.8305964211534,2.1315449770377,5,5,8.3895663307093,12.857489436806,2474.9159907955,4.3910370208127,4.4516301294477
128.17500000001,5.8474078332127,-5.9459674563591,-1.831174257466,0.26195733695978,5,5,8.3913278281537,12.859343289025,2475.3880397366,4.3892997331814,4.4498214835811
128.20000000001,5.848420344701,-5.9473137261722,-1.8317131819574,1.7553590563578,5,5,8.3930123523962,12.861111921697,2475.8775789301,4.3876357882249,4.4480915952986
128.22500000001,5.8495093284227,-5.9486595131687,-1.8322839015194,2.9445601997446,5,5,8.3947435451024,12.862934762613,2476.3869016611,4.3859172630445,4.4463026606808
128.25000000001,5.8505681311456,-5.9500202384646,-1.8328653801975,2.4054178547289,5,5,8.3964676786637,12.864754310357,2476.8909179535,4.3842100362928,4.444523122403
128.27500000001,5.8515656124435,-5.9514124607185,-1.8334118883343,0.4281009619457,5,5,8.3981803525216,12.866552065314,2477.352236469,4.3825249659769,4.4427711989072
128.30000000001,5.85259785853,-5.9528852045758,-1.8340116154111,1.0819763768905,5,5,8.3999788258889,12.868447897327,2477.8560608446,4.3807589315805,4.4409306926731
128.32500000001,5.8536162124053,-5.9543012362299,-1.8345976335774,2.2947870322963,5,5,8.4017230134535,12.870287899379,2478.3832814191,4.379042349472,4.4391412378956
128.35000000001,5.8546097435281,-5.9556978608817,-1.8351307012288,0.4605231752693,5,5,8.4034369750954,12.872082843843,2478.8661568113,4.377357122711,4.4373914143649
128.37500000001,5.8556540635967,-5.9570647567988,-1.835688518718,1.5534703135707,5,5,8.4051571520787,12.87389120476,2479.3566156983,4.3756560950436,4.4356219616074
128.40000000001,5.8567041940866,-5.9584705499269,-1.8362710177095,2.760026259074,5,5,8.4069118681141,12.87574007832,2479.8739994888,4.3739238584061,4.4338176949179
128.42500000001,5.8577865327579,-5.9598201808428,-1.8368326617954,2.7509427321583,5,5,8.4086418856309,12.877558980375,2480.3957643471,4.3722075438534,4.4320325694523
128.45000000001,5.8587909940505,-5.961220365416,-1.837418331084,0.37732106657023,5,5,8.4103650975527,12.879378999013,2480.8636446335,4.3705120622898,4.4302640801815
128.47500000001,5.859795553536,-5.9626729669911,-1.8379782981353,0.97442794030854,5,5,8.4121312207352,12.881231768345,2481.3742830537,4.3687800895718,4.4284638173102
128.50000000001,5.8608490630808,-5.9641516797486,-1.8385851714644,1.7537148588417,5,5,8.4139468401282,12.883146126989,2481.8985362632,4.3669948051645,4.4266033050182
128.52500000001,5.8618617673693,-5.9655477813611,-1.8391311289452,0.82624441413164,5,5,8.415671563204,12.884955198369,2482.3951608712,4.3652963054415,4.4248383902376
128.55000000001,5.8628587788417,-5.9668859913865,-1.8396715501778,1.1891274755682,5,5,8.4173403465777,12.88670930585,2482.8930646279,4.3636493478209,4.4231252447176
128.57500000001,5.8639539681349,-5.9682960837318,-1.8402671372045,2.7654781782224,5,5,8.4191257877025,12.888591465226,2483.4199093883,4.361881858773,4.421284190221
128.60000000001,5.8650340973736,-5.9696932358653,-1.8408456961119,2.7400047790599,5,5,8.4208917756006,12.890449809561,2483.9596409397,4.3601342061215,4.4194655068352
128.62500000001,5.8660219872086,-5.9710581463008,-1.8413895542331,0.95330668144566,5,5,8.4225766811836,12.892220314709,2484.4468408324,4.3584752996605,4.4177400623629
128.65000000001,5.867053582133,-5.9724870958602,-1.8419778151933,1.1881570958274,5,5,8.4243390900269,12.894078307144,2484.9608943857,4.3567404836597,4.4159324959395
128.67500000001,5.8681019479529,-5.9740023236594,-1.8425918697962,1.6266055457787,5,5,8.4261816388528,12.89602048356,2485.4902863091,4.3549336786724,4.4140497173557
128.70000000001,5.8690899565555,-5.9754518572714,-1.8431490154892,1.2285246291875,5,5,8.4279358648049,12.897861059561,2486.0034720139,4.3532159569478,4.4122641307742
128.72500000001,5.870082820021,-5.9767789625375,-1.8436821040482,1.0759135525925,5,5,8.4295932682708,12.899602085023,2486.5092725943,4.3515798274746,4.4105629829602
128.75000000001,5.871166030885,-5.9781363017049,-1.8442744800007,2.6538000942027,5,5,8.4313298497953,12.901436921435,2487.0588010647,4.3498577238068,4.4087673652128
128.77500000001,5.8722649167175,-5.9796354827671,-1.8448846341437,2.5622714893659,5,5,8.4331886380915,12.903393291035,2487.6040337655,4.3480258242283,4.4068605430085
128.80000000001,5.8732663140236,-5.9810038621844,-1.8454234608503,1.4509756789371,5,5,8.4348842968998,12.905172502381,2488.1171838672,4.3463549352492,4.4051242162424
128.82500000001,5.8743004225371,-5.9824199067965,-1.8459718523819,1.1769242289969,5,5,8.4366377400159,12.907009700256,2488.6307034728,4.34462742562,4.4033304823568
128.85000000001,5.875372391269,-5.983888547302,-1.8465874858359,1.8977565281587,5,5,8.4384559869453,12.908929342526,2489.1772630862,4.3428361687197,4.4014629268994
128.87500000001,5.8764045045493,-5.9854226591093,-1.8471288670455,1.2293465956424,5,5,8.4403049750093,12.910855958854,2489.698061362,4.3410281458903,4.3995909255008
128.90000000001,5.8774944569773,-5.9867623591498,-1.8476588891807,0.6997022516468,5,5,8.4420320512942,12.912662534609,2490.200652741,4.3393135340102,4.3978129521848
128.92500000001,5.8786164141816,-5.9881750966511,-1.8481917573264,2.9154937836725,5,5,8.4438361065083,12.914543641644,2490.7217815046,4.3375251858922,4.3959617738716
128.95000000001,5.8797688420362,-5.9895866892071,-1.8487399542908,3.071137987746,5,5,8.4456583807754,12.916446587627,2491.2559405147,4.3357157172637,4.3940872779296
128.97500000001,5.8808080767121,-5.9909788008461,-1.8492471841833,2.1591192101736,5,5,8.4473956152233,12.91825635714,2491.753542004,4.3340012495686,4.3923131887858
129.00000000001,5.8818875696113,-5.9923777770831,-1.8497825662368,0.70462645812965,5,5,8.4491626577896,12.920102724757,2492.2508399206,4.3322530586668,4.3905012644851
129.02500000001,5.8829625432318,-5.9938761303335,-1.8503304728141,1.3351210182207,5,5,8.4510067377086,12.922026479514,2492.7849910384,4.3304391494021,4.3886224740398
129.05000000001,5.8840065821373,-5.9952891806368,-1.8508558630513,1.2733713960786,5,5,8.45276364647,12.923860263388,2493.3111008831,4.3287067454566,4.3868277759535
129.07500000001,5.8850200220726,-5.9965954439445,-1.8513329941806,0.63759428339266,5,5,8.4544169414624,12.925581030207,2493.8089299579,4.3270705090422,4.3851358121529
129.10000000001,5.8861372897976,-5.9979796366233,-1.8518842039985,2.8046064812498,5,5,8.4561957828103,12.927443316116,2494.3252340114,4.3253054504991,4.3833047291427
129.12500000001,5.8872528963064,-5.999376535079,-1.8524251299349,3.0217470642118,5,5,8.457983491729,12.929311069859,2494.8626515485,4.3235327811626,4.3814678179488
129.15000000001,5.8883304004309,-6.0007108547717,-1.8529385356246,2.155816894885,5,5,8.4596985497982,12.931101323915,2495.3716451527,4.3218309862333,4.3797053175602
129.17500000001,5.8893770495589,-6.0020724403791,-1.8534492079465,0.65682251376868,5,5,8.461415928546,12.932893020313,2495.8779151865,4.3201324971053,4.377946534235
129.20000000001,5.8904752326689,-6.0036007581921,-1.8540304523647,1.3876664465364,5,5,8.4632978853682,12.934862692,2496.4118335226,4.318281219994,4.3760255639663
129.22500000001,5.8914648805943,-6.0049976823758,-1.8545149565673,1.4805805002892,5,5,8.4650098433675,12.936641889716,2496.9423240951,4.3165992947172,4.3742873881161
129.25000000001,5.8924559586432,-6.0062929097905,-1.8549896003999,0.93307715276246,5,5,8.4666407479492,12.938340458679,2497.4303386427,4.314986918977,4.3726194504471
129.27500000001,5.8935447606996,-6.0076907008142,-1.8555333241972,2.4214600707237,5,5,8.4684125576636,12.940193819203,2497.9560446821,4.3132330212696,4.3708006895647
129.30000000001,5.8946814084354,-6.0090739987232,-1.8560664350695,3.8574859224155,5,5,8.4702029434265,12.942061889968,2498.4941041915,4.3114547313211,4.3689595883437
129.32500000001,5.8958085922693,-6.0104670889501,-1.8566107532981,2.1939836978213,5,5,8.4719949377836,12.943934729019,2498.9991573853,4.3096764753378,4.3671167219081
129.35000000001,5.8968138532782,-6.0118372555012,-1.8571071597533,0.24131019806141,5,5,8.4736943218114,12.94570513164,2499.4957939858,4.3080019555261,4.3653839850962
129.37500000001,5.8979196156443,-6.0132580514862,-1.8576751162689,1.2409743853307,5,5,8.4754947027826,12.94759297333,2499.9840560594,4.3062199407388,4.3635336173386
129.40000000001,5.8988919102703,-6.0146275984915,-1.8581467278708,1.758631173712,5,5,8.4771742907794,12.949337517208,2500.5088469448,4.3045696370109,4.3618288077629
129.42500000001,5.8998771705128,-6.0159425017034,-1.8586376187483,0.75199146760745,5,5,8.4788173696583,12.951052358908,2500.9843325292,4.3029479094044,4.3601490957843
129.45000000001,5.9010514664968,-6.0173718729913,-1.8592057258993,2.2594221151986,5,5,8.4806672543403,12.952987512409,2501.4987839177,4.3011106190524,4.3582441961664
129.47500000001,5.9021271718818,-6.0187262242975,-1.8597055727454,3.8849218312649,5,5,8.4823968235167,12.954787861376,2502.0346756327,4.2993963977382,4.3564717821614
129.50000000001,5.9032559451352,-6.0201213607471,-1.8602540384147,2.3932372840788,5,5,8.484191408363,12.956664387252,2502.5254872804,4.2976156698821,4.3546259015194
129.52500000001,5.9042904903333,-6.0215214530074,-1.8607837327904,0.19601117200327,5,5,8.48593225359,12.958484035085,2503.019094606,4.2958994195786,4.3528466961555
129.55000000001,5.9052886132576,-6.0229293773524,-1.8612920365786,1.4933348207083,5,5,8.4876580868187,12.960283166285,2503.5215470638,4.2942040076671,4.3510915182566
129.57500000001,5.9063019189335,-6.0242686883313,-1.8617902767612,1.4994271528381,5,5,8.4893375338381,12.962034961241,2504.0191606051,4.2925452421658,4.3493741414319
129.60000000001,5.9073439605958,-6.0256565093009,-1.8623043686077,0.038392764265042,5,5,8.4910730158661,12.963844985632,2504.5015951904,4.2908321545742,4.347600610135
129.62500000001,5.9084308562646,-6.0270549725956,-1.8628343273483,2.4422097098864,5,5,8.4928441854745,12.965693741443,2504.9918170322,4.2890793774965,4.3457853646989
129.65000000001,5.9095954674005,-6.0284597932369,-1.8633868702731,3.7119305749187,5,5,8.4946689704295,12.967600346755,2505.4705275785,4.2872661890208,4.343906873746
129.67500000001,5.91061805545,-6.029808243946,-1.8638773660474,3.0912654717916,5,5,8.4963613077581,12.969362331925,2505.9318680749,4.2855944590036,4.3421779966008
129.70000000001,5.9115835359011,-6.0310905174621,-1.8643499031089,0.39403228986185,5,5,8.4979664176832,12.971035553114,2506.4209156019,4.2840097772088,4.3405379335745
129.72500000001,5.9126382046015,-6.0324442533158,-1.8649101428061,1.2176105332685,5,5,8.4996824965943,12.972840766494,2506.900399433,4.2823112877703,4.3387714510855
129.75000000001,5.9136915287246,-6.0339017375571,-1.8654235612262,1.7425059463601,5,5,8.5014807602074,12.974710886943,2507.3962697758,4.2805418912017,4.3369425277367
129.77500000001,5.9147014456748,-6.0352635985982,-1.8659238619947,0.31400641526363,5,5,8.5031762240795,12.976478625216,2507.8686865635,4.2788700727082,4.3352120336771
129.80000000001,5.9157445442126,-6.0365989693341,-1.866419397566,2.3513002910096,5,5,8.504870706172,12.978244078434,2508.3459856714,4.277192699085,4.3334768338465
129.82500000001,5.9169149059488,-6.0380362361577,-1.8669990703405,3.2865244284197,5,5,8.5067242116388,12.980186114232,2508.8227456126,4.2753529720335,4.3315678872011
129.85000000001,5.9180233865105,-6.0394414047048,-1.8675266385482,3.3979657178534,5,5,8.5085139679914,12.982052007052,2509.3083621557,4.273580120025,4.3297333301692
129.87500000001,5.9190098343902,-6.0407639616988,-1.8680063638035,1.0041326551493,5,5,8.5101638881173,12.983770254049,2509.7833132871,4.2719525197461,4.3280498329852
129.90000000001,5.9200330783691,-6.0421489710577,-1.8685359473887,0.9178693433889,5,5,8.5118858867132,12.985571847215,2510.2578954161,4.2702551384848,4.3262894703241
129.92500000001,5.921077522734,-6.0435955542632,-1.8690673397466,1.8634908795483,5,5,8.5136701139975,12.987433525179,2510.7560697003,4.2684998380913,4.3244716625963
129.95000000001,5.9220652583953,-6.0449738094911,-1.86957141699,0.60291858402441,5,5,8.5153657581848,12.989202508807,2511.2249799499,4.2668327902755,4.3227453586718
129.97500000001,5.9230965609583,-6.0463098524419,-1.8700804426235,2.3799416365927,5,5,8.51705353653,12.990965376595,2511.6994093953,4.2651635679032,4.3210161275177
130.00000000001,5.9242918381501,-6.0477315957545,-1.8706429829235,3.0792468278007,5,5,8.5189109652937,12.992906122122,2512.1606106176,4.2633167167801,4.319103001304
130.02500000001,5.9253222341859,-6.0490754754812,-1.8711367934082,3.8158866235207,5,5,8.5206044022457,12.994670088535,2512.6714795969,4.2616427481663,4.3173715488065
130.05000000001,5.9263266824719,-6.0504070719521,-1.8716305793741,1.0268694066714,5,5,8.5222723547392,12.996409597115,2513.1310155787,4.2599960216031,4.3156670020114
130.07500000001,5.9273453132661,-6.051812776304,-1.8721711804983,1.2639294862839,5,5,8.5240083309545,12.998227800348,2513.6036675256,4.2582877697347,4.3138942419507
130.10000000001,5.9284554350338,-6.0533050119606,-1.8727281187944,1.7903525384983,5,5,8.5258682066476,13.000169273464,2514.0903248274,4.2564536138797,4.3119946016119
130.12500000001,5.9294037356356,-6.054653599298,-1.8731972701641,0.42322924656742,5,5,8.5275168308734,13.001883351889,2514.5391627692,4.2548357005714,4.3103224755507
130.15000000001,5.9304519810215,-6.0560069457553,-1.8737097917366,2.0488008030054,5,5,8.5292286617712,13.00367026078,2515.0177673772,4.2531423846676,4.308568992248
130.17500000001,5.931562478193,-6.0574176474986,-1.8742618312979,3.5886769115126,5,5,8.5310240122597,13.005548566147,2515.5362888703,4.2513644546764,4.3067256793479
130.20000000001,5.9326808734239,-6.0587989435484,-1.8748069904728,3.4315658020608,5,5,8.5328013098345,13.007407594172,2516.0148691838,4.2496011905509,4.3048979589702
130.22500000001,5.9336846972262,-6.0601381813908,-1.8752861161906,1.7511733193451,5,5,8.5344749944598,13.009148508207,2516.4852266079,4.2479497464707,4.3031911849167
130.25000000001,5.9346654342133,-6.0615241663756,-1.8757799049122,0.99990343837714,5,5,8.5361728753201,13.010916735205,2516.9589103687,4.2462826360243,4.3014666144357
130.27500000001,5.9357121317601,-6.062979455626,-1.8763160165289,2.4116939712517,5,5,8.5379654830733,13.012787793254,2517.4410443723,4.2445199749226,4.2996409743782
130.30000000001,5.9366344638543,-6.0642946587922,-1.8767363880449,1.870374673918,5,5,8.5395718628105,13.014448265498,2517.8875559133,4.2429440555399,4.2980181655979
130.32500000001,5.9376306483111,-6.0656566366669,-1.8772256067232,2.2115255274579,5,5,8.5412592771648,13.016205166781,2518.3645269659,4.2412824735097,4.2962998143321
130.35000000001,5.9387762982756,-6.0671026607009,-1.8777640274336,3.7092239456428,5,5,8.5431041347063,13.018126987847,2518.8192407797,4.2394548417063,4.2944097030691
130.37500000001,5.9398207503949,-6.0684591859885,-1.8782529362661,4.4656771371787,5,5,8.5448161630604,13.019907457709,2519.2572356917,4.2377622141797,4.2926607759748
130.40000000001,5.9407938013989,-6.069782912366,-1.878712058004,2.1187495603117,5,5,8.5464590506947,13.021613292563,2519.7287853631,4.2361438533437,4.2909899241142
130.42500000001,5.9417731058377,-6.071139090863,-1.8791993063751,0.84761527324376,5,5,8.5481318499354,13.02335560949,2520.1731331665,4.2344985489723,4.2892880004793
130.45000000001,5.9427495480558,-6.0725655314384,-1.8797022307722,2.6155674239362,5,5,8.5498604829562,13.025155916428,2520.6251512622,4.232806739462,4.2875376797735
130.47500000001,5.943732133558,-6.0739469602669,-1.8801791295163,2.0617568243752,5,5,8.551555717417,13.026916953705,2521.0745153968,4.2311416500487,4.2858178941561
130.50000000001,5.9447039833394,-6.0752972503026,-1.88065294179,1.8458723403161,5,5,8.5532193805975,13.028646772553,2521.5474446453,4.2295058722633,4.2841275476134
130.52500000001,5.9456979372491,-6.0765958461544,-1.8811204384672,4.3658766429955,5,5,8.5548547079533,13.030347610201,2521.9880925195,4.2278898918073,4.2824577611718
130.55000000001,5.9467689278566,-6.0779489586198,-1.8816209902151,4.3904969930582,5,5,8.5565803771643,13.032144409098,2522.4632743268,4.2261805768723,4.2806905801604
130.57500000001,5.9477844627948,-6.0793124368739,-1.8821072375138,2.4656085750186,5,5,8.5582804901488,13.033912690919,2522.8915735776,4.2245041752798,4.2789581799818
130.60000000001,5.9487529127674,-6.0806868752424,-1.8825799626841,0.77292023006441,5,5,8.559961851555,13.035659243313,2523.3504601876,4.2228542370922,4.2772540670402
130.62500000001,5.9497730469856,-6.082133075882,-1.883100528935,2.8083161721967,5,5,8.5617316453602,13.0375040087,2523.8166498135,4.2211173700523,4.275456536503
130.65000000001,5.9507595766219,-6.0835446162682,-1.8835857622885,2.2801841897218,5,5,8.563453762367,13.039293181244,2524.2799721061,4.2194287723412,4.2737122889521
130.67500000001,5.9517065422804,-6.0848402394337,-1.8840313601552,1.2726923746395,5,5,8.5650585624622,13.040958696421,2524.7103825153,4.2178489107602,4.2720817029628
130.70000000001,5.952757926567,-6.086220479618,-1.8845376125236,4.0628628168807,5,5,8.5667936336089,13.042766115394,2525.1755390545,4.2161351196917,4.2703092639285
130.72500000001,5.9538805064669,-6.0876521067334,-1.8850592304749,4.3481711980912,5,5,8.5686129031957,13.044658686956,2525.6160510343,4.2143343745242,4.2684485463624
130.75000000001,5.9548936479811,-6.0889736940634,-1.8855332645116,3.2041455210181,5,5,8.5702781505643,13.046390090163,2526.0559680013,4.2126887908984,4.2667485873252
130.77500000001,5.9558512865616,-6.0902631699214,-1.8859890093128,0.32946088273544,5,5,8.5718843322599,13.048059677826,2526.5024432185,4.211105532974,4.2651130761121
130.80000000001,5.9568602791191,-6.0916891521631,-1.8865038838341,2.8056418198323,5,5,8.5736311840952,13.049880827767,2526.952245065,4.2093908524214,4.2633384375945
130.82500000001,5.957835467302,-6.0930863522029,-1.8869911446717,2.4741057196004,5,5,8.5753350502705,13.051652996796,2527.4160532405,4.2077205230095,4.2616119800165
130.85000000001,5.95877144207,-6.0943952671324,-1.8874349796258,1.0532277677994,5,5,8.5769441826638,13.05332221713,2527.8405272513,4.2061395608362,4.2599806534678
130.87500000001,5.9597987385213,-6.0957674085686,-1.8879385053202,4.0563458429065,5,5,8.5786582742949,13.055108735601,2528.3059501309,4.2044489122153,4.258231576919
130.90000000001,5.9608794837587,-6.097264524152,-1.888485087613,4.3390578194856,5,5,8.5805047209738,13.057034382905,2528.7782879618,4.2026333119826,4.2563523189764
130.92500000001,5.9619083963558,-6.0986344637343,-1.8889520549581,3.7897928000631,5,5,8.5822180205949,13.058810179654,2529.226260839,4.2009430568818,4.2546094450432
130.95000000001,5.9628863998125,-6.0999822262497,-1.8894241839143,0.1445427669862,5,5,8.5838832396674,13.060541035023,2529.6638880873,4.1993049554077,4.2529172590747
130.97500000001,5.9638854049231,-6.1014164540823,-1.889948452007,2.401047011446,5,5,8.5856311014144,13.062365830278,2530.1232473739,4.197591977206,4.2511428997817
131.00000000001,5.964843555285,-6.1027897420932,-1.8904113785865,3.050352536632,5,5,8.5873056079318,13.064103148065,2530.5851861909,4.1959506577671,4.2494490140419
131.02500000001,5.9657974131827,-6.1041044010122,-1.8908691658952,0.3525156042093,5,5,8.5889298532835,13.065790673527,2531.0050442156,4.1943529486782,4.2477990118051
131.05000000001,5.9668546693427,-6.1055113070349,-1.8913759294407,3.8366594847562,5,5,8.5906897325817,13.06762206219,2531.469214967,4.1926167712529,4.2460045494093
131.07500000001,5.9679666603257,-6.106940463697,-1.8919224578137,4.7078343335544,5,5,8.5925005370193,13.06951354467,2531.9306338463,4.190825652958,4.2441495646981
131.10000000001,5.9690098333455,-6.108310236365,-1.8923916062147,4.0863873251003,5,5,8.5942223056191,13.071298085881,2532.3905345996,4.1891253358509,4.2423964801448
131.12500000001,5.9699738146272,-6.1096202359907,-1.8928508765276,0.052603995308592,5,5,8.595848761561,13.072988141546,2532.8188149144,4.1875235956636,4.2407423043862
131.15000000001,5.9709737727909,-6.1110480846417,-1.8933644515695,2.5813897838152,5,5,8.5975919391479,13.074805399762,2533.2773123864,4.1858145031012,4.2389735585939
131.17500000001,5.9719500389165,-6.1124476961715,-1.8938483208835,2.8869178406479,5,5,8.5992983998073,13.076579135226,2533.7329502475,4.1841420714602,4.2372457157349
131.20000000001,5.9728927846825,-6.1137707642395,-1.8942928275436,0.18043396445874,5,5,8.6009229855059,13.078263434743,2534.1832101764,4.1825467474238,4.2356002359853
131.22500000001,5.9738847204255,-6.1150928630721,-1.8947719174806,3.9162725763247,5,5,8.6025758260431,13.079984309232,2534.6514889261,4.1809165112414,4.2339148344973
131.25000000001,5.9749850175546,-6.1164889126813,-1.8953079321164,4.4451417368648,5,5,8.6043533547443,13.081840897494,2535.115316557,4.1791568329878,4.2320926455535
131.27500000001,5.9760880739747,-6.1179630955352,-1.8958252052102,3.9693372761294,5,5,8.606194536037,13.083753361874,2535.5809307745,4.1773412662907,4.2302182356645
131.30000000001,5.9770405608673,-6.1192891342361,-1.8962712592658,1.1612666170696,5,5,8.6078272056046,13.085445867159,2536.0140422663,4.1757369245166,4.2285636459423
131.32500000001,5.9780154295412,-6.1206924746975,-1.8967709441095,1.7100464294634,5,5,8.6095359283386,13.087226153182,2536.4805087201,4.1740630768299,4.2268319782155
131.35000000001,5.9789835519945,-6.1220779573837,-1.8972649109686,2.1623115721752,5,5,8.6112261423364,13.088987069596,2536.940399111,4.1724064594064,4.225118238677
131.37500000001,5.9799568809511,-6.1234167693979,-1.8977337541697,0.12630897707282,5,5,8.6128813724917,13.090707418634,2537.3343002841,4.1707782875017,4.223436557079
131.40000000001,5.9809602240762,-6.1247397695491,-1.8981960529175,3.5057082831909,5,5,8.6145418022032,13.092431004129,2537.7940213543,4.16913930703,4.2217452416218
131.42500000001,5.9820456376574,-6.1261494568767,-1.8987420581569,4.5371947316616,5,5,8.6163209427271,13.094292042207,2538.2368788305,4.1673811293656,4.219923053977
131.45000000001,5.9831055021078,-6.1276138566923,-1.8992369728821,4.3820743867743,5,5,8.6181286427778,13.096166267395,2538.6926271573,4.1656037458787,4.218089950104
131.47500000001,5.9840841778881,-6.1289657977372,-1.8996990232263,1.4808877219264,5,5,8.6197976397436,13.097898041455,2539.1161111692,4.1639627323774,4.2163966975219
131.50000000001,5.9850651066622,-6.1303408851803,-1.9001952753659,1.6464252498238,5,5,8.6214867480101,13.099658539373,2539.5486867428,4.1623041511084,4.2146807294779
131.52500000001,5.9860184144066,-6.1317298207945,-1.9006845579492,2.9235373227006,5,5,8.6231713660071,13.101412772893,2540.0084975507,4.1606560563468,4.2129762251798
131.55000000001,5.9870043641482,-6.1330880627844,-1.9011577184447,0.56576553394783,5,5,8.6248497337249,13.103156561599,2540.4166356804,4.1590055010076,4.2112718348971
131.57500000001,5.9880016201563,-6.1344426903347,-1.9016261378867,3.62125717953,5,5,8.6265318559993,13.104902686486,2540.8915865896,4.1573492678817,4.2095625919352
131.60000000001,5.9890635004475,-6.1358164508311,-1.90213706432,4.8390598952331,5,5,8.6282681761466,13.106712618384,2541.3379801371,4.1556330453575,4.2077874409332
131.62500000001,5.9901111484212,-6.1372462270626,-1.902654352139,4.1692717790629,5,5,8.6300406959206,13.108559077979,2541.8270423151,4.1538885472922,4.2059833796396
131.65000000001,5.9910778358895,-6.1385716260927,-1.9031012990807,1.8966525121439,5,5,8.6316811736712,13.110259351139,2542.2442682217,4.1522746692238,4.2043193680462
131.67500000001,5.9920543499967,-6.139959579695,-1.9035998490754,1.670707175371,5,5,8.633378228474,13.112028121079,2542.6724306891,4.1506105863056,4.2025976893021
131.70000000001,5.9929938912039,-6.1413625905945,-1.904085801422,3.0171832069885,5,5,8.6350667714151,13.113785200174,2543.1709643137,4.1489629519664,4.2008942432382
131.72500000001,5.9939487308583,-6.1427135813326,-1.9045474015455,1.1275890035968,5,5,8.636721127707,13.115502747674,2543.59743001,4.1473401007163,4.1992191018302
131.75000000001,5.9949457750395,-6.144061034559,-1.9050244462738,3.2148183704125,5,5,8.6383973518258,13.117245532506,2544.0453138119,4.1456891187446,4.1975137672159
131.77500000001,5.9960516815078,-6.1454494541809,-1.9055517037995,4.4375370974158,5,5,8.6401723837024,13.119097217863,2544.4959755712,4.1439310224482,4.1956947872626
131.80000000001,5.9971690161193,-6.1469096763204,-1.9060729266537,4.9241878599398,5,5,8.6420110477095,13.121008332353,2544.9662913467,4.1421151979185,4.1938197498054
131.82500000001,5.9981520062874,-6.1482582187511,-1.9065383926358,2.1929771764662,5,5,8.6436798306066,13.122740814658,2545.3759422089,4.1404737125451,4.1921256416689
131.85000000001,5.9991102997186,-6.1496247621569,-1.9070214931065,1.8799574646133,5,5,8.6453488923731,13.124478385735,2545.8156534356,4.1388377583283,4.1904342475774
131.87500000001,6.0000528456415,-6.1510198121179,-1.9075099444825,3.0565580006112,5,5,8.6470325067026,13.126231423657,2546.2747949608,4.1371936188543,4.1887339437963
131.90000000001,6.0009874466803,-6.1523619848263,-1.9079745105944,1.5396563548644,5,5,8.6486680208972,13.127931637865,2546.6864005564,4.1355916820246,4.1870790700172
131.92500000001,6.0019931886206,-6.1537374675973,-1.9084549955352,2.7475678986025,5,5,8.6503719779693,13.129702043322,2547.0984821545,4.1339152439833,4.1853481329732
131.95000000001,6.0030814602984,-6.1551478065653,-1.9089696109469,4.7190450566492,5,5,8.6521533794541,13.131556287176,2547.5426625038,4.1321549748403,4.1835290726524
131.97500000001,6.0041634045736,-6.1565594983699,-1.9094822025955,5.4500916210869,5,5,8.6539319960978,13.133407294298,2547.9769259554,4.1303983818522,4.1817139724544
132.00000000001,6.0051383658679,-6.1578721446646,-1.909936628055,2.2669941384236,5,5,8.65556710766,13.135104377772,2548.3765318924,4.1287875888291,4.1800519785422
132.02500000001,6.0060951068105,-6.1592356171758,-1.9104147698292,1.6298198210994,5,5,8.657232763843,13.136837303067,2548.807639224,4.1271550477522,4.1783648106934
132.05000000001,6.0070545004509,-6.160622897869,-1.9108851966363,3.1531964746232,5,5,8.6589194718435,13.138588384235,2549.2705677403,4.1255042226832,4.1766607978956
132.07500000001,6.0079747050002,-6.1619843046414,-1.9113380659499,1.3667712090518,5,5,8.6605627018372,13.140292876954,2549.6859217197,4.1238996657315,4.1750052358445
132.10000000001,6.008923968168,-6.1633183239175,-1.9117829773554,2.0390971882197,5,5,8.6621999886144,13.141989536657,2550.0972963911,4.1222929007559,4.1733487430446
132.12500000001,6.0099593760425,-6.1647097106129,-1.9122750562174,4.0762237340679,5,5,8.6639343548972,13.143792358892,2550.550410757,4.1205841767896,4.1715841932655
132.15000000001,6.0110020448978,-6.1660599487988,-1.9127579747459,4.067335435424,5,5,8.6656403154772,13.145565354043,2551.0040472998,4.118898516522,4.1698438645082
132.17500000001,6.011991155549,-6.1673652895736,-1.9132070359709,1.5034195645873,5,5,8.6672780744394,13.14726356204,2551.4066816561,4.1172826302345,4.1681777434754
132.20000000001,6.0129584745403,-6.168754574353,-1.9136786484263,1.6028708297523,5,5,8.6689709472136,13.149020899953,2551.8523528603,4.1156248292413,4.1664667157742
132.22500000001,6.0139318342088,-6.1701804521428,-1.9141745533914,2.7676894841586,5,5,8.6706973760466,13.150817139984,2552.3062622107,4.1139375012494,4.1647227493179
132.25000000001,6.014842990163,-6.1715344875922,-1.9146195944421,1.6560583082079,5,5,8.6723294352279,13.152508789684,2552.7419719605,4.1123447725427,4.1630801582315
132.27500000001,6.0157923233886,-6.1728736843746,-1.9150597403821,1.3840238102981,5,5,8.6739709837636,13.154208321985,2553.1407037842,4.1107345647278,4.161421071443
132.30000000001,6.0168392320301,-6.1742539672345,-1.9155509647075,3.983150280943,5,5,8.6757033805072,13.156009016245,2553.5728973657,4.1090252870047,4.1596561834082
132.32500000001,6.0179057548867,-6.1756297877942,-1.9160469791721,4.3521619902936,5,5,8.6774441714814,13.157819094576,2554.0415792599,4.1073048562693,4.1578795447389
132.35000000001,6.0189218187453,-6.1770123306475,-1.9165134422708,2.2665405666342,5,5,8.6791599251077,13.159597126726,2554.4560309418,4.1056164584711,4.1561391551865
132.37500000001,6.0198828740368,-6.178376756009,-1.9169711253986,1.371073182084,5,5,8.680828842074,13.161327663546,2554.8871120521,4.1039804842968,4.1544519262694
132.40000000001,6.0208414246807,-6.1797515883477,-1.9174478199994,3.0564267482199,5,5,8.6825048442508,13.163070139095,2555.3270925361,4.1023392010322,4.1527565086515
132.42500000001,6.0217585889977,-6.1811098707474,-1.9178974845666,2.2442990709389,5,5,8.6841437833776,13.164769644813,2555.7916687426,4.1007393800395,4.1511062592946
132.45000000001,6.0227145823308,-6.1824429244928,-1.9183402873049,1.1151902863166,5,5,8.6857841966003,13.166468771002,2556.1766958013,4.0991287284015,4.1494463852181
132.47500000001,6.0237618776442,-6.1838359914364,-1.9188333860425,4.161865601698,5,5,8.6875270284863,13.16828001625,2556.6544495895,4.097410533995,4.147672473601
132.50000000001,6.0248367670323,-6.1852521266907,-1.9193432282198,4.5470828010309,5,5,8.689304899757,13.170129547353,2557.0855255179,4.0956564618022,4.1458605325758
132.52500000001,6.0258509947551,-6.186567608478,-1.919792744334,2.7219961969451,5,5,8.6909659687521,13.171850365456,2557.5169046677,4.0940156481216,4.1441698490895
132.55000000001,6.0268128073472,-6.1879108511896,-1.9202439862421,1.2954745241084,5,5,8.6926180536302,13.173562966899,2557.9795183813,4.0923938548741,4.1424976970491
132.57500000001,6.0277983378939,-6.1893458215471,-1.9207473757486,2.7418704500201,5,5,8.6943588610249,13.175375095863,2558.4308126176,4.0906918279285,4.1407382068244
132.60000000001,6.0287076865573,-6.1907432088899,-1.9211933678394,3.1394287722823,5,5,8.6960260761812,13.177100933434,2558.9026445673,4.0890710106724,4.1390678525694
132.62500000001,6.0296511877284,-6.1920716084807,-1.9216258040178,0.66662975508558,5,5,8.6976554441362,13.178786709511,2559.2974653486,4.0874728033913,4.1374219440315
132.65000000001,6.0307126124464,-6.1934658273123,-1.922120335178,3.8498271023528,5,5,8.6994077193949,13.180607431799,2559.7461710586,4.0857437085981,4.1356371183361
132.67500000001,6.0318465721381,-6.1949551985816,-1.9226575145842,4.6030493771194,5,5,8.701279641231,13.18255490531,2560.2127872062,4.0838965595731,4.1337290710818
132.70000000001,6.0328803381952,-6.1963471304757,-1.9231063676921,3.465032141559,5,5,8.703013465518,13.1843458871,2560.6470893973,4.0821891798716,4.1319727927771
132.72500000001,6.0338503511491,-6.1976897684259,-1.9235511130312,0.84206585514368,5,5,8.7046698476587,13.186060938181,2561.0661872659,4.0805620168506,4.1302964085452
132.75000000001,6.0348305120651,-6.1990900290805,-1.9240448689322,2.8184492624216,5,5,8.7063790712609,13.187840050379,2561.4981627662,4.0788879314559,4.1285660947222
132.77500000001,6.0357595962684,-6.2005199783877,-1.9244956255773,3.0445028611777,5,5,8.7080843432269,13.189603891084,2561.9553555832,4.0772306241518,4.1268590181875
132.80000000001,6.0367123929049,-6.2018779460023,-1.9249404786689,0.20712810399785,5,5,8.7097432276329,13.191321386861,2562.3311366345,4.0756055343264,4.1251846931152
132.82500000001,6.0377743986609,-6.2032675309821,-1.9254274624205,3.6222783019611,5,5,8.7114921709259,13.193136863607,2562.7892543304,4.0738793571346,4.1234039932076
132.85000000001,6.038841801714,-6.2046749918954,-1.9259284524148,4.8238684080091,5,5,8.7132586067443,13.194972969943,2563.2084890732,4.0721370036151,4.1216051587438
132.87500000001,6.0398982996782,-6.2060497082243,-1.9263843700298,3.562113394627,5,5,8.714992398235,13.196765703555,2563.6676671883,4.0704250772077,4.1198433588108
132.90000000001,6.0408752878944,-6.2074097592498,-1.9268383866248,0.48001039501345,5,5,8.7166669861743,13.198500747023,2564.0937225105,4.0687810600384,4.1181489558967
132.92500000001,6.0418889546401,-6.2089327801826,-1.9273671088672,2.5321641294377,5,5,8.7184964978668,13.20040512625,2564.517558408,4.066998547113,4.116306196739
132.95000000001,6.042819742535,-6.2103703072702,-1.9278173131688,3.5939718033975,5,5,8.7202090545032,13.202175870203,2564.9942345945,4.0653350289614,4.1145931353433
132.97500000001,6.0437667899593,-6.2117311277764,-1.9282593703258,0.64315170297266,5,5,8.721866984319,13.203891721538,2565.3969512261,4.0637123539885,4.1129216935716
133.00000000001,6.0448349648916,-6.213130887215,-1.928743015711,3.0299956895028,5,5,8.7236277580614,13.205717710868,2565.8576128567,4.0619748690166,4.1111304110076
133.02500000001,6.0460309629254,-6.2145527560675,-1.9292606679384,4.3149269392643,5,5,8.7254857468478,13.207646463355,2566.3019056727,4.0601292369488,4.1092270429949
133.05000000001,6.0470963181254,-6.2159357276411,-1.9297214474708,4.5649946549133,5,5,8.7272314822446,13.2094519854,2566.7524169318,4.0584053551923,4.1074527465785
133.07500000001,6.0481039492792,-6.217350444354,-1.9301401117005,0.54314238553598,5,5,8.7289683598799,13.211238608935,2567.164420373,4.0567017198455,4.1057049509452
133.10000000001,6.0491572464387,-6.218863647242,-1.9306155531407,2.279029680859,5,5,8.7308120566788,13.213142621133,2567.6224127508,4.0548973314841,4.1038488661261
133.12500000001,6.0501157058682,-6.2203460284276,-1.9310808243409,3.2774371409094,5,5,8.7325773040998,13.214968155506,2568.0682454166,4.0531831380341,4.1020834756654
133.15000000001,6.0511818776041,-6.2217548983158,-1.9315075415427,1.0585141060419,5,5,8.7343441194643,13.216785770455,2568.475745349,4.05144099846,4.1002964150282
133.17500000001,6.052242695533,-6.2231351238679,-1.9319485931566,3.0210981849643,5,5,8.7360849115981,13.218581566596,2568.9241381799,4.04972241843,4.0985304334661
133.20000000001,6.0534098293695,-6.2246742958705,-1.9324711902636,4.2048474074999,5,5,8.7380165564531,13.220582656194,2569.38151522,4.0478174857147,4.096567780814
133.22500000001,6.0544709008858,-6.2260217111107,-1.9328918413207,4.7207846530998,5,5,8.7397316076454,13.222348540648,2569.8019185156,4.046121256334,4.094827037673
133.25000000001,6.0554657332009,-6.2273676665837,-1.9333083182431,0.84720849588043,5,5,8.7414053123596,13.224073284252,2570.1990387701,4.044474268018,4.0931355977719
133.27500000001,6.0564844102766,-6.2288543367087,-1.9337791195837,1.9948285315218,5,5,8.7432075029837,13.225935955706,2570.6483637798,4.0427134840503,4.0913233709789
133.30000000001,6.0574375275806,-6.2303441271438,-1.9342416498708,3.158164876693,5,5,8.7449760922903,13.227764026384,2571.1192923139,4.0409983368146,4.0895575190936
133.32500000001,6.0584156620787,-6.2317652930722,-1.9346666792773,1.2531483297698,5,5,8.7467013342132,13.229540852118,2571.5386003242,4.039312046592,4.0878259511543
133.35000000001,6.059483599397,-6.233167297973,-1.9351240185727,2.5137621187159,5,5,8.7484637495609,13.231361639609,2571.9678730676,4.0375735167574,4.0860378079186
133.37500000001,6.0607220908523,-6.234620378946,-1.935622153676,4.8110515593205,5,5,8.7503730178497,13.233334820792,2572.4174417341,4.0356757892259,4.0840860996656
133.40000000001,6.0618710889162,-6.2360434924307,-1.9360906026782,4.1612745794377,5,5,8.7522020745851,13.235222913218,2572.8425978067,4.0338637897035,4.0822236695801
133.42500000001,6.0629131353049,-6.2374330959552,-1.936520412988,1.931555488576,5,5,8.7539389852424,13.237012213509,2573.2326538758,4.0321526694916,4.080466860966
133.45000000001,6.0639017269777,-6.2388816191958,-1.9369762202011,1.9419505869525,5,5,8.7556927050245,13.238824199516,2573.6996614794,4.0304401473858,4.0787046859114
133.47500000001,6.0648702107112,-6.2403794968881,-1.9374282246056,2.7071337143517,5,5,8.7574764085658,13.24066428275,2574.1147615239,4.0287085028786,4.0769242063645
133.50000000001,6.0658383739427,-6.2418050503989,-1.9378667752888,1.9564986666939,5,5,8.7591996447234,13.242442447409,2574.5388238922,4.027026673345,4.0751950234464
133.52500000001,6.0669016886824,-6.2432122727767,-1.9383136733311,1.8428338535155,5,5,8.7609634227866,13.244261961332,2574.9790193886,4.0252880986114,4.0734084939652
133.55000000001,6.0680505730145,-6.2447032688117,-1.9388136204929,4.5024848707512,5,5,8.7628457097958,13.246209511473,2575.4642977941,4.023429820352,4.0714955541596
133.57500000001,6.069157465508,-6.2461492370189,-1.9392941455935,4.9989604795888,5,5,8.7646667081616,13.248092843472,2575.9135381317,4.0216330000087,4.069646332545
133.60000000001,6.0701715556016,-6.2474775675142,-1.9396894866105,2.1855428082654,5,5,8.7663378875723,13.249810148088,2576.306804642,4.0199843849129,4.0679566213264
133.62500000001,6.0711816878479,-6.2489884931797,-1.9401577666885,1.4515626992912,5,5,8.7681553758176,13.25168699378,2576.7804685616,4.0182136598562,4.0661350784409
133.65000000001,6.0721660606347,-6.2505435578329,-1.9406489457162,3.1519881991732,5,5,8.7699958148573,13.253591848813,2577.2339056159,4.0164315385518,4.0642987784282
133.67500000001,6.0731587230533,-6.2520300574014,-1.9410904714449,1.7735241788798,5,5,8.7717832878346,13.25543304533,2577.6724603225,4.0146903574079,4.0625105436529
133.70000000001,6.0741795532762,-6.2533774520595,-1.941492604708,1.5501391743007,5,5,8.7734737217164,13.257170652268,2578.0663230431,4.0130238857154,4.0608021713248
133.72500000001,6.075306965758,-6.2548364540098,-1.9419821116775,3.9482161139392,5,5,8.7753175616213,13.259078363637,2578.5185409641,4.0112033404924,4.0589281823318
133.75000000001,6.0764493591341,-6.256322507092,-1.9425010498156,3.8586074977096,5,5,8.7771919725658,13.261023283476,2578.9563361958,4.0093533811323,4.0570206368053
133.77500000001,6.0774192594012,-6.2576679218865,-1.9428765435307,3.4110819196022,5,5,8.7788505404714,13.262723825456,2579.3634470264,4.0077254661428,4.0553544594409
133.80000000001,6.0784431437952,-6.2591350709111,-1.9433467423487,1.3678730710857,5,5,8.7806396367552,13.264573677461,2579.8298482438,4.0059749154914,4.0535526213023
133.82500000001,6.0794824328708,-6.2607608315533,-1.9438385715857,2.5992793033059,5,5,8.78256920133,13.266564937225,2580.289474495,4.0041046542096,4.0516291830149
133.85000000001,6.0804517847238,-6.2621752070744,-1.9442667260024,2.593730428556,5,5,8.7842838736397,13.268332256476,2580.764045255,4.0024300591116,4.0499088483167
133.87500000001,6.0814798872219,-6.2635720679958,-1.9447078186844,1.3690735811404,5,5,8.7860182943442,13.270121887146,2581.1453396127,4.0007246188339,4.0481560619778
133.90000000001,6.0826357800678,-6.2650518956873,-1.9452486294118,3.0233166875107,5,5,8.787896053186,13.272075973764,2581.5784832864,3.9988692307982,4.0462398763026
133.92500000001,6.0837055295692,-6.2665493110783,-1.945670520901,5.7063605938173,5,5,8.7897363294828,13.273963991051,2582.0259254877,3.9970646863707,4.0443920927813
133.95000000001,6.0847321457557,-6.2679051524525,-1.9460958475025,2.7162861242871,5,5,8.791436990127,13.275717031081,2582.4405653764,3.9953884564565,4.0426706040976
133.97500000001,6.0857186707239,-6.2693268838493,-1.9465426535219,0.89740242795636,5,5,8.7931674674245,13.277504260024,2582.8891923065,3.9936964498364,4.0409302552471
134.00000000001,6.0868560838507,-6.2709483599754,-1.9470851983059,1.9204012476433,5,5,8.7951480969832,13.279557854018,2583.351167211,3.9917577995313,4.0389315616391
134.02500000001,6.0877584058492,-6.2722703300437,-1.9474649752215,3.0337779334504,5,5,8.7967486562137,13.281202852606,2583.832057751,3.9901955158941,4.0373296527393
134.05000000001,6.0888307219179,-6.2736852124534,-1.947911883118,0.68654258525545,5,5,8.7985239742091,13.283033557567,2584.2020194395,3.9884456729964,4.0355321524657
134.07500000001,6.0899234906785,-6.2751065903498,-1.9483666367405,3.7633828955094,5,5,8.8003168653626,13.284883222279,2584.6128689191,3.986676483496,4.0337143441196
134.10000000001,6.0910912116585,-6.2765869795627,-1.9488606258232,4.6248745495907,5,5,8.8022023691438,13.286832363044,2585.0270882042,3.9848122689504,4.0317966536167
134.12500000001,6.0921407003199,-6.2779669858093,-1.9492941204115,3.2637059977754,5,5,8.8039361060589,13.288619472791,2585.4455304439,3.983102991021,4.0300413113859
134.15000000001,6.0931526684326,-6.2794051307726,-1.9497496251836,0.60415020082621,5,5,8.8056946112186,13.290436014834,2585.8768386223,3.9813813999047,4.0282704577964
134.17500000001,6.0941461192966,-6.2810291061987,-1.9502393154023,2.0769066834045,5,5,8.8075983551099,13.292401730305,2586.3172351927,3.9795463934144,4.0263823178551
134.20000000001,6.095220750787,-6.2824938618321,-1.950696811128,3.2443332440515,5,5,8.8094150394265,13.294275134758,2586.7879682151,3.9777609402324,4.0245480603032
134.22500000001,6.0961617449169,-6.2838493244289,-1.9510967126679,0.32733675995133,5,5,8.8110651148198,13.295972977521,2587.1771983311,3.9761477719131,4.0228928481155
134.25000000001,6.0972586740066,-6.2852667697972,-1.9515773577406,3.5429658465002,5,5,8.8128574330951,13.29782862417,2587.6085070866,3.974378406342,4.0210709885777
134.27500000001,6.0984203041515,-6.2867222337117,-1.9520622892976,4.3085885739274,5,5,8.8147196252978,13.299752921032,2588.0190140856,3.9725358360114,4.019176133224
134.30000000001,6.0994410512403,-6.2881011902489,-1.9525095786511,3.2011116170424,5,5,8.8164352726249,13.301525916666,2588.4552832475,3.9708484445468,4.0174403831388
134.32500000001,6.1004358285113,-6.2895193673501,-1.9529305310311,0.10247129435877,5,5,8.8181675566978,13.303308613784,2588.8762055768,3.9691532654398,4.0157009425945
134.35000000001,6.1015294936281,-6.2911175588921,-1.953462538216,1.7440098903387,5,5,8.8201041308876,13.305316934286,2589.345805195,3.9672629552439,4.0137517830143
134.37500000001,6.1025007037412,-6.2925521778796,-1.9538771030324,3.3541578727312,5,5,8.8218365802298,13.307098294639,2589.807884245,3.9655738401049,4.0120193210865
134.40000000001,6.1034756637303,-6.2939351010849,-1.9542685715033,0.5267030046359,5,5,8.823528627384,13.308835036168,2590.2126939577,3.9639173134341,4.0103225797836
134.42500000001,6.1045180153433,-6.2953379513071,-1.954696492614,2.9301436387134,5,5,8.8252763360642,13.310634369963,2590.6315429579,3.9621979659163,4.0085582207368
134.45000000001,6.1056091269998,-6.2968214389335,-1.9551622268059,4.1463728545316,5,5,8.8271178735156,13.312533887934,2591.0487544426,3.9603879682067,4.0066985332405
134.47500000001,6.1066404967491,-6.2982406432786,-1.9555784478703,3.5175847728331,5,5,8.8288722578899,13.314336969881,2591.4738685067,3.9586655373603,4.0049329138756
134.50000000001,6.1076337089147,-6.2996598284518,-1.9559953889333,0.1674217961082,5,5,8.830604469471,13.316118653583,2591.880425409,3.9569710390504,4.0031948010613
134.52500000001,6.1086572161155,-6.3012130960686,-1.9564660837708,2.2277092516758,5,5,8.832464632711,13.318037445106,2592.3599692913,3.9551629355505,4.0013362573188
134.55000000001,6.1096403089658,-6.3026858932691,-1.9568965707216,3.287268504433,5,5,8.834235396147,13.319859784855,2592.7852376632,3.9534393297387,3.9995673347975
134.57500000001,6.1105654164219,-6.3040433902818,-1.957250203997,0.65008666040041,5,5,8.8358781444371,13.321540165299,2593.2142592641,3.9518368202977,3.9979297553929
134.60000000001,6.1116145931579,-6.305453916079,-1.957668648939,3.5803294120484,5,5,8.8376360849504,13.323347221197,2593.6285566762,3.9501074487705,3.9961569675922
134.62500000001,6.1127290618567,-6.3069141888531,-1.9581344854136,5.0551313725615,5,5,8.8394730490369,13.325242330871,2594.0346774443,3.9482964245922,3.9942963014405
134.65000000001,6.1138145209209,-6.3082952503208,-1.9585339609645,4.6971369621615,5,5,8.8412296230199,13.327043756105,2594.4528388225,3.9465606645651,3.9925200814692
134.67500000001,6.1147808103881,-6.3096245367244,-1.9588962369899,0.35744065735831,5,5,8.8428730090601,13.328726599412,2594.855094861,3.9449473894464,3.9908705683658
134.70000000001,6.1158082348209,-6.3110492485497,-1.9593303890207,3.2173474338562,5,5,8.8446295410837,13.330535989568,2595.2828313465,3.9432243509662,3.9891016876759
134.72500000001,6.1167743686997,-6.3124711186287,-1.959746409611,3.6881121361683,5,5,8.8463485900049,13.332304662043,2595.7611971332,3.9415481132661,3.9873818181388
134.75000000001,6.117786840351,-6.3138833530738,-1.9601443786068,1.5164185773662,5,5,8.8480862622906,13.33408732418,2596.1897496964,3.9398445830449,3.9856377043868
134.77500000001,6.1187683943542,-6.3152358787336,-1.9605270324205,3.3978535383007,5,5,8.849757421745,13.335801733076,2596.5989306482,3.9382044071139,3.9839585363891
134.80000000001,6.1198785258492,-6.3166414935723,-1.9609612506733,5.1403513293157,5,5,8.8515485512799,13.337644744335,2597.0082627037,3.9364339928268,3.9821428387618
134.82500000001,6.1209627029248,-6.3180337533165,-1.9613789676681,5.0606507797734,5,5,8.8533131552373,13.339458115399,2597.4405666338,3.9346916913908,3.9803574304018
134.85000000001,6.1219532227126,-6.3193786846705,-1.9617609372902,1.0504877731838,5,5,8.8549834755051,13.341171553635,2597.8255249546,3.9330502016187,3.9786770814276
134.87500000001,6.1229762884895,-6.3208047036315,-1.9621891074663,2.5213533703427,5,5,8.856738523556,13.342978076085,2598.2868963554,3.9313296570851,3.97691161298
134.90000000001,6.1239930983006,-6.3222991992545,-1.9626156496988,4.1117168990482,5,5,8.8585461239984,13.34483532072,2598.733120248,3.9295670597326,3.9751048258822
134.92500000001,6.1249574225045,-6.323673519775,-1.9629927949197,2.7193155642767,5,5,8.8602250159136,13.346556052129,2599.1870006019,3.9279248021272,3.9734244605136
134.95000000001,6.1259408645522,-6.325023804121,-1.9633768490967,3.3630760589113,5,5,8.8618954727603,13.348270089377,2599.6062641932,3.9262849568733,3.9717454414761
134.97500000001,6.1270168668049,-6.3264455950277,-1.9638133575091,5.4270830780796,5,5,8.8636785235812,13.350105793553,2600.0648788433,3.9245286646896,3.9699434004243
135.00000000001,6.1281238824733,-6.3278850798043,-1.9642486161379,4.7407698615075,5,5,8.8654944531261,13.351973158056,2600.4905561492,3.9227376385827,3.9681072180192
135.02500000001,6.1291302898398,-6.3292333629902,-1.9646348153892,1.8513816592909,5,5,8.867176928486,13.353699388979,2600.8755227269,3.9210824171497,3.9664126904561
135.05000000001,6.1301364832495,-6.3306363777553,-1.9650517532754,2.5141958392624,5,5,8.8689034497309,13.355475540101,2601.3025630369,3.9193900995612,3.964676862067
135.07500000001,6.1311532978636,-6.3321151628818,-1.9654979187907,3.7665605043699,5,5,8.8706980854627,13.357324805111,2601.777015273,3.9176384346292,3.962877966294
135.10000000001,6.1321717186391,-6.3334649894359,-1.9658635036658,3.1071542991802,5,5,8.8723890061001,13.359054794967,2602.2105461742,3.9159734439776,3.9611769018974
135.12500000001,6.1331385910801,-6.3347841604318,-1.966242174883,2.6578701177551,5,5,8.8740245654642,13.360733617866,2602.6326020749,3.9143671020281,3.9595318493285
135.15000000001,6.1342190174165,-6.3362275086396,-1.9666840874882,5.1944967169323,5,5,8.8758275006037,13.362589921146,2603.0418129361,3.9125930692912,3.9577114998822
135.17500000001,6.1353043187494,-6.3376427146921,-1.9671054362216,5.078631741907,5,5,8.8776109487118,13.364422466346,2603.503106515,3.9108346501492,3.9559096888171
135.20000000001,6.1363049656283,-6.338966337107,-1.967479454949,2.0702596236805,5,5,8.8792702468988,13.366123395645,2603.8841062514,3.9092006094514,3.9542379683574
135.22500000001,6.1373154246717,-6.3403712210169,-1.9678990664432,2.403470011493,5,5,8.8810007746446,13.367904069699,2604.3262810677,3.9075040908255,3.9524976251208
135.25000000001,6.138326243094,-6.3419180488036,-1.9683479906681,3.7126704734483,5,5,8.8828485922992,13.369805638273,2604.7498635932,3.9057107356076,3.9506571443603
135.27500000001,6.1393445966301,-6.3433110579889,-1.9687521553647,3.05761267057,5,5,8.8845741410568,13.371577887583,2605.1968117212,3.9040165818594,3.9489214754177
135.30000000001,6.1403461740893,-6.3446597246617,-1.9691142267701,2.0918958313237,5,5,8.8862540396255,13.37329636217,2605.5974156918,3.9023649216698,3.9472341509026
135.32500000001,6.1414335707414,-6.3460529668641,-1.9695382590826,5.5754062398604,5,5,8.8880213979122,13.375113876603,2605.9960235558,3.9006200641917,3.9454453772776
135.35000000001,6.142496236985,-6.3473982990586,-1.9699502072921,5.6004904097701,5,5,8.8897358010907,13.376877078119,2606.4164112796,3.8989259469093,3.9437085898252
135.37500000001,6.1435337107591,-6.3487285368,-1.9703456272543,2.2976198892918,5,5,8.8914227759811,13.378609775792,2606.7866397333,3.8972605806064,3.9420027160858
135.40000000001,6.1445163246747,-6.3501005807295,-1.970744494963,2.1471281793072,5,5,8.8931103880964,13.380343883661,2607.206977469,3.8956070069117,3.9403079883381
135.42500000001,6.1455262826785,-6.3515639825313,-1.9711744755459,4.2032149531566,5,5,8.8948884657108,13.38217321231,2607.6066097569,3.8938712795244,3.9385273718383
135.45000000001,6.146468270517,-6.3530032905698,-1.9715714396369,3.5458475468656,5,5,8.8966086252144,13.383938581735,2608.0425179182,3.8922018075763,3.936817223293
135.47500000001,6.1474353549385,-6.3542870593385,-1.9719341519738,1.5200183518005,5,5,8.8982158944916,13.385586269439,2608.428071291,3.8906197473717,3.9351986423023
135.50000000001,6.1484688321835,-6.3557085793146,-1.9723578667234,5.1587035640644,5,5,8.8999733910801,13.387394121326,2608.835119691,3.8888953596798,3.9334301951807
135.52500000001,6.1495428150001,-6.3570433762384,-1.9727712629224,6.1557621342114,5,5,8.9016866108319,13.389156511276,2609.2558262933,3.88720026222,3.9316922612883
135.55000000001,6.1505460272644,-6.3583573598782,-1.9731460520348,2.8313229994675,5,5,8.9033397859142,13.390851638036,2609.6420529075,3.8855712296712,3.9300254413907
135.57500000001,6.1515454264012,-6.359730528855,-1.9735457405425,1.6416513283901,5,5,8.9050381356054,13.392596385174,2610.0785698282,3.8839047797437,3.9283178975819
135.60000000001,6.152600818104,-6.3612077784764,-1.9739946942969,4.0849653420138,5,5,8.906853657043,13.394466593067,2610.4831740045,3.8821265421719,3.9264924495222
135.62500000001,6.1535457607214,-6.3625472625634,-1.9743801278417,4.4255509988798,5,5,8.9084929050931,13.396150544726,2610.9097268551,3.880522990335,3.9248492417244
135.65000000001,6.1544693070319,-6.3638333531263,-1.9747317723782,1.0921194984986,5,5,8.9100762454619,13.397772463529,2611.31040302,3.8789714506184,3.9232625266856
135.67500000001,6.1555420592057,-6.3652366498501,-1.9751520790335,5.0776017851294,5,5,8.9118426086526,13.399588144284,2611.7248853201,3.8772308273097,3.9214785792759
135.70000000001,6.156648029113,-6.3666804082538,-1.9756037267517,5.6230785150986,5,5,8.9136612916278,13.401462068889,2612.1379029753,3.8754383626399,3.9196386877117
135.72500000001,6.1576820335211,-6.3680275813168,-1.975989651289,4.2855613809255,5,5,8.9153595378931,13.403203613642,2612.5531173262,3.8737643494768,3.9179257604264
135.75000000001,6.1586588437807,-6.3693517140109,-1.9763592828061,1.2919669166827,5,5,8.9170049818073,13.404890063503,2612.9691198075,3.8721479789134,3.9162722695461
135.77500000001,6.1596668506673,-6.3707920627953,-1.9767842231805,3.6995227891736,5,5,8.9187630155111,13.406698725115,2613.373423863,3.8704297921883,3.9145098358539
135.80000000001,6.1606593658469,-6.3721656306851,-1.9771883985907,5.0037760753334,5,5,8.9204576467777,13.408440888394,2613.8227710451,3.8687683711106,3.9128066423339
135.82500000001,6.1616114302855,-6.373505917703,-1.9775637450208,0.3007851770858,5,5,8.9221016650215,13.41012721011,2614.204847308,3.86715927226,3.9111595003497
135.85000000001,6.1626408913176,-6.3748980562309,-1.9779754431411,5.2820138109611,5,5,8.9238330920911,13.411906910938,2614.6099693177,3.8654581781211,3.9094159657936
135.87500000001,6.1637402270994,-6.3763018144832,-1.9784104679105,5.7021620183142,5,5,8.9256160885555,13.413742210081,2614.9634271748,3.8636979266058,3.9076104573468
135.90000000001,6.1647702404431,-6.3776453214219,-1.9787984620985,4.5746469685063,5,5,8.9273089968172,13.415479011126,2615.3762668226,3.8620294988176,3.9059027775036
135.92500000001,6.1657496627698,-6.3789957629739,-1.9791795838786,0.8030104437802,5,5,8.9289772175698,13.417190213713,2615.7787639677,3.8603935271677,3.9042282209476
135.95000000001,6.1667434980382,-6.3804456105824,-1.9796021296779,3.6071708459105,5,5,8.9307349907715,13.418998060935,2616.1772557118,3.8586795157185,3.9024703164399
135.97500000001,6.1677275049022,-6.3818413782447,-1.9800037367884,5.2593995578649,5,5,8.9324427486219,13.420752405584,2616.6026678057,3.8570094704524,3.9007590188839
136.00000000001,6.1686599991202,-6.3831398587577,-1.9803686080578,0.079906619849785,5,5,8.9340413721264,13.422392139755,2616.97043025,3.8554433207356,3.8991559429883
136.02500000001,6.1696878332884,-6.3845464921917,-1.9807742680862,4.7344950425727,5,5,8.9357835146851,13.424180888132,2617.407542164,3.8537337755146,3.8974049934587
136.05000000001,6.1707928162176,-6.3859755589067,-1.9812141283625,6.0805409669326,5,5,8.9375899528794,13.426040107326,2617.7972476809,3.8519523708633,3.8955778906431
136.07500000001,6.1718138491528,-6.3872690739073,-1.9816038432459,4.9534081901303,5,5,8.939237887742,13.427733496532,2618.2195012741,3.8503246351451,3.8939102257456
136.10000000001,6.172789386397,-6.3885712390651,-1.9819838758791,0.33667301116919,5,5,8.940864942447,13.429404344165,2618.611048193,3.8487244675486,3.8922712700221
136.12500000001,6.1738194244727,-6.3900355589018,-1.9824266652723,3.5917445121683,5,5,8.9426552527613,13.431248598342,2619.0115153854,3.8469742693817,3.8904746074491
136.15000000001,6.1747819897558,-6.3915138901583,-1.9828340103885,4.9972015763395,5,5,8.9444193375746,13.433059102491,2619.46266113,3.8452641769643,3.8887228945514
136.17500000001,6.1757125494233,-6.3928331397063,-1.9831947835298,1.7996752065407,5,5,8.9460337602777,13.434713344893,2619.8553871532,3.8436855543734,3.8871081301044
136.20000000001,6.1767649876065,-6.3942026555048,-1.9835940789837,4.2165959461283,5,5,8.9477609544336,13.436486093186,2620.2700388888,3.8419833075877,3.8853653850181
136.22500000001,6.1778286216751,-6.3956311080041,-1.9840292397612,6.7693583246489,5,5,8.9495419075421,13.438319439546,2620.6771797232,3.8402328854162,3.8835696641326
136.25000000001,6.1788839956815,-6.3969323942474,-1.9844294154942,5.0683190967687,5,5,8.9512173657422,13.440042025044,2621.0865573931,3.8385747967105,3.8818704647998
136.27500000001,6.1798801757742,-6.3982273184635,-1.9848070322072,0.55399169218779,5,5,8.9528511354636,13.441718866684,2621.4587620764,3.83696454367,3.880221932626
136.30000000001,6.1808982564654,-6.3997099174978,-1.9852410908836,3.1286634409253,5,5,8.9546496315548,13.443569000496,2621.8691501173,3.8352109659782,3.8784232751818
136.32500000001,6.1818811087907,-6.4010848324285,-1.9856421852846,5.7005959852366,5,5,8.9563397172805,13.445306028556,2622.2731785051,3.8335563297314,3.8767273704263
136.35000000001,6.1828033121434,-6.4023972315057,-1.9860037677253,2.205195748222,5,5,8.9579437279917,13.446950288943,2622.6766217831,3.8319886900876,3.8751233786277
136.37500000001,6.1838354819183,-6.4037692498935,-1.9863936383733,3.9614070289106,5,5,8.9596606464233,13.448710916111,2623.0863722253,3.8302998186435,3.8733952997994
136.40000000001,6.1849299363425,-6.4052459656695,-1.9868439847197,6.6788010818259,5,5,8.9614987214951,13.450603356811,2623.4446908261,3.8284942160039,3.8715427987868
136.42500000001,6.1859946583649,-6.406570082663,-1.9872513503568,5.9268044426692,5,5,8.9631978150174,13.452350601945,2623.8690522746,3.8268139226894,3.8698206124998
136.45000000001,6.186969211122,-6.4078730909149,-1.9876149146134,1.0641952258913,5,5,8.9648249547104,13.454017863937,2624.2210746144,3.8252142596172,3.8681846773365
136.47500000001,6.1880097529612,-6.4092878158386,-1.9880404767562,3.0239331149849,5,5,8.9665811363437,13.455824871703,2624.6356488545,3.8234903910699,3.8664167064882
136.50000000001,6.1890124101057,-6.410757583688,-1.9884719671757,6.1532064906964,5,5,8.9683603324769,13.457655642814,2625.0666942149,3.8217571248012,3.8646385685302
136.52500000001,6.1899205316629,-6.4120525484617,-1.9888280649645,2.6429216077899,5,5,8.9699419830477,13.459276884364,2625.4792444723,3.820211856729,3.8630575483672
136.55000000001,6.1909210337001,-6.4133992637059,-1.9892019885057,3.1255664503302,5,5,8.9716196738044,13.460995740114,2625.8706349155,3.8185636053241,3.8613720434971
136.57500000001,6.1920178137358,-6.414847912616,-1.9896473732329,7.0392232570952,5,5,8.9734366796138,13.462866536112,2626.2585571264,3.8167755073207,3.8595376370167
136.60000000001,6.1930895300205,-6.4161920883228,-1.9900630873777,6.1540504072295,5,5,8.9751558026826,13.464635208602,2626.6614390713,3.8150766323792,3.8577958767836
136.62500000001,6.1940658334199,-6.4174768471936,-1.9904293178235,1.9250084893057,5,5,8.9767694239777,13.466289868212,2627.0131765389,3.8134882171002,3.8561707020662
136.65000000001,6.1950820379586,-6.4189056667894,-1.9908452185244,3.3073801100319,5,5,8.9785227628216,13.468091858915,2627.438425344,3.8117729117452,3.8544126772793
136.67500000001,6.1961394862723,-6.4203972901518,-1.9912880877934,4.862303143228,5,5,8.9803511876058,13.469973153783,2627.8721259971,3.8099847665178,3.8525786251413
136.70000000001,6.1970143093691,-6.421698367605,-1.9916460876215,4.1907486386778,5,5,8.9819190262422,13.471581345894,2628.2867084298,3.8084600679924,3.851017698262
136.72500000001,6.1979746096697,-6.4230202950029,-1.992014545639,2.4134717748049,5,5,8.9835529383307,13.473256287691,2628.66123829,3.8068583750939,3.8493790816029
136.75000000001,6.1991200239537,-6.4245102784057,-1.9924632123152,6.5072486612537,5,5,8.985432306422,13.475188469414,2629.0524588528,3.80500669464,3.8474813557838
136.77500000001,6.2002389376781,-6.4259006436856,-1.9928961520112,7.036934973397,5,5,8.9872169866549,13.477024911712,2629.4636498845,3.8032419726166,3.8456719661696
136.80000000001,6.2012313301072,-6.4271530970786,-1.9932579992013,2.5660859564981,5,5,8.9888149485553,13.478663330347,2629.8407525776,3.8016637480774,3.844057553439
136.82500000001,6.2022113889426,-6.4285802421609,-1.9936589892502,2.6910629389044,5,5,8.9905462077522,13.480440421067,2630.2580758388,3.7999764056067,3.8423294337108
136.85000000001,6.2032364931733,-6.4300478023099,-1.9940897631637,4.7890820188809,5,5,8.9923363394443,13.482281653708,2630.6868968729,3.7982285886357,3.8405371024953
136.87500000001,6.2041466833535,-6.4313943789541,-1.9944706517109,4.8886160108578,5,5,8.9939616747397,13.483951022124,2631.0846080503,3.7966472847332,3.838916840537
136.90000000001,6.2051190545027,-6.4327527144319,-1.9948388230456,1.8089006365818,5,5,8.995632177934,13.485661615896,2631.4322519303,3.7950122693821,3.8372453451224
136.92500000001,6.2062360143421,-6.4342101303403,-1.9952789448653,6.1860477806205,5,5,8.9974683860957,13.487549834006,2631.8354254265,3.7932037729085,3.8353916380225
136.95000000001,6.2073687896839,-6.4356224723843,-1.9957242583586,7.2836119836449,5,5,8.99927888051,13.489414289458,2632.251070893,3.7914141399973,3.8335558267715
136.97500000001,6.2083601247609,-6.4368938850462,-1.9960957257352,3.5916614973475,5,5,9.0008910949472,13.491068745079,2632.6391632318,3.7898240261969,3.8319282671126
137.00000000001,6.2093287986614,-6.4382922919512,-1.996488405659,1.8096396381231,5,5,9.0025922330949,13.49281461693,2633.0659669662,3.7881647450259,3.8302291691061
137.02500000001,6.2103998466612,-6.4397606465474,-1.9969376668418,5.2411071666399,5,5,9.0044097063514,13.494686793377,2633.4547252817,3.7863827807652,3.8284003797751
137.05000000001,6.2113450899184,-6.4411316677519,-1.9973227779478,5.0166806099917,5,5,9.0060749943021,13.496396031372,2633.8666281091,3.784759351571,3.826737870592
137.07500000001,6.2122792231899,-6.4424578916842,-1.9976839238015,0.9159894545709,5,5,9.0076971764396,13.498057928244,2634.2098472671,3.7831744296645,3.825116990848
137.10000000001,6.2133941329117,-6.4439174901812,-1.9981201549507,5.8197715748819,5,5,9.0095338722392,13.499945717713,2634.5916648603,3.7813661625783,3.8232641317137
137.12500000001,6.2145289655459,-6.445345982277,-1.9985644148697,7.3048383237137,5,5,9.0113582720789,13.501823429525,2634.9719468841,3.779564265104,3.8214163944972
137.15000000001,6.2154648300809,-6.4465669593057,-1.9989195798543,4.9432102763373,5,5,9.0128966567294,13.503402280214,2635.3526031009,3.7780492857857,3.8198655890724
137.17500000001,6.2164472999046,-6.4478644928983,-1.999283122014,1.0262579171815,5,5,9.0145241825751,13.505069914251,2635.7507697382,3.7764482362158,3.8182284235927
137.20000000001,6.2175360011672,-6.4493166701647,-1.9997033889508,3.9238636943881,5,5,9.0163391451786,13.506932899369,2636.164555535,3.7746644028178,3.8164021108388
137.22500000001,6.2184756038975,-6.4507085066285,-2.000069086557,3.8134849210077,5,5,9.0180184492108,13.5086515607,2636.5551224464,3.773031285888,3.8147329196311
137.25000000001,6.2194229809884,-6.4520412154662,-2.0004094744457,0.13163376770496,5,5,9.0196535749548,13.510321740365,2636.9171465713,3.7714324236738,3.8131013440538
137.27500000001,6.2205568878188,-6.4534671937779,-2.0008139333691,5.0832071089001,5,5,9.0214754308342,13.512187952,2637.2718171613,3.769633052038,3.8112620077745
137.30000000001,6.221764058402,-6.4550066100733,-2.0012775997944,5.2742903265311,5,5,9.0234317189897,13.514198436992,2637.6020932576,3.7677030538456,3.8092847510664
137.32500000001,6.2227838546865,-6.4562605943693,-2.0015972856511,5.6957896952718,5,5,9.0250480299365,13.515846059559,2638.0001196269,3.7661040455022,3.8076560918172
137.35000000001,6.2237827520637,-6.4576016301462,-2.0019531398034,0.74159057853588,5,5,9.0267202060412,13.517555680892,2638.3863833695,3.7644616718429,3.8059792142173
137.37500000001,6.2248256235138,-6.4590779202752,-2.0023922561467,3.285964699733,5,5,9.0285276941895,13.519415744485,2638.7982931202,3.7626955544049,3.8041676835505
137.40000000001,6.2257962261292,-6.4605396781086,-2.0027506929697,3.8392985361362,5,5,9.0302823466909,13.521206633191,2639.2302205845,3.7609925957677,3.8024305091849
137.42500000001,6.2267031321721,-6.4618314996137,-2.0030730697286,0.99689245277772,5,5,9.0318607260406,13.522817598164,2639.5895252258,3.7594514032578,3.8008586497193
137.45000000001,6.2278094591873,-6.46324685943,-2.0034673598837,4.7189697831629,5,5,9.0336571677664,13.524656801144,2639.9698315355,3.7576797216851,3.7990482293884
137.47500000001,6.2289821196723,-6.4647336271683,-2.0039282398264,5.5987508676922,5,5,9.0355507387106,13.526605652406,2640.3195751333,3.7558109210005,3.7971319538029
137.50000000001,6.2300501437847,-6.4660479024244,-2.0042882933505,5.2943742478688,5,5,9.037244254271,13.528337019928,2640.7368806836,3.7541357778795,3.7954220683977
137.52500000001,6.2310327432032,-6.4674063003602,-2.0046261418525,0.31859617097925,5,5,9.0389207824006,13.530047250374,2641.1055215831,3.7524939062799,3.7937483615967
137.55000000001,6.232088725588,-6.4688696213928,-2.0050536200426,3.2245074192481,5,5,9.0407253342124,13.531901743524,2641.5298800793,3.7507271050458,3.7919379062345
137.57500000001,6.2331387327143,-6.4703387706639,-2.0054615264952,3.9623631719191,5,5,9.0425311344633,13.533753040967,2641.9184633734,3.7489608170281,3.79013084238
137.60000000001,6.2340597908119,-6.471692987205,-2.0057703067644,1.4895270108387,5,5,9.0441688922169,13.535419653013,2642.3197695943,3.7473672880773,3.7885092352355
137.62500000001,6.2351407372547,-6.4730979634327,-2.0061516951927,4.3048192252213,5,5,9.0459415747639,13.537232898872,2642.6894702269,3.7456215298928,3.7867263830853
137.65000000001,6.2362950691038,-6.4746136043422,-2.0066194422932,5.7303377817606,5,5,9.0478467386372,13.539194642162,2643.0267747733,3.7437469722771,3.7848034464028
137.67500000001,6.2374071278369,-6.4760711492855,-2.0070046783211,5.8694966822422,5,5,9.0496800721823,13.541068013104,2643.4419096364,3.7419428403966,3.7829622982667
137.70000000001,6.2383729018225,-6.477351874644,-2.007309161904,1.2849186317914,5,5,9.0512841223172,13.542700706304,2643.7905368701,3.740365997299,3.7813578363698
137.72500000001,6.2393996257365,-6.4788137800225,-2.0077080080716,3.3943831676769,5,5,9.0530705515297,13.54453111817,2644.2436086853,3.7386219897428,3.7795741686494
137.75000000001,6.2403992320436,-6.4802890840336,-2.0081024001859,4.1137863956427,5,5,9.0548526106461,13.546356297567,2644.6297203793,3.7368890134102,3.7778020714959
137.77500000001,6.2412834791135,-6.4816164276869,-2.008414901636,1.987786126289,5,5,9.056447519438,13.547981533307,2645.0222491721,3.7353410366269,3.7762249930706
137.80000000001,6.2423108159031,-6.4829958022591,-2.0087600396759,3.8108657556987,5,5,9.0581674307991,13.549735732657,2645.3763780338,3.7336523361891,3.7745039271261
137.82500000001,6.2434319184151,-6.4844975650448,-2.0091850495718,6.2644016643979,5,5,9.0600415071868,13.551657397486,2645.7023605755,3.7318119042468,3.7726210566391
137.85000000001,6.2444716243151,-6.4858763355697,-2.0095596490258,5.643896165557,5,5,9.0617683530162,13.553424406618,2646.0525080936,3.730114532994,3.770887098891
137.87500000001,6.2454111667595,-6.4870795394819,-2.0098545716836,1.4513602766655,5,5,9.0632949307769,13.554979211761,2646.3862499013,3.7286095104078,3.7693550977644
137.90000000001,6.2463981764393,-6.4885389768557,-2.0102351894483,2.879132401953,5,5,9.0650567893285,13.55678171431,2646.8281813326,3.7268967618502,3.7676050527628
137.92500000001,6.2473585428451,-6.4900404892538,-2.0106291676619,4.2459328151268,5,5,9.0668391594121,13.558607107952,2647.2151381704,3.7251753968415,3.7658445302981
137.95000000001,6.2482751892762,-6.4913713833183,-2.0109520204719,2.6405665474052,5,5,9.0684551791183,13.560255062328,2647.6189019329,3.7236013441811,3.764240157578
137.97500000001,6.2493034727037,-6.4927569145916,-2.0113000135726,3.2624676093023,5,5,9.0701805960872,13.56201522224,2647.9420405869,3.7219080153341,3.7625141144628
138.00000000001,6.2504100097457,-6.4942355163726,-2.0117134089466,5.8750596302874,5,5,9.0720274007471,13.563907729357,2648.2767515402,3.7200941872371,3.7606592937768
138.02500000001,6.251498000361,-6.4956735467143,-2.0121275503081,6.1076398271895,5,5,9.0738306352972,13.565757909864,2648.6269774021,3.7183214259456,3.7588449933666
138.05000000001,6.2524526252087,-6.496939523434,-2.012421361756,2.8318226377417,5,5,9.0754161969184,13.567370463994,2648.9572498555,3.7167631517316,3.7572604926387
138.07500000001,6.2534249393467,-6.4983423298489,-2.0127815073487,2.7683218267056,5,5,9.0771230245667,13.569114873771,2649.3822184757,3.71509968405,3.7555622214073
138.10000000001,6.2544708271278,-6.4998456249044,-2.0131890277354,4.4374099237312,5,5,9.0789543566704,13.570991000136,2649.7459587645,3.7133141987182,3.7537363160037
138.12500000001,6.255343946395,-6.5011512600342,-2.0135150908779,3.2921901194421,5,5,9.080525031795,13.572595162697,2650.1576101916,3.7117895788715,3.7521803929739
138.15000000001,6.2563128214695,-6.5024865481166,-2.0138415384775,2.5983141875518,5,5,9.0821747933453,13.574276912145,2650.4795088346,3.7101742244767,3.7505346581768
138.17500000001,6.2573927561588,-6.5039632853753,-2.0142534434841,5.957801380789,5,5,9.0840042773886,13.576152192817,2650.8243618302,3.7083815573272,3.7487010192469
138.20000000001,6.2584818578589,-6.5054174452344,-2.0146692833056,5.7820813400793,5,5,9.0858210667019,13.578015964844,2651.1787810933,3.7065973407196,3.7468751702462
138.22500000001,6.2594314318554,-6.5067269224747,-2.0149783045486,3.8928663605402,5,5,9.087438602302,13.57966275431,2651.5516401468,3.7050137268052,3.7452633915904
138.25000000001,6.2604176724547,-6.5081260592583,-2.0153278300199,2.419161081696,5,5,9.0891504008471,13.581409872598,2651.9671745727,3.7033426881597,3.7435592076186
138.27500000001,6.2614459305277,-6.5097302085965,-2.0157674098422,3.2224600077957,5,5,9.0910558167503,13.583365336785,2652.3443089789,3.7015026712674,3.7416747010885
138.30000000001,6.2623815665668,-6.511139980772,-2.0160927535988,4.4320453933689,5,5,9.0927478192279,13.585088334447,2652.7564172565,3.6998620085599,3.7400041076678
138.32500000001,6.2633481669894,-6.5124817800481,-2.0164025507675,1.5758615563033,5,5,9.0944015246655,13.586770807615,2653.0738856031,3.6982441982261,3.7383583945722
138.35000000001,6.2644809867685,-6.5139761406036,-2.016818798049,5.0889782146812,5,5,9.0962767297535,13.588691655324,2653.4254814302,3.696400803652,3.736473968678
138.37500000001,6.2656765662062,-6.5154740675336,-2.0172756719471,6.0134601873644,5,5,9.0981932879392,13.590661916484,2653.7830192953,3.694508593804,3.7345353238049
138.40000000001,6.2666122825381,-6.5168494906836,-2.0175620246825,5.300252733566,5,5,9.0998568245019,13.59234991879,2654.2189483973,3.692891125648,3.732893379447
138.42500000001,6.2675773190681,-6.5182743571981,-2.0179137762326,1.9245715142968,5,5,9.1015777370762,13.59410641224,2654.6588977496,3.6912187517691,3.7311875709298
138.45000000001,6.2685842415871,-6.5198561108174,-2.0183322753539,3.3912447795599,5,5,9.1034527937343,13.596027604314,2655.0542335684,3.6894099469097,3.7293370537095
138.47500000001,6.2695032334508,-6.5213095239917,-2.0186720611536,4.5488793735452,5,5,9.1051723738869,13.597780433539,2655.4430742972,3.68775257684,3.7276478414363
138.50000000001,6.2704705287542,-6.5226817979033,-2.0190023028045,0.9095242084041,5,5,9.1068513008931,13.599491531268,2655.7637651664,3.6861140254798,3.7259786413005
138.52500000001,6.2715239888734,-6.5241270561228,-2.0193718420434,5.4291482878541,5,5,9.1086397498144,13.601317759292,2656.1039273406,3.6843626555371,3.724192099194
138.55000000001,6.2726571290402,-6.5257044964324,-2.0198019615186,5.9320762122121,5,5,9.1105819971127,13.603307062519,2656.4534015464,3.6824634926568,3.7222505131089
138.57500000001,6.2736487473957,-6.5269764713766,-2.0200742755099,4.6768552170574,5,5,9.1121948291628,13.604942722059,2656.8044125284,3.6808744240603,3.7206387211845
138.60000000001,6.2745832148904,-6.5283721719874,-2.0203825987367,1.3042980712323,5,5,9.1138744748675,13.606650431902,2657.1770230033,3.6792445926798,3.7189813523973
138.62500000001,6.2755997074864,-6.5298790290292,-2.0207716605091,3.8052677361276,5,5,9.1156921314199,13.608509260674,2657.5795417978,3.6774793765673,3.7171782771456
138.65000000001,6.27650135713,-6.5313960251884,-2.0211145616863,3.8048854594605,5,5,9.1174568550319,13.610306989976,2657.971931252,3.675792491718,3.715459428268
138.67500000001,6.2773948217235,-6.532748258922,-2.0214023737694,0.33163020349686,5,5,9.1190776002463,13.611953091688,2658.3209364768,3.6742223817606,3.7138641375189
138.70000000001,6.2784205948192,-6.5342052183044,-2.0217601784054,4.8338316661171,5,5,9.1208594366826,13.613770497874,2658.6457322347,3.6724839501544,3.7120921243208
138.72500000001,6.2795577743852,-6.5357141786177,-2.0221532360692,5.9094646512427,5,5,9.1227489177205,13.615700428681,2658.9533151569,3.6706280814561,3.7101987942534
138.75000000001,6.280496440301,-6.5370015112762,-2.0224762189095,4.9982878204561,5,5,9.1243421280252,13.617326047637,2659.3239938198,3.6690681605377,3.7086084657544
138.77500000001,6.2814280230373,-6.5383828210609,-2.022775630159,0.55726310250377,5,5,9.1260082201943,13.619018829434,2659.733397048,3.6674504399617,3.706964388362
138.80000000001,6.282437350886,-6.53989216885,-2.023149970635,3.7764237240876,5,5,9.1278239496495,13.620872745356,2660.1169726916,3.6656891975105,3.7051674100121
138.82500000001,6.2834072843985,-6.5414346657722,-2.0235182459678,4.2812409577432,5,5,9.1296460549631,13.622731695192,2660.4828677637,3.6639349728298,3.7033782610335
138.85000000001,6.2842978056621,-6.5427979331282,-2.0238002080867,1.2871061684533,5,5,9.1312744056639,13.624384277608,2660.8560917766,3.6623599503286,3.7017789713368
138.87500000001,6.2852929438388,-6.5442553298594,-2.0241452767213,4.4180229772564,5,5,9.1330391450847,13.626182437108,2661.1988657656,3.6606442446235,3.7000313130274
138.90000000001,6.2864404491553,-6.5457730909404,-2.024556342303,6.2935661312438,5,5,9.1349418713262,13.628129060354,2661.527317639,3.6587750897169,3.6981222385385
138.92500000001,6.2874311759737,-6.5471580420384,-2.0248779259455,4.8598604072293,5,5,9.1366447010807,13.629861990015,2661.8969654898,3.6571113321604,3.6964293976727
138.95000000001,6.2883715176749,-6.5484641075539,-2.0251670732832,0.30278158638156,5,5,9.1382540641986,13.631497121762,2662.1964024587,3.6555378890265,3.6948306301862
138.97500000001,6.2893448362623,-6.5499722992942,-2.0255332232147,3.5130599482751,5,5,9.1400490548387,13.633329076229,2662.617495328,3.6538044762855,3.6930623962863
139.00000000001,6.2903388891238,-6.5514449469784,-2.0258953915578,4.5212380523318,5,5,9.1418258025117,13.635142360047,2662.9717119325,3.6520795697072,3.6913031603425
139.02500000001,6.2912347045959,-6.5528103527,-2.0261892090396,1.7685730434638,5,5,9.1434588420534,13.636801620984,2663.3556647923,3.6504994994436,3.6896971614631
139.05000000001,6.2922300328438,-6.5542155038307,-2.0265163860156,4.1166419507836,5,5,9.1451807967628,13.63855438246,2663.6961563764,3.6488189865674,3.6879869387109
139.07500000001,6.2933714389929,-6.5557347428802,-2.0269209028756,5.7138340444906,5,5,9.1470810323499,13.640497197217,2664.0085354898,3.6469536348057,3.6860826015255
139.10000000001,6.2943924919548,-6.557129799115,-2.0272735405721,5.9392097951481,5,5,9.1488098270309,13.642261590708,2664.3676539299,3.6452608693978,3.6843565614233
139.12500000001,6.2953176109075,-6.5584056700165,-2.0275541307585,0.53958527683435,5,5,9.1503858002648,13.643862347557,2664.6669517691,3.6437192122987,3.6827904959764
139.15000000001,6.2963176384623,-6.5599015308359,-2.0279225816217,3.3615731958806,5,5,9.1521851486751,13.645699032271,2665.0710450406,3.6419745813647,3.6810108479022
139.17500000001,6.2973078273026,-6.561456194021,-2.02831901684,4.5995480562948,5,5,9.1540283663938,13.647584400256,2665.3969265126,3.6401979168774,3.6791954454259
139.20000000001,6.2982164168411,-6.5628435852213,-2.0286061606301,2.6033846958779,5,5,9.1556867961609,13.649267504783,2665.7581671018,3.6385939482613,3.677566781593
139.22500000001,6.2991842209522,-6.5642058444997,-2.028905338413,3.3236044627414,5,5,9.157357842282,13.650965121491,2666.069783683,3.6369628868498,3.6759095655946
139.25000000001,6.3002585883778,-6.5657968552055,-2.0293151279338,6.048800804423,5,5,9.1592776288407,13.652928156865,2666.3855998086,3.6350995364302,3.6740064657773
139.27500000001,6.3013142205612,-6.5671565026002,-2.0296753813718,6.1208620728872,5,5,9.1609989656307,13.654686787834,2666.7584383767,3.6334050722409,3.6722776578372
139.30000000001,6.3022635323997,-6.568458730267,-2.0299643727731,1.1581532265306,5,5,9.1626104835061,13.656324012893,2667.062862033,3.6318280514137,3.6706753934723
139.32500000001,6.3032268604248,-6.5699168338716,-2.0303125636653,3.2952330860136,5,5,9.1643580724183,13.658105951136,2667.4162963504,3.6301363005588,3.668951025158
139.35000000001,6.3041953033085,-6.5714355044444,-2.0306768675866,4.6745567399105,5,5,9.166159250346,13.659943601613,2667.7691504506,3.6284002634464,3.6671805044591
139.37500000001,6.3050802142934,-6.572838740022,-2.0309921230483,3.0514854703829,5,5,9.1678182071079,13.661632247089,2668.120782994,3.6268036110783,3.6655550112433
139.40000000001,6.3060336793788,-6.5741864364549,-2.0312851960747,2.8218445002818,5,5,9.1694690800116,13.663308932254,2668.4277716028,3.6251932337078,3.6639191564092
139.42500000001,6.3071456560752,-6.5756980459273,-2.0316806830545,5.8656866684027,5,5,9.171345634133,13.665226708394,2668.7702290422,3.6233554175812,3.6620434184477
139.45000000001,6.3082325059543,-6.57715383752,-2.0320691825644,6.0541128024599,5,5,9.1731623817272,13.667084530692,2669.1163385742,3.6215736592046,3.6602241633125
139.47500000001,6.3091790264447,-6.5784890317059,-2.0323614410136,2.3860750005911,5,5,9.1747990382436,13.668747076797,2669.4583890415,3.6199769172321,3.6586019227205
139.50000000001,6.3100954339088,-6.579937123988,-2.0326860662082,3.0961186853164,5,5,9.1765127400548,13.670491254373,2669.826959975,3.6183270856198,3.6569224636089
139.52500000001,6.3111211438052,-6.5814817983697,-2.0330745874387,5.0220302866313,5,5,9.1783669514066,13.672385732793,2670.1445578653,3.6165314591343,3.6550894926906
139.55000000001,6.312008067996,-6.5828561886719,-2.0333869748514,3.2599321612749,5,5,9.1800026724167,13.674051016288,2670.5187625329,3.6149529500618,3.6534823812007
139.57500000001,6.3129586837119,-6.5842144123971,-2.0336832922742,2.0658511379266,5,5,9.1816605149687,13.675735132062,2670.8157023555,3.6133379361346,3.6518414788918
139.60000000001,6.3140515526638,-6.5857542304104,-2.0340717490742,5.5043607787494,5,5,9.1835487421954,13.677662902989,2671.154962773,3.6114957701386,3.6499624772479
139.62500000001,6.3151144312564,-6.5872372036361,-2.034469947223,6.6629707317887,5,5,9.1853732751469,13.679530383178,2671.4935486455,3.6097139538702,3.6481417831996
139.65000000001,6.3160541656515,-6.5884885181112,-2.0347474781421,3.5829537102615,5,5,9.1869381676828,13.681119694998,2671.855446286,3.6081786082452,3.6465824345615
139.67500000001,6.3170082262949,-6.5899143628764,-2.0350697392667,2.7875757837646,5,5,9.1886537623336,13.68286529439,2672.2114489679,3.6065159969198,3.6448906871205
139.70000000001,6.3180404964748,-6.5914573718717,-2.035459245547,4.4821034442643,5,5,9.1905102263068,13.684762179633,2672.5573288672,3.604716961158,3.6430542223742
139.72500000001,6.3189445597597,-6.5928322538126,-2.0357817718866,4.5737498054369,5,5,9.1921557143118,13.686438978373,2672.9223081129,3.6031257030427,3.641433043502
139.75000000001,6.3198587954308,-6.5941700360919,-2.0360669716173,1.2728343084916,5,5,9.1937760501686,13.688084222177,2673.2196393221,3.6015517060939,3.6398343456975
139.77500000001,6.3209312533348,-6.5956941260411,-2.0364437137832,5.6209585219566,5,5,9.1956396531653,13.68998552457,2673.5218818498,3.5997355576363,3.6379828033601
139.80000000001,6.3219722418713,-6.5971405404669,-2.0368305864004,6.9596701636752,5,5,9.1974217226994,13.691809104085,2673.8659058876,3.597994754801,3.6362043534342
139.82500000001,6.3230044318622,-6.5984684711462,-2.0371480192147,3.740944265232,5,5,9.1991036311589,13.693520705574,2674.2034792407,3.5963396608091,3.6345207550304
139.85000000001,6.3239362952336,-6.5998712913564,-2.0374604350217,2.0327924863849,5,5,9.2007877552295,13.695233562112,2674.5415575717,3.5947092747569,3.6328623318167
139.87500000001,6.3249811773231,-6.6014002485856,-2.0378555771785,4.2207506474729,5,5,9.2026396431283,13.697127137068,2674.8827807128,3.592910584632,3.6310254172752
139.90000000001,6.3258739834756,-6.6027955822956,-2.0381764481733,5.0441672947142,5,5,9.2042961632725,13.698814447705,2675.2324474687,3.5913143795154,3.6293995987548
139.92500000001,6.3267405296654,-6.6041145873882,-2.0384563694858,0.31685169250965,5,5,9.205874351073,13.70041726793,2675.5794992855,3.5897887272233,3.6278495109516
139.95000000001,6.3278026012639,-6.6055869552282,-2.038811111634,4.8638920166485,5,5,9.2076898022942,13.702267053087,2675.9018484855,3.5880151569894,3.6260432982607
139.97500000001,6.3289063194182,-6.6070961474406,-2.0392116250748,6.7055037339857,5,5,9.2095595228343,13.704179189566,2676.2488945349,3.5861860378454,3.6241755113372
140.00000000001,6.3298748689689,-6.6084045134095,-2.0395263278453,4.7478515175527,5,5,9.2111873771707,13.705837184613,2676.6132234627,3.5845916345999,3.6225523753055
140.02500000001,6.3308058385264,-6.6098166703772,-2.039836009318,1.3455418988562,5,5,9.2128787942152,13.707556717757,2676.9373421625,3.5829560171528,3.6208891835676
140.05000000001,6.3318201955371,-6.6113242503344,-2.0402175744921,4.4184938529338,5,5,9.2146958570849,13.709413410907,2677.3025326009,3.5811946758008,3.6190912099768
140.07500000001,6.3327633836241,-6.6127703180735,-2.0405819682061,5.1755517658188,5,5,9.2164223320119,13.711177921732,2677.6340511988,3.5795274439522,3.6173888429934
140.10000000001,6.3336570216456,-6.6141135115009,-2.0408518554908,0.67402194298653,5,5,9.2180356383985,13.712813646845,2677.9565977141,3.5779657927686,3.6158045914374
140.12500000001,6.3346924099214,-6.6155595399609,-2.0411949331224,5.1422113844881,5,5,9.2198141285415,13.714624925247,2678.3061818388,3.5762299782315,3.6140374396804
140.15000000001,6.3358073840594,-6.6170983817557,-2.0416055103114,5.9181092630188,5,5,9.2217144446725,13.716569089598,2678.6367267148,3.5743730103423,3.612140667743
140.17500000001,6.3367805272491,-6.6184152892128,-2.0419196173777,5.9830075546927,5,5,9.2233518978529,13.718236397659,2678.9859179258,3.5727697511448,3.610508869161
140.20000000001,6.3376830028104,-6.619739102598,-2.0422086396575,0.79152715649294,5,5,9.2249540663889,13.719864426496,2679.2880743741,3.5712146019563,3.6089282965425
140.22500000001,6.338684654828,-6.6213123942294,-2.0425964543546,4.1848026482695,5,5,9.2268191544087,13.721769407746,2679.6061399276,3.5694192934278,3.607095831999
140.25000000001,6.3396804346424,-6.6228491781477,-2.0429665214098,5.1007379451765,5,5,9.2286503513535,13.723637623974,2679.9707409996,3.5676527605216,3.6052944048421
140.27500000001,6.3405274929379,-6.6241708464023,-2.0432359577063,1.7404136429678,5,5,9.2302201649511,13.725230392209,2680.3165989556,3.5661405164272,3.6037591171198
140.30000000001,6.3415738725752,-6.6255954510566,-2.0435646811453,4.6921604044432,5,5,9.23198776467,13.727028298732,2680.6488470338,3.5644110925955,3.6020003738413
140.32500000001,6.3426517155322,-6.6271954977587,-2.0439836559464,6.9511697674346,5,5,9.2339169859867,13.729002490914,2680.9894075757,3.5625413837345,3.6000898087558
140.35000000001,6.34372283235,-6.6285361175826,-2.0443139508787,6.1993424759171,5,5,9.2356329559019,13.730749959795,2681.3162055571,3.5608495246203,3.598368016858
140.37500000001,6.3446066104913,-6.6298396637327,-2.0445693976518,0.56662739489509,5,5,9.2372078515709,13.732345437599,2681.6178664476,3.5593221366802,3.596819762685
140.40000000001,6.3456152850083,-6.6313541625216,-2.044923823776,5.4139411483919,5,5,9.2390275028734,13.73419928461,2681.9144223682,3.557561147554,3.5950260891281
140.42500000001,6.3466426800281,-6.6328567964293,-2.0452776918889,5.9644709229119,5,5,9.2408477910889,13.736053650224,2682.2877637158,3.5557941466935,3.593226549425
140.45000000001,6.3475509828359,-6.6342340604318,-2.0455668431195,3.2706767173803,5,5,9.2424976002061,13.737728606509,2682.6322391295,3.5541995258392,3.591606912769
140.47500000001,6.3485400546564,-6.6356488049151,-2.0458739986786,3.8068079923549,5,5,9.2442237997946,13.739481920388,2682.9485722517,3.5525197276667,3.5899003951731
140.50000000001,6.3497450986942,-6.6371794259532,-2.0462660592314,6.3692308878459,5,5,9.2461718582884,13.741469039753,2683.2938522287,3.5506016542319,3.5879458649669
140.52500000001,6.3507559756189,-6.6385506401155,-2.0465947728859,7.4161743669647,5,5,9.2478754135225,13.743204019033,2683.6620687498,3.5489346260559,3.5862488856688
140.55000000001,6.3516933391908,-6.6398226843651,-2.0468610340216,1.1618714009813,5,5,9.2494555233411,13.744806405388,2683.9639884511,3.5473884945018,3.5846805319882
140.57500000001,6.3527012362254,-6.6413596714262,-2.0472089340372,4.6643519902438,5,5,9.2512935074702,13.746677025628,2684.2745704919,3.5456134792525,3.5828739318124
140.60000000001,6.3537131236953,-6.6429138619921,-2.0475901327654,6.1971588375149,5,5,9.2531480760363,13.748570365807,2684.6314039697,3.5438241059188,3.5810483361656
140.62500000001,6.3546173299275,-6.6442490925177,-2.0478788627171,3.7029986607523,5,5,9.2547606607525,13.750208594867,2684.9929110956,3.5422608330307,3.5794597912235
140.65000000001,6.3555894678749,-6.6456271656858,-2.0481672893435,3.4924137876124,5,5,9.2564471179401,13.751919538397,2685.2960995564,3.5406183789517,3.5777929324422
140.67500000001,6.3566790698319,-6.6471838690585,-2.0485426309766,7.4409427317694,5,5,9.2583472647279,13.753856401624,2685.6240876066,3.538769459273,3.5759092585505
140.70000000001,6.3576804776553,-6.6485425223087,-2.0488594217572,7.491581177301,5,5,9.2600350906321,13.7555736997,2686.0263781715,3.5371181387613,3.574229550654
140.72500000001,6.3585987748442,-6.6497953684478,-2.0491297502806,2.7178178807011,5,5,9.2615884396513,13.757150395829,2686.3349388398,3.5355992762789,3.5726876046357
140.75000000001,6.3595928191999,-6.6513272280627,-2.049473683992,4.1446404707962,5,5,9.2634145606935,13.759008623065,2686.6902233084,3.5338384046332,3.5708955849088
140.77500000001,6.3606052688975,-6.6529540055333,-2.0498661889431,5.9665169800268,5,5,9.2653306659435,13.760964516586,2687.0115849554,3.5320007710523,3.5690206237788
140.80000000001,6.3615050248624,-6.6542966407569,-2.0501604491995,5.0265128428349,5,5,9.2669469054493,13.762607324925,2687.3855870066,3.5304362313162,3.5674300402008
140.82500000001,6.3624345307466,-6.6556104279212,-2.0504384364057,2.4944257227502,5,5,9.268556258705,13.764240510398,2687.6629862809,3.5288686671892,3.5658388020111
140.85000000001,6.36355792718,-6.6571861542028,-2.0508151668793,7.6507932294801,5,5,9.2704914416062,13.766212022181,2688.0352962096,3.5269822113805,3.5639177981367
140.87500000001,6.3646256295076,-6.6586505846633,-2.0511822849116,8.2542288529505,5,5,9.2723037729319,13.768061162652,2688.4427164437,3.5252113634995,3.5621125875009
140.90000000001,6.3655545564652,-6.6598861072955,-2.0514557587997,3.7938506472246,5,5,9.2738495482931,13.769630942712,2688.7454471416,3.5236963299623,3.5605739873865
140.92500000001,6.366517064162,-6.6613586177336,-2.0517788358222,3.1278505207965,5,5,9.2756087265265,13.771419541834,2689.0649878747,3.5219988484096,3.5588477094921
140.95000000001,6.3675325666758,-6.6629275607567,-2.0521497291025,6.6587868869851,5,5,9.277477637323,13.773324899908,2689.4120207489,3.5201977748108,3.5570120515212
140.97500000001,6.3684515263061,-6.6642894262536,-2.0524685119896,5.3174205848712,5,5,9.2791205507211,13.774998455095,2689.7496661299,3.5186064363198,3.555391438546
141.00000000001,6.3693809104295,-6.6656438452586,-2.0527399175596,1.6135292331655,5,5,9.2807631723117,13.776663347486,2690.0774288176,3.5170122905091,3.5537748461143
141.02500000001,6.3704643497274,-6.6671490245139,-2.05309227907,7.1507625476349,5,5,9.2826177356843,13.778551087917,2690.4328349168,3.5152028973988,3.5519336200163
141.05000000001,6.3715258767998,-6.668613328084,-2.0534646435536,7.8616004013305,5,5,9.2844263331162,13.780397619796,2690.8409930853,3.5134370679323,3.5501326408214
141.07500000001,6.3724739554211,-6.669913195803,-2.0537580540113,5.0598754841701,5,5,9.2860352175618,13.782033039881,2691.1432501082,3.5118652636502,3.5485350064205
141.10000000001,6.3734006723989,-6.6712932520149,-2.0540505606104,2.3680979905025,5,5,9.287697553119,13.78372091417,2691.464027964,3.5102562792289,3.5469007067777
141.12500000001,6.3744685340317,-6.6728789824153,-2.0544491097724,6.1709982277777,5,5,9.289609324384,13.78567378662,2691.7791170413,3.5084052943288,3.5450117059679
141.15000000001,6.3753805475356,-6.674256798372,-2.0547727347253,5.4804040768177,5,5,9.2912616395602,13.787357496379,2692.0826571634,3.5068089069942,3.5433854167052
141.17500000001,6.3762396299254,-6.6755513134869,-2.0550324584012,0.25204535870507,5,5,9.2928152778499,13.788932694246,2692.4242452504,3.5053074295712,3.5418622169123
141.20000000001,6.3773200563437,-6.6770474453921,-2.0553743635491,6.4516936520513,5,5,9.2946607403728,13.790809561597,2692.7663894367,3.5035066230587,3.5400310018494
141.22500000001,6.3783539037617,-6.6784800462955,-2.0557405942539,8.3062234710225,5,5,9.2964274281868,13.792613809574,2693.1552782829,3.5017828529721,3.5382725458634
141.25000000001,6.3793201656059,-6.6797636740145,-2.0560317040068,5.2478024506998,5,5,9.2980340899659,13.794246631353,2693.4832772784,3.5002084799084,3.5366727093892
141.27500000001,6.3802458230049,-6.6811270911269,-2.0563031660048,1.3169517942016,5,5,9.2996820425874,13.79591679286,2693.7961570278,3.4986116554126,3.5350534678582
141.30000000001,6.381329177179,-6.6826449771001,-2.0566641960955,4.2190822751609,5,5,9.3015468841609,13.797816260369,2694.0931539608,3.4967944149539,3.5332032564441
141.32500000001,6.3823069843295,-6.6841256583942,-2.0569854646435,4.2736805247597,5,5,9.3033212922082,13.79961951781,2694.3900079605,3.4950809275893,3.5314614245037
141.35000000002,6.3831932318098,-6.6854014396023,-2.0572267785194,0.70521308722619,5,5,9.3048746924422,13.801191549831,2694.7148559361,3.4935718337887,3.5299333283958
141.37500000002,6.3842298022266,-6.6868260293712,-2.0575262773152,5.6105952362333,5,5,9.3066364910228,13.802978623911,2695.0327565391,3.4918515927735,3.5281879305719
141.40000000002,6.3853212906965,-6.6883013020192,-2.0578918542118,7.1685340777599,5,5,9.3084716412799,13.804849832861,2695.3782959593,3.4900566790715,3.526359172
141.42500000002,6.3863409631308,-6.6896287821414,-2.0581789890647,5.3847201845377,5,5,9.3101455395289,13.806548179637,2695.7297293271,3.4884134968947,3.5246918114371
141.45000000002,6.3872871753035,-6.690988274333,-2.0584461463755,0.87463651814077,5,5,9.3118019019575,13.808225948847,2695.996497151,3.4868041891683,3.523060836078
141.47500000002,6.3883631069207,-6.6925308531168,-2.0587959450944,3.8478836530385,5,5,9.3136826406819,13.81013894056,2696.3065690669,3.4849764884588,3.5212018907699
141.50000000002,6.3893225129199,-6.6940468105401,-2.0591224609418,5.4207211941047,5,5,9.3154766827049,13.811962453483,2696.6213947003,3.4832538026286,3.5194502129629
141.52500000002,6.390199674971,-6.6953813581373,-2.0593696350379,1.3334852632314,5,5,9.3170736894529,13.813578475013,2696.9358883492,3.4817129147795,3.5178898142371
141.55000000002,6.3912575538986,-6.6968016972564,-2.0596639322385,4.9213538711365,5,5,9.3188446979336,13.815373769385,2697.2448058655,3.4799798234835,3.5161324482915
141.57500000002,6.3924119332392,-6.6982873920785,-2.0600346419374,6.4146346673673,5,5,9.3207261550195,13.81729139981,2697.5677556138,3.4781311728252,3.5142497834895
141.60000000002,6.3933097900235,-6.6995372834319,-2.0603120703696,6.4649070111166,5,5,9.3222651076505,13.818855158658,2697.9007923682,3.4766309210365,3.5127252783154
141.62500000002,6.39419895795,-6.7007933370206,-2.0605496612485,0.13544874188205,5,5,9.3238040326712,13.820412316211,2698.1669723122,3.475133141311,3.5112089165988
141.65000000002,6.3952144110052,-6.7023228056726,-2.0608918454544,3.3012415817701,5,5,9.3256399028368,13.82227980364,2698.4450707862,3.4733598221271,3.5094048927567
141.67500000002,6.3962640627307,-6.7038418807327,-2.0612455945521,5.9108468591412,5,5,9.3274863474698,13.824159829226,2698.779903424,3.4715677927566,3.507580699917
141.70000000002,6.3971701427855,-6.7051488088126,-2.0614989986707,1.7833841415783,5,5,9.3290766436913,13.825770188105,2699.1039414483,3.4700238119213,3.5060163525283
141.72500000002,6.3981688377964,-6.7065075980123,-2.0617640612371,4.2413521566105,5,5,9.3307629710065,13.827477220026,2699.375695099,3.4683761033932,3.5043476763009
141.75000000002,6.3992846857033,-6.7080192982471,-2.0621129058806,7.218927864517,5,5,9.3326418946748,13.829388252924,2699.6941765383,3.4665394391561,3.5024800114425
141.77500000002,6.4003566009379,-6.7093749966883,-2.0624345070033,6.1984883577413,5,5,9.3343701656412,13.831146191437,2699.9995766921,3.464838915171,3.5007509844607
141.80000000002,6.4012704369685,-6.7106335163598,-2.0626743769926,1.0972254710383,5,5,9.3359254688446,13.832719883168,2700.282363036,3.4633212727365,3.499214640674
141.82500000002,6.4022559110201,-6.7121337882491,-2.0629948871738,3.3598311136102,5,5,9.3377204548746,13.834543259604,2700.5926496877,3.4615901193962,3.4974554563269
141.85000000002,6.4033165087828,-6.7136781263751,-2.0633593547622,5.6876968262907,5,5,9.339593913671,13.836451841403,2700.9191521988,3.4597735277581,3.4956054329663
141.87500000002,6.4042118532111,-6.715011528844,-2.0636299838166,2.6020262779953,5,5,9.3412000281717,13.838080596717,2701.2419993239,3.4582204117617,3.4940295877685
141.90000000002,6.405173380648,-6.7163541306725,-2.0638812486669,3.5527362581046,5,5,9.342851425968,13.839751000473,2701.5236053375,3.4566115837616,3.4924013671367
141.92500000002,6.4063139810283,-6.7178878752244,-2.0642388314676,6.9628872265101,5,5,9.3447627976164,13.841695533074,2701.8529877424,3.4547420909609,3.4904999722966
141.95000000002,6.4073487037201,-6.7192764123698,-2.0645703606145,7.0430136064239,5,5,9.3464944691941,13.843458654746,2702.1796003369,3.4530480487933,3.4887759525862
141.97500000002,6.4082927864887,-6.7205660137833,-2.0648345436456,2.0585578459588,5,5,9.3480927069986,13.845078579668,2702.4750801566,3.4514874442893,3.4871936187784
142.00000000002,6.4092742362612,-6.7220369872238,-2.0651420891716,3.0670767372428,5,5,9.3498610413896,13.846873458708,2702.8162613691,3.4497790466168,3.4854588164341
142.02500000002,6.4102882532267,-6.7236188124277,-2.0654936544642,5.3197081993861,5,5,9.3517399776265,13.848785002466,2703.1457323508,3.4479730629035,3.4836211462509
142.05000000002,6.4111689859771,-6.7249922167788,-2.0657736630269,3.9058024299398,5,5,9.3533715197465,13.850440398033,2703.4682497231,3.4464048562065,3.4820290321464
142.07500000002,6.4121058164472,-6.7263108173717,-2.0660183405148,2.9658630891675,5,5,9.354989036007,13.85207631549,2703.7377940536,3.4448307366934,3.4804361071461
142.10000000002,6.4132341729311,-6.7278681907989,-2.0663711021099,6.8986131515288,5,5,9.3569122105562,13.854031575342,2704.0788369392,3.4429551844999,3.4785294134632
142.12500000002,6.4143011532669,-6.7293330631965,-2.0667138235725,7.1896538180604,5,5,9.3587244738313,13.855875960383,2704.4293071265,3.4411868394334,3.4767302647901
142.15000000002,6.4152191843174,-6.7305592264401,-2.06694890508,3.0890937767736,5,5,9.3602562235855,13.857425644424,2704.7379216964,3.439687964019,3.4752131842294
142.17500000002,6.4161963386249,-6.7319793799842,-2.067243048954,2.6849727298384,5,5,9.3619800758499,13.859174411775,2705.0556444216,3.4380167092893,3.4735170634813
142.20000000002,6.4172201167936,-6.7335934711738,-2.0676005725961,5.4686562030223,5,5,9.363891465948,13.861118951633,2705.3974245064,3.4361825444819,3.4716506610136
142.22500000002,6.4181714836809,-6.7350471465545,-2.0679123502838,4.3324884040601,5,5,9.3656287831519,13.862884022848,2705.70753882,3.434508686262,3.4699494516823
142.25000000002,6.4190713802999,-6.736346150384,-2.0681443491544,1.9625620839117,5,5,9.3672090441664,13.864481223008,2705.9752171639,3.4329755738817,3.4683989245387
142.27500000002,6.4201841833902,-6.7378715231728,-2.0684792412485,6.4588002338522,5,5,9.3690971895163,13.866398837562,2706.299517422,3.4311331791848,3.4665276065514
142.30000000002,6.4212175463609,-6.7393171780437,-2.0688378729757,7.6926674444979,5,5,9.3708741974046,13.868211673393,2706.658023119,3.429403120761,3.4647640964785
142.32500000002,6.422155316322,-6.7405259860095,-2.0690779902007,4.092379799789,5,5,9.3724041089047,13.869760313273,2706.9542046581,3.4279011119146,3.4632431991923
142.35000000002,6.4230726179196,-6.7419378156827,-2.0693537031202,2.4445572380138,5,5,9.3740877671975,13.871466397345,2707.2405519251,3.4262807183241,3.4616000532878
142.37500000002,6.4241404643726,-6.7434909512696,-2.0697158882249,5.0431101988416,5,5,9.3759725818299,13.873385695198,2707.526608358,3.4244540344827,3.4597404025227
142.40000000002,6.4250470665941,-6.7449685882325,-2.0700250667015,4.7837940063949,5,5,9.3777061730684,13.875146640942,2707.8624584996,3.4227984570105,3.4580576663091
142.42500000002,6.4259144242494,-6.746245117128,-2.0702525315635,0.9701358222735,5,5,9.3792494926475,13.876706633117,2708.1713124857,3.4213049591284,3.4565469969251
142.45000000002,6.4270082528171,-6.7477333467066,-2.0705692990262,6.073900621311,5,5,9.3810964599494,13.878580567439,2708.4847808002,3.4195016608577,3.4547169665332
142.47500000002,6.4281104252985,-6.7492454832669,-2.0709388160176,8.1627479179437,5,5,9.3829676470473,13.880487891208,2708.844268381,3.417676385946,3.4528576731199
142.50000000002,6.4290915597861,-6.7505128103734,-2.0712194730767,4.5642959420461,5,5,9.3845703768679,13.882115008679,2709.1676665296,3.4161034563165,3.4512608084357
142.52500000002,6.429999173028,-6.751872631537,-2.07147799384,1.3004564459506,5,5,9.3862052699512,13.883770215125,2709.4534765935,3.4145249911912,3.4496616167997
142.55000000002,6.4310209547886,-6.7535165166128,-2.0718428019707,4.856891665049,5,5,9.3881408308799,13.88573985496,2709.7942124268,3.4126736403979,3.4477771890793
142.57500000002,6.4319822263738,-6.7550595421376,-2.072153957445,6.6104817737577,5,5,9.3899587887537,13.887584248779,2710.1620523231,3.4109343214151,3.4460112910946
142.60000000002,6.4327964905792,-6.7563842895907,-2.0723583947662,0.74146942367013,5,5,9.3915137749307,13.889152616284,2710.4718869712,3.4094494151956,3.444512404655
142.62500000002,6.4338189549855,-6.7578687741285,-2.0726334757066,6.4812046487978,5,5,9.3933163086488,13.890976018962,2710.7782637479,3.407702685068,3.4427443055671
142.65000000002,6.4348444913098,-6.759390516711,-2.0729814888797,8.4798763472007,5,5,9.3951513632093,13.892843781905,2711.1593781777,3.4059291889832,3.4409393350127
142.67500000002,6.4358802336338,-6.7607576402229,-2.0732688943864,7.5486409811611,5,5,9.3968665275917,13.894582859471,2711.5063884451,3.4042497737519,3.4392361133088
142.70000000002,6.4367672378228,-6.7621159541529,-2.0735008091878,0.78358227090341,5,5,9.3984888078275,13.896221632683,2711.7705662297,3.4026882307605,3.4376574599664
142.72500000002,6.4377527797632,-6.7637471915575,-2.0738245387275,5.6274244095831,5,5,9.4003946484259,13.898154772409,2712.0779574204,3.400873040982,3.4358146779375
142.75000000002,6.4387455981543,-6.7652756011643,-2.0741327928292,6.5144261800787,5,5,9.4022172082422,13.900003216316,2712.4772433328,3.3991200699189,3.4340356843304
142.77500000002,6.4395895535278,-6.7666430286742,-2.0743625816868,2.0459999903941,5,5,9.4038241054596,13.901626460471,2712.7661839837,3.397585174175,3.4324837099641
142.80000000002,6.440565508418,-6.7680788234652,-2.0746173215305,5.764492507371,5,5,9.4055601914683,13.903381136229,2713.0649575517,3.3959059255174,3.4307853014649
142.82500000002,6.4416400724202,-6.7696152039966,-2.0749500617048,7.9705829722543,5,5,9.4074350655793,13.905285307691,2713.4357438091,3.3940863066942,3.4289368565293
142.85000000002,6.4426122318615,-6.7710360232682,-2.0752482664954,8.7424593393145,5,5,9.409156640841,13.907032519034,2713.8688450836,3.3924198746901,3.4272449540118
142.87500000002,6.4435166161697,-6.7723822653624,-2.075475781694,0.68102769089426,5,5,9.4107784542561,13.90867021312,2714.1428351247,3.390853589212,3.4256622325645
142.90000000002,6.4444709025741,-6.7739592424334,-2.0757766138983,5.2135552012869,5,5,9.4126216903299,13.910537837076,2714.484519855,3.3890981723961,3.4238818766963
142.92500000002,6.445505357095,-6.7755626867219,-2.0761175301507,6.9641087918206,5,5,9.4145298647826,13.912476226519,2714.8543346713,3.3872650090205,3.4220188661686
142.95000000002,6.4463291658541,-6.776989636062,-2.0763553001174,2.8344757604436,5,5,9.416177543541,13.9141409727,2715.1931564416,3.3857066924563,3.4204425750317
142.97500000002,6.4472713996316,-6.7783865340366,-2.0765952065076,4.6802570070187,5,5,9.4178625148889,13.915842937306,2715.479196477,3.3840788553591,3.4187971657023
143.00000000002,6.4483609946768,-6.7799818726838,-2.0769448905195,7.9476441416517,5,5,9.4197944369271,13.917806251257,2715.8614433589,3.3822096474197,3.4168972325515
143.02500000002,6.4493552826773,-6.7813961368786,-2.0772392281498,8.6254097795535,5,5,9.4215232376214,13.919559929243,2716.2612713059,3.3805312563949,3.4151940468354
143.05000000002,6.4502385224704,-6.7826857817263,-2.0774598633319,2.7838366494543,5,5,9.4230863423413,13.921138528701,2716.5401968693,3.379018486906,3.4136652761634
143.07500000002,6.4511912024772,-6.7842598424947,-2.0777487001641,4.2785729130769,5,5,9.4249262517135,13.92300097151,2716.8498570552,3.3772667546274,3.4118902759578
143.10000000002,6.4521724482107,-6.7859286603716,-2.0780944159631,6.8141592570283,5,5,9.426862174309,13.924967520698,2717.2566802382,3.3754313991874,3.4100244197789
143.12500000002,6.453028857878,-6.7873785354874,-2.0783441408367,3.7412851877477,5,5,9.4285460909844,13.926669853768,2717.5724134041,3.3738339828782,3.4084077281684
143.15000000002,6.4539182486577,-6.7887278947688,-2.0785625085354,3.5317880961362,5,5,9.4301621932179,13.928300642191,2717.8483205506,3.3722776587778,3.4068361669793
143.17500000002,6.4549966901634,-6.7902968405976,-2.0788831566634,8.0802471619806,5,5,9.4320660385622,13.93023130071,2718.2059065231,3.3704346751943,3.4049663232749
143.20000000002,6.4559663696599,-6.7917833520502,-2.0792029856371,8.5407405530452,5,5,9.4338408609828,13.932034710036,2718.6211316787,3.3687279315172,3.4032314554201
143.22500000002,6.4568580729774,-6.7930977305574,-2.0794296393342,3.7958264787512,5,5,9.4354291700417,13.933639109477,2718.9525317931,3.3671929686092,3.4016798617683
143.25000000002,6.4577601033473,-6.7946341391822,-2.0797038758094,3.1511754016129,5,5,9.437210801387,13.935441723106,2719.327081075,3.3655047574165,3.3999698152824
143.27500000002,6.4587089590476,-6.796280932545,-2.0800399100511,5.1538758952767,5,5,9.4391113948521,13.937371794226,2719.673441577,3.3637089474403,3.398144484958
143.30000000002,6.4595915701316,-6.7977368542119,-2.0803045936118,4.4450628689864,5,5,9.4408139547558,13.939094805432,2720.0096915082,3.3620883322488,3.3965027070344
143.32500000002,6.4604690640347,-6.7990816029037,-2.080521006123,2.6948386141793,5,5,9.4424196772083,13.940715045836,2720.3147843123,3.360544474546,3.3949437631605
143.35000000002,6.4614874690858,-6.8006726249477,-2.080838348641,8.0568960482413,5,5,9.4443087245853,13.942630563068,2720.6598358956,3.3587329117187,3.3931054956939
143.37500000002,6.4624974682622,-6.8021781921712,-2.0811682194174,8.4758653467617,5,5,9.4461216865266,13.944473290864,2721.0634109654,3.3569837350728,3.3913272050757
143.40000000002,6.4633952462238,-6.8034749557696,-2.0814078262709,4.8383850866309,5,5,9.4476988996062,13.946068600409,2721.4169601415,3.3554561458632,3.3897810722661
143.42500000002,6.4642975855334,-6.8049512117761,-2.0816676433291,2.3630672238356,5,5,9.449429086887,13.947818186911,2721.7370649608,3.3538076744821,3.3881124126636
143.45000000002,6.4652225906039,-6.8065875905338,-2.0820086829619,4.9085961448064,5,5,9.4513088128827,13.949728599916,2722.1063416112,3.3520373675103,3.3863116233406
143.47500000002,6.4661864188454,-6.8080993032241,-2.0823165614029,4.8885607685727,5,5,9.4531016430858,13.951547673657,2722.4543073492,3.3503193770997,3.3845673288413
143.50000000002,6.467051486962,-6.8094290235964,-2.0825254944732,1.332522864747,5,5,9.454687990814,13.9531477212,2722.7109583655,3.3487952120671,3.3830289392386
143.52500000002,6.4680464239812,-6.8109256850427,-2.0828058793144,6.3615657101872,5,5,9.4564851817212,13.954966652429,2723.0437679353,3.3470636784382,3.3812751404867
143.55000000002,6.4690309606557,-6.8124981671606,-2.0831241890011,7.2002454409394,5,5,9.4583404478678,13.956849026869,2723.4185449284,3.3452905026014,3.3794747403572
143.57500000002,6.4699897736872,-6.8138389933741,-2.0833614952417,4.6971715425463,5,5,9.4599888220256,13.958514395182,2723.7497237515,3.3436883365737,3.3778551131042
143.60000000002,6.4708690134131,-6.8152856464651,-2.0836014071032,1.9450042547742,5,5,9.4616817093997,13.960224197908,2724.0363382441,3.3420772513297,3.3762262872088
143.62500000002,6.4718309700265,-6.8168957711566,-2.0839202458819,4.7643794051267,5,5,9.463557305851,13.962126701578,2724.3659725091,3.3402968009013,3.3744186125011
143.65000000002,6.4727542312742,-6.8184412060809,-2.0842061212138,4.7032228963846,5,5,9.4653575226259,13.963949475602,2724.7008851251,3.3385880169419,3.3726865562924
143.67500000002,6.4735612811739,-6.819786152999,-2.084408318762,0.17351681168944,5,5,9.4669260288431,13.965530960854,2724.9923968541,3.337098293224,3.3711832145839
143.70000000002,6.4745217322802,-6.8212708802703,-2.084674661314,5.8666378585827,5,5,9.4686943278556,13.967319205734,2725.3113415317,3.3354011839482,3.3694654857739
143.72500000002,6.475597226269,-6.8228695530543,-2.085008669361,6.8227111489561,5,5,9.4706210976888,13.969274711645,2725.6614735665,3.3335426121528,3.3675783301836
143.75000000002,6.476469683868,-6.8242579490948,-2.0852584018421,5.5993543901702,5,5,9.4722608616436,13.970933383444,2726.0236169794,3.3319751992646,3.3659913431265
143.77500000002,6.4773366415084,-6.8256598058057,-2.085482728946,0.97662570865759,5,5,9.4739091388618,13.972596855848,2726.3101691548,3.330403233899,3.3644034523795
143.80000000002,6.4782691127593,-6.8272974860608,-2.085800297711,4.4157890275436,5,5,9.4757936810481,13.974507967873,2726.6411125921,3.3286277775897,3.3626009052776
143.82500000002,6.4792152453001,-6.8288554189185,-2.0861063662553,5.8375968515462,5,5,9.4776164047171,13.976356210154,2727.0386651338,3.3268941328944,3.3608413790419
143.85000000002,6.4800072561855,-6.8302369530595,-2.0863249166266,0.053759435322255,5,5,9.4792088612551,13.97796359377,2727.3079653072,3.3253924743925,3.3593239039592
143.87500000002,6.4809424774484,-6.8316623120117,-2.0865646488685,5.3255278703942,5,5,9.4809136448054,13.979685150769,2727.6615487039,3.323753771126,3.3576677653639
143.90000000002,6.4819967914644,-6.8332848320633,-2.0868941888931,6.4484387499427,5,5,9.4828486252606,13.981647992074,2728.0290286778,3.3218962622518,3.3557822996878
143.92500000002,6.4829284563294,-6.8346030891143,-2.0871384230181,6.7048993596691,5,5,9.4844628746445,13.98328061309,2728.3847298875,3.3203302452662,3.3541974754061
143.95000000002,6.4837975107733,-6.8359626568158,-2.087361677337,0.32549889901966,5,5,9.4860764668982,13.984909576703,2728.6507067522,3.3187848061431,3.35263599508
143.97500000002,6.4847383375607,-6.8376167454486,-2.0876727970471,4.0166916097254,5,5,9.4879794025906,13.986837777866,2728.9717683373,3.3169930012137,3.3508181823745
144.00000000002,6.4857042999846,-6.8392297828157,-2.0879919617271,6.0343416708265,5,5,9.4898595549652,13.988744827693,2729.336029426,3.3152090128055,3.349006968104
144.02500000002,6.4864954850036,-6.8406313946328,-2.0882136491025,1.1160261550567,5,5,9.4914690547074,13.990369522961,2729.601082254,3.3136954779751,3.3474772922208
144.05000000002,6.4874053359443,-6.842006530025,-2.0884384048725,4.7242318429217,5,5,9.4931179410229,13.992033656741,2729.9240598057,3.3121092618293,3.3458752336856
144.07500000002,6.4883883069128,-6.8435919715436,-2.0887472510916,6.7786246744849,5,5,9.4949833784336,13.993924487966,2730.2557458038,3.3103306303214,3.3440707855622
144.10000000002,6.4893314440956,-6.8449617395799,-2.0890120997606,6.5291416988704,5,5,9.4966464395326,13.995608506088,2730.6555537003,3.3087227900629,3.3424416402946
144.12500000002,6.4902156388808,-6.8463414638127,-2.0892372082208,0.87684477476377,5,5,9.498285170559,13.997262626155,2730.9577627485,3.3071532516367,3.3408560412029
144.15000000002,6.4911687285434,-6.8479341738316,-2.0895362648963,4.1011951360636,5,5,9.5001412699931,13.99914266339,2731.271249322,3.3053928161113,3.3390709938379
144.17500000002,6.4921327142345,-6.8495758384968,-2.0898656202798,5.5328289159209,5,5,9.5020450376485,14.001074710556,2731.5905134046,3.3035923473379,3.3372420256588
144.20000000002,6.4929229252974,-6.8510191215971,-2.0901004259409,2.0974061257494,5,5,9.5036904858037,14.002736827679,2731.955729506,3.3020530392834,3.3356849785712
144.22500000002,6.4938027391025,-6.8523784168971,-2.0903156983888,3.858163058837,5,5,9.5053096695623,14.00437025912,2732.2621418945,3.3005004430752,3.3341175441256
144.25000000002,6.4948321414566,-6.8539727392141,-2.0906335585792,6.2843868741891,5,5,9.5072074400588,14.006294464919,2732.616141284,3.2986814037605,3.3322718223099
144.27500000002,6.4957890661889,-6.8554165183481,-2.090921779184,7.2417558090274,5,5,9.5089395495042,14.008050390387,2732.9917325907,3.2970154247127,3.3305818165704
144.30000000002,6.4966745487472,-6.8567950834352,-2.0911545850423,1.805205440695,5,5,9.5105780003153,14.009705298127,2733.2975243723,3.2954461957795,3.3289954338288
144.32500000002,6.497551687604,-6.8583632906996,-2.0914298915216,3.6917411051437,5,5,9.512374843825,14.011523110068,2733.6159759777,3.2937600627302,3.3272873066634
144.35000000002,6.4985630645028,-6.8600516622003,-2.091762827549,5.1393888211256,5,5,9.5143429600705,14.013519188212,2733.9281643981,3.291893927623,3.3253928315271
144.37500000002,6.4993858305046,-6.8615341479571,-2.0920185061353,3.5631569725764,5,5,9.5160384564323,14.0152338542,2734.2707508807,3.2903050656489,3.3237837754983
144.40000000002,6.5002459168465,-6.862902315519,-2.09222695989,3.1745916821546,5,5,9.5176545105752,14.016863297038,2734.5542189567,3.2887622275344,3.3222269657525
144.42500000002,6.5012026522809,-6.8644648206514,-2.092517263654,6.2896500027138,5,5,9.5194866582167,14.018718301419,2734.9009687643,3.2870197272307,3.3204609170722
144.45000000002,6.5022255112654,-6.8659866726907,-2.0928176200398,7.2296520384214,5,5,9.52132030871,14.020576388632,2735.2696922666,3.2852534571487,3.3186699154768
144.47500000002,6.5030746897298,-6.8672886253682,-2.0930383819982,2.9837704175901,5,5,9.5228747169058,14.022146395219,2735.566381863,3.2837621431144,3.3171623684586
144.50000000002,6.5039544097219,-6.8688152803857,-2.0932968017462,3.3314697816934,5,5,9.5246366995411,14.023927227488,2735.8499276013,3.2821017500778,3.3154821144876
144.52500000002,6.5049636224603,-6.8705130081167,-2.0936371663717,5.195063365062,5,5,9.5266117412621,14.025931382642,2736.1478099918,3.2802319085465,3.313582922807
144.55000000002,6.5057803997411,-6.8720058279351,-2.093908661886,4.1010248327687,5,5,9.5283133981419,14.027654561666,2736.4537970213,3.2786415800844,3.311970178509
144.57500000002,6.5065965790865,-6.8733087693692,-2.094100033315,2.2005742571892,5,5,9.5298508652487,14.029203893176,2736.7339615191,3.2771750349753,3.3104913105638
144.60000000002,6.5075957911942,-6.8748558126352,-2.0943864904357,6.6491281104796,5,5,9.5316925404924,14.031067713282,2737.0943057363,3.275410898981,3.3087043908421
144.62500000002,6.5086113409007,-6.876412140408,-2.0947056076968,7.0498754328002,5,5,9.533550899269,14.032953272395,2737.4235807843,3.2736283918758,3.3068946640953
144.65000000002,6.5094968459186,-6.8777212248188,-2.0949353665559,3.2399099323146,5,5,9.5351313489301,14.034550335407,2737.7367673841,3.2721053100525,3.30535439645
144.67500000002,6.510360459526,-6.8792253302007,-2.0951886725111,2.6889921940373,5,5,9.5368657541489,14.036303140407,2738.0366340303,3.2704724798649,3.3037021530091
144.70000000002,6.5113600344052,-6.8808573414733,-2.0955244260176,5.0101198487599,5,5,9.5387795490002,14.038246164121,2738.3687406838,3.2686533137584,3.3018537844357
144.72500000002,6.5122689106668,-6.8824415539158,-2.0958105198759,5.0115026798558,5,5,9.5406059621851,14.040094848739,2738.6966215,3.266934303811,3.3001115905684
144.75000000002,6.5130793935809,-6.8837728042908,-2.0960048552048,1.4252493306088,5,5,9.542164522455,14.041665478019,2738.9619196895,3.2654542787323,3.2986189577136
144.77500000002,6.5140298691712,-6.8852752313499,-2.0962730733827,6.4172751816718,5,5,9.5439423556631,14.043463430161,2739.2884120338,3.2637567829902,3.2969005903344
144.80000000002,6.5150482439505,-6.8868639777325,-2.0965997546556,7.0333362341385,5,5,9.5458294704607,14.045378612375,2739.6535278164,3.2619517284132,3.2950674772543
144.82500000002,6.5159132366632,-6.8881564763336,-2.0968207543446,4.2069993134872,5,5,9.5473847083932,14.046949473887,2739.9553778386,3.260455507477,3.2935550400489
144.85000000002,6.5167652691979,-6.8896130737793,-2.097055084477,2.2932904264611,5,5,9.5490722022625,14.048653159941,2740.22420657,3.2588629468919,3.2919453462602
144.87500000002,6.5177372003494,-6.8912856857614,-2.0973842669638,4.7912092083526,5,5,9.5510066998733,14.050615465247,2740.5021641486,3.2570392483978,3.2900934246124
144.90000000002,6.518634106938,-6.8928287169702,-2.0976758370206,5.1784526270576,5,5,9.5527914650511,14.052423889932,2740.811116807,3.2553567410158,3.2883865948496
144.92500000002,6.5194287047901,-6.8941433773671,-2.0978759430106,0.34424539856931,5,5,9.5543276023189,14.053973005845,2741.1056147787,3.2539001314893,3.2869163253952
144.95000000002,6.5203813121207,-6.8956434775873,-2.0981337974651,5.6172719445351,5,5,9.5561046114346,14.055768625603,2741.4321170952,3.2522031318325,3.2851999159783
144.97500000002,6.5213645530877,-6.8971687423355,-2.0984416639903,7.2282432902941,5,5,9.5579193277626,14.057609271454,2741.8052305872,3.2504665783394,3.2834372800556
145.00000000002,6.5222786976224,-6.8985451735715,-2.0986996897468,5.3604570518461,5,5,9.5595716664621,14.059281635191,2742.1309946965,3.248879074354,3.2818292430521
145.02500000002,6.5231446795134,-6.8999992809385,-2.0989353252985,1.6010856265888,5,5,9.5612641063784,14.060990399945,2742.4018441643,3.2472781369451,3.2802110724881
145.05000000002,6.5241244251817,-6.9016427543146,-2.0992482980421,4.9615155737403,5,5,9.5631774558792,14.062929177459,2742.6912890354,3.2454680698634,3.2783749409626
145.07500000002,6.5250455168211,-6.9032923788384,-2.0995670986075,5.6825254546726,5,5,9.565066813145,14.064845242353,2743.0104353425,3.2436988982402,3.2765784718559
145.10000000002,6.525803231168,-6.9046308072785,-2.0997691887601,0.35862831471921,5,5,9.5666048384116,14.066396487708,2743.2832940039,3.2422556507323,3.2751211494124
145.12500000002,6.5267240957678,-6.9060673087069,-2.1000028362143,5.0396882089243,5,5,9.5683111584182,14.06811873017,2743.6495554424,3.2406246024682,3.2734734513495
145.15000000002,6.5278077072781,-6.9076669601905,-2.100326570742,7.4410334706716,5,5,9.5702432812855,14.070077786785,2744.0734022624,3.2387640052452,3.2715857779603
145.17500000002,6.528727557322,-6.9091164683633,-2.100611020636,5.7590260431723,5,5,9.5719600218152,14.071817933269,2744.3981870542,3.2371254885793,3.2699235087208
145.20000000002,6.5295662399396,-6.9105152963401,-2.1008298926832,0.7431418544789,5,5,9.5735910056415,14.073463537479,2744.69541944,3.2355817544415,3.2683643364913
145.22500000002,6.5305115936072,-6.9121166277837,-2.101138185051,4.431114530716,5,5,9.5754505636398,14.075348477832,2745.0262974579,3.2338259021299,3.2665825409199
145.25000000002,6.5314125030334,-6.9137312163845,-2.1014490380873,6.2272844971768,5,5,9.5772994914762,14.077223354829,2745.3517811952,3.2320955536104,3.2648256327815
145.27500000002,6.53222105191,-6.915151033197,-2.1016768405901,1.7213529518525,5,5,9.5789333920445,14.078873059362,2745.6198898175,3.2305615844642,3.2632748662442
145.30000000002,6.533128533132,-6.9165266194492,-2.1018765483009,4.5809737287923,5,5,9.5805813482652,14.080533072276,2745.9262811256,3.2289806691139,3.2616815923568
145.32500000002,6.5341131782599,-6.9180948473272,-2.1021736836748,7.5555027144671,5,5,9.5824330676569,14.082408480001,2746.3254266704,3.2272165843582,3.2598932244092
145.35000000002,6.5350886147743,-6.9195395697601,-2.1024349553682,6.4443585424313,5,5,9.5841762541935,14.084171137711,2746.6995673637,3.2255392942591,3.2581958466764
145.37500000002,6.5359399708415,-6.9208871834866,-2.1026297594586,0.21952860653111,5,5,9.58577026483,14.085777007737,2746.9771148729,3.2240195301963,3.2566638033412
145.40000000002,6.5368821183622,-6.9223875198462,-2.1028934148337,3.9925554980391,5,5,9.5875418887016,14.087568142936,2747.2626396967,3.2223319687045,3.2549559205225
145.42500000002,6.5378480954298,-6.9240356855378,-2.1031931095471,6.2912886198437,5,5,9.5894522713445,14.089501890273,2747.5705975256,3.2205309866696,3.2531306645614
145.45000000002,6.5386509354236,-6.9254290333376,-2.1034105505946,2.1452132178954,5,5,9.5910603665366,14.091124619688,2747.8525448295,3.2190190918057,3.2516032145331
145.47500000002,6.5395369478954,-6.9267882813331,-2.1036123796609,3.672334179177,5,5,9.5926828871723,14.092759645127,2748.1510964202,3.2174656581213,3.2500368466357
145.50000000002,6.5406055682357,-6.9283089389691,-2.1038988679277,6.6276147204098,5,5,9.594541475098,14.094640183509,2748.4728465613,3.215668643276,3.2482173833037
145.52500000002,6.5415486799078,-6.9297321818945,-2.1041513993398,7.3355498290509,5,5,9.5962488356489,14.096366118665,2748.8476472043,3.2140304497541,3.2465599451028
145.55000000002,6.5424358784763,-6.9310852042464,-2.1043571182252,1.2335287079557,5,5,9.5978667944817,14.097997103351,2749.1410528734,3.2124803257746,3.2449963042871
145.57500000002,6.5433771706627,-6.93269013633,-2.1046292106341,4.0031303183163,5,5,9.5997273959902,14.099877494867,2749.4241712592,3.2107266775682,3.2432218061268
145.60000000002,6.5443718641353,-6.934320909183,-2.1049385855687,5.3409288293872,5,5,9.6016375884419,14.101812578341,2749.7089109203,3.2089156498557,3.2413852394152
145.62500000002,6.5451837570221,-6.9357275332975,-2.1051676655823,3.9093821676991,5,5,9.6032617071134,14.10345277318,2749.9503167825,3.2073889074407,3.2398414473517
145.65000000002,6.54604376891,-6.9370591508339,-2.105353484203,3.275800580871,5,5,9.6048468966007,14.105048816498,2750.2237483108,3.205873692344,3.2383151751392
145.67500000002,6.5470031976817,-6.9385762725894,-2.1056243567419,6.789498680777,5,5,9.6066419347587,14.106864177046,2750.5537456274,3.2041630882518,3.2365834625104
145.70000000002,6.5479087237085,-6.9400102341741,-2.105894833826,7.2675133503921,5,5,9.6083378779216,14.108581553261,2750.9144389453,3.2025473396302,3.2349457113841
145.72500000002,6.5488193553744,-6.9413659056609,-2.1061032443353,2.2882887255709,5,5,9.6099710022925,14.110227922039,2751.2065109697,3.2009781141024,3.2333627798477
145.75000000002,6.5496973371164,-6.9428978507754,-2.1063548311015,3.3413633225387,5,5,9.6117367054876,14.112011458883,2751.4858773728,3.1993206141428,3.2316863625464
145.77500000002,6.5507474076713,-6.9444854693468,-2.1066748009492,5.5831088781652,5,5,9.6136401709847,14.113941630275,2751.7536741643,3.197495621069,3.2298344762946
145.80000000002,6.5515803783641,-6.9459866429975,-2.106917976924,4.91005199143,5,5,9.6153569594121,14.115675555607,2752.0392539016,3.1958926005666,3.2282131805448
145.82500000002,6.5523845573799,-6.9472868594669,-2.1070882672782,2.6859603971525,5,5,9.6168857716168,14.117213822672,2752.3124601576,3.1944408888363,3.2267519667863
145.85000000002,6.5534028003556,-6.9488086108229,-2.1073561617251,6.156996722589,5,5,9.6187167675062,14.11906431271,2752.6351705318,3.1926828800152,3.2249737452972
145.87500000002,6.5544094219035,-6.9503382444957,-2.1076502667497,7.1087262560835,5,5,9.6205479054348,14.120918918835,2753.0279019519,3.19092879702,3.223195710863
145.90000000002,6.5552834681324,-6.9516743614324,-2.1078617915773,3.6699329615832,5,5,9.6221445159943,14.122529480238,2753.3090448115,3.1894007027653,3.2216530587857
145.92500000002,6.556170892713,-6.9531660512991,-2.1080930479473,2.6382355690813,5,5,9.6238802178825,14.124280520087,2753.5798435603,3.1877625255307,3.2199986407732
145.95000000002,6.5571860528991,-6.954821071036,-2.1084197433239,6.1134108102006,5,5,9.6258217740967,14.126249370107,2753.8776854496,3.1859216612511,3.2181300946479
145.97500000002,6.5580819041262,-6.9564199761589,-2.1086848387511,4.7632008285153,5,5,9.6276545444077,14.128101213135,2754.1495849417,3.1842084260925,3.2163965943577
146.00000000002,6.5588816907724,-6.9577218041952,-2.1088620772904,1.2851764721234,5,5,9.6291824236293,14.129639338102,2754.4145498293,3.1827596247134,3.2149372800942
146.02500000002,6.5598341950878,-6.9591923019723,-2.1091012756409,6.3502448385801,5,5,9.6309344590693,14.13140762655,2754.7311503033,3.1810855404708,3.2132461935772
146.05000000002,6.5607356335122,-6.9607068901802,-2.1093769380295,7.6498120920723,5,5,9.632697005146,14.133191599202,2755.1289690973,3.179422437704,3.2115608327219
146.07500000002,6.5616734866238,-6.9620257267257,-2.1095969665519,3.7370254526079,5,5,9.6343153061974,14.13482478959,2755.4396929353,3.177857033342,3.2099800437151
146.10000000002,6.5625003878357,-6.9634694426517,-2.1098163275566,2.2233110088198,5,5,9.6359790613744,14.136502943499,2755.7109513106,3.1762967541328,3.2084044227742
146.12500000002,6.5634923054404,-6.9651283159356,-2.1101354239327,5.4333530345804,5,5,9.6379118730844,14.13846191864,2755.9675581258,3.174472005902,3.2065529054241
146.15000000002,6.5644232912344,-6.9666519822869,-2.1104183418999,5.1827711535047,5,5,9.6396974524579,14.140269772692,2756.2557205892,3.1727808095454,3.2048387093989
146.17500000002,6.5652399212365,-6.9679732805473,-2.1105988419913,0.38037101065143,5,5,9.6412507436905,14.141833516257,2756.4958871007,3.1713071799669,3.2033543541926
146.20000000002,6.56619943843,-6.9694172549861,-2.1108262946954,5.4490931579124,5,5,9.6429844493819,14.143582078568,2756.8230770689,3.1696453205125,3.2016770274736
146.22500000002,6.5671558502169,-6.9709140512977,-2.1111198858016,7.4825515576391,5,5,9.6447607158891,14.145382444765,2757.2314067027,3.1679520899715,3.1999593118224
146.25000000002,6.5680453332161,-6.9722354637195,-2.1113295112642,4.7851414446531,5,5,9.6463536097319,14.146989072796,2757.5523183813,3.1664226685471,3.1984156134514
146.27500000002,6.5688886665262,-6.9736912641555,-2.1115426062016,1.8979017207806,5,5,9.6480360383281,14.148684942907,2757.8389944148,3.1648427146865,3.196821398644
146.30000000002,6.5699062748319,-6.9754231529015,-2.111867570638,4.9169626052356,5,5,9.6500447606316,14.150719781273,2758.1178446539,3.1629522479653,3.194903993911
146.32500000002,6.5708139675446,-6.9771180320534,-2.1121721308656,5.7245051598588,5,5,9.6519673946061,14.15266638815,2758.428910646,3.1611700739631,3.1930966782339
146.35000000002,6.5715548298079,-6.9784069844473,-2.1123451558933,0.43612506755524,5,5,9.6534540940266,14.154163122203,2758.6816625756,3.1597759833825,3.1916921202303
146.37500000002,6.572467698779,-6.9798030579117,-2.1125512422711,5.0470744319747,5,5,9.6551221320587,14.155843843022,2759.0018775494,3.1581812421542,3.1900842543853
146.40000000002,6.5734275336081,-6.9813837238316,-2.1128509690144,7.0529545235453,5,5,9.6569713988457,14.157717242011,2759.3595471675,3.1564324173128,3.1883106362832
146.42500000002,6.5744072977066,-6.982813656169,-2.1131047021262,6.0132819638977,5,5,9.6587047897936,14.159469105211,2759.6744780637,3.1547647619367,3.1866238642139
146.45000000002,6.5752658632377,-6.9842555052621,-2.1133144902869,1.0248865380186,5,5,9.6603829028942,14.161160280734,2759.9452997912,3.1531827574765,3.1850280853283
146.47500000002,6.5761826449797,-6.9859197140711,-2.1135855004817,4.8105559669528,5,5,9.6622829238737,14.163079532215,2760.2269558318,3.1514139633924,3.1832387487552
146.50000000002,6.5771046245699,-6.987586118587,-2.1138620562332,6.8293622283118,5,5,9.6641873792749,14.1650039629,2760.5629003695,3.1496399207503,3.1814434340357
146.52500000002,6.5779019963296,-6.988967221112,-2.1140273519714,2.9046405426265,5,5,9.6657821350267,14.166607262182,2760.7961940283,3.1481441480888,3.1799393004674
146.55000000002,6.5787724415485,-6.990359221695,-2.1141916571171,5.1126844524464,5,5,9.6674238842469,14.168257212691,2761.1263827203,3.1465852837054,3.1783728466088
146.57500000002,6.5797403055117,-6.9919345883614,-2.1144577180961,7.9867266435869,5,5,9.6692728138792,14.170125187324,2761.5055292441,3.1448344449563,3.1766019836294
146.60000000002,6.5806495175513,-6.9934104649835,-2.1146781515011,7.7865074643379,5,5,9.6710062723691,14.171872605197,2761.8895912224,3.143192377021,3.1749452404888
146.62500000002,6.58147866299,-6.9948028611547,-2.1148492766945,0.1351019159919,5,5,9.6726268430267,14.173502185845,2762.1767816511,3.1416653264163,3.1734093208949
146.65000000002,6.5824286998257,-6.9963999608574,-2.1151001903076,5.6797581631005,5,5,9.6744851480204,14.175377353862,2762.4653920911,3.1399146657638,3.1716407710969
146.67500000002,6.5834010632931,-6.9980372354907,-2.1153783378836,5.9197418352255,5,5,9.6763893956244,14.177301808333,2762.765469479,3.1381213060324,3.1698261070127
146.70000000002,6.5842041523036,-6.999397474152,-2.115555644684,3.5355250610824,5,5,9.6779690162037,14.178891348794,2763.0071987962,3.1366351468057,3.168329797859
146.72500000002,6.585010432819,-7.0007524265776,-2.1157215955616,3.238015591921,5,5,9.6795457166652,14.180476758532,2763.2754938877,3.135149991536,3.1668360853621
146.75000000002,6.5859687787319,-7.0023697243117,-2.1159672842921,8.5164618204885,5,5,9.6814256312509,14.182372659849,2763.7137432641,3.1333805156099,3.165049645796
146.77500000002,6.5868432808627,-7.003805559597,-2.1161990079902,6.9424196263857,5,5,9.6831068144483,14.184069737577,2764.0750590186,3.1317914354269,3.1634437675517
146.80000000002,6.5876774302908,-7.0051129565513,-2.1163782898782,2.5607257691952,5,5,9.6846576503727,14.185630901905,2764.3849310406,3.1303153988772,3.1619572019281
146.82500000002,6.5885910831934,-7.0067086263896,-2.1166227511866,4.0936320349266,5,5,9.6864963792432,14.18748581031,2764.6704557756,3.1285944870123,3.16021901371
146.85000000002,6.5895763282716,-7.0083244099613,-2.116902660331,7.1132060596128,5,5,9.6883888549801,14.189398874225,2764.994036918,3.1268057076167,3.1584086349222
146.87500000002,6.5903178505582,-7.0097095092038,-2.1170891627342,4.792232734894,5,5,9.6899599549811,14.19098100518,2765.2546114339,3.125351868045,3.1569430252772
146.90000000002,6.5911303405751,-7.0110961007288,-2.1172499191397,3.4085864771968,5,5,9.6915670567466,14.192596127066,2765.5234464241,3.1238424666801,3.1554260435289
146.92500000002,6.592111805377,-7.0126882848571,-2.1174973282238,7.863953943354,5,5,9.6934374373111,14.194482799987,2765.9489577006,3.122071974018,3.1536383547725
146.95000000002,6.5930900924772,-7.0141859536773,-2.1177355652899,7.6173790507806,5,5,9.6952263077774,14.196287464622,2766.3299122352,3.1203641982153,3.1519140496029
146.97500000002,6.5939492409813,-7.0155328478269,-2.1179165281725,2.7863573900532,5,5,9.6968238871972,14.197895260495,2766.6336165863,3.1188443585771,3.1503838830409
147.00000000002,6.5948396903026,-7.0172039031279,-2.1181529393155,3.9330996379376,5,5,9.6987173828567,14.19980345756,2766.9271147944,3.1170942361621,3.1486179130173
147.02500000002,6.5957492934574,-7.0188184241455,-2.1184206217228,5.1834861680609,5,5,9.7005705034721,14.201675811663,2767.1881204259,3.1153654515026,3.1468686532468
147.05000000002,6.5965524798949,-7.0202555360192,-2.1186141090848,5.0699433385738,5,5,9.7022168324159,14.203333471565,2767.4536483787,3.1138317431361,3.145322989244
147.07500000002,6.5973618369811,-7.0216172560844,-2.1187738202374,2.0993773829806,5,5,9.7038009221952,14.204925592189,2767.7096125613,3.1123413090177,3.1438249343419
147.10000000002,6.5983687765526,-7.0232054859428,-2.1190116963899,6.8472329333024,5,5,9.7056814544028,14.206821109651,2768.0890564682,3.1105544657254,3.1420224046704
147.12500000002,6.5991529392908,-7.0247674534992,-2.1192590180241,8.3512784190597,5,5,9.7074292112072,14.208586278719,2768.5196622608,3.1089564521993,3.1404054802481
147.15000000002,6.6000104010723,-7.0261628995612,-2.1194429624691,3.6880265202674,5,5,9.7090670483233,14.210234412808,2768.8182580898,3.1074077579278,3.1388463282729
147.17500000002,6.6008867006657,-7.0277365195995,-2.1196653427334,3.5644602072797,5,5,9.7108682093384,14.212049249987,2769.1000166345,3.1057314531627,3.1371554178585
147.20000000002,6.6018298729689,-7.0294492373856,-2.1199482194193,5.687983084567,5,5,9.7128234525989,14.214024850004,2769.4024429559,3.1039153123474,3.1353175310629
147.22500000002,6.6026481215801,-7.0309740562999,-2.1201722050269,6.2128242659556,5,5,9.7145539448732,14.215769777814,2769.7117934636,3.1023151348513,3.133701758738
147.25000000002,6.6034440852559,-7.0323361121894,-2.1203335112924,1.6740852541181,5,5,9.7161315235303,14.217355581753,2769.9463113976,3.1008356015579,3.1322142716228
147.27500000002,6.6043486803169,-7.0338528354754,-2.1205465333852,7.0617317249627,5,5,9.717897519496,14.219134379145,2770.3117261464,3.0991740703077,3.1305393083289
147.30000000002,6.6052868540131,-7.0353808738837,-2.120794233228,7.2507818983754,5,5,9.7196905814752,14.220944469329,2770.7341253807,3.0974795176505,3.1288267580203
147.32500000002,6.6061088028274,-7.0367471007656,-2.1209857482085,5.3417427739471,5,5,9.7212850016665,14.222550350312,2771.0419146279,3.095977553254,3.1273127998245
147.35000000002,6.6069786514608,-7.0383107075771,-2.1211987051047,2.950712293026,5,5,9.7230742760741,14.224352253069,2771.3003200302,3.0943135029552,3.1256353522375
147.37500000002,6.6079301500845,-7.0399440822499,-2.1214687623411,5.5285496479093,5,5,9.7249645835763,14.226261753885,2771.5966781534,3.0925422175909,3.1238436809366
147.40000000002,6.6087793902579,-7.0414418486424,-2.1216994323548,5.2874645244688,5,5,9.7266863597053,14.227998912972,2771.8909724279,3.0909361100975,3.1222210942688
147.42500000002,6.6095636520214,-7.04279919171,-2.1218635579394,0.34826318045592,5,5,9.7282539842512,14.229575105829,2772.1488154519,3.0894693618335,3.1207458673873
147.45000000002,6.610469520958,-7.0443413640476,-2.1220696314636,6.127264757395,5,5,9.7300425294838,14.231375483664,2772.494203645,3.0877915426152,3.1190557614295
147.47500000002,6.6114243646651,-7.0459727987748,-2.1223310774542,8.1265177950133,5,5,9.7319328484448,14.233283796998,2772.9331982386,3.0860194213328,3.1172644784215
147.50000000002,6.6122365339138,-7.0473428026376,-2.1225332462277,5.052534697025,5,5,9.7335254970164,14.234889225814,2773.2530897507,3.0845233830184,3.1157548829085
147.52500000002,6.6130652961802,-7.0488664263147,-2.1227296815475,2.2120931103716,5,5,9.735259935255,14.236634752336,2773.5447550586,3.0829173687696,3.1141372237764
147.55000000002,6.6140026221083,-7.0505790837287,-2.1229972461275,6.0744142440691,5,5,9.7372123120919,14.238605378155,2773.8494263575,3.0811078196165,3.1123080238114
147.57500000002,6.614921409116,-7.0522036396157,-2.1232390319795,5.8053124709938,5,5,9.7390786859546,14.240487348344,2774.1496667097,3.0793685304327,3.1105520205124
147.60000000002,6.6156349004152,-7.0535895846116,-2.1234005738045,0.46278972577472,5,5,9.7406375038932,14.242054514298,2774.3775061022,3.0779393160442,3.1091143176978
147.62500000002,6.6165096118303,-7.0550609842384,-2.1235890553897,5.7921748389096,5,5,9.7423492681648,14.243776624117,2774.6878098326,3.0763312899506,3.1074957912489
147.65000000002,6.6174941732784,-7.056689389915,-2.1238526933214,7.7410864523098,5,5,9.7442521781187,14.245697710074,2775.13699534,3.0745390128654,3.1056842446076
147.67500000002,6.6182841047066,-7.0580642253524,-2.124057483603,6.5238749420872,5,5,9.7458377897172,14.24729649186,2775.4680923663,3.0730579491362,3.1041891035759
147.70000000002,6.6191100570687,-7.0595514296471,-2.1242555160208,1.1888837470124,5,5,9.7475389581153,14.249009147914,2775.773116394,3.0714780765188,3.1025970993886
147.72500000002,6.6200592597692,-7.0612457716781,-2.1245145494911,5.4641148477746,5,5,9.7494810653946,14.250968453664,2776.0585417936,3.069671950689,3.1007724933385
147.75000000002,6.6209419826282,-7.0629687817953,-2.1247746201171,6.2544486247498,5,5,9.7514170311768,14.252921809812,2776.3810092237,3.0678994426676,3.0989810213943
147.77500000002,6.6216808747451,-7.064387686337,-2.1249420373695,1.5662985941314,5,5,9.7530167973031,14.254530312281,2776.6265027898,3.0664306433307,3.0975033019511
147.80000000002,6.622515181229,-7.065858110175,-2.1251174445787,5.042535642768,5,5,9.7547074225048,14.256230012626,2776.9269940794,3.0648554474008,3.0959191250143
147.82500000002,6.6234304453606,-7.0674533027445,-2.1253704374436,8.6735165455019,5,5,9.7565465385327,14.258086448231,2777.3774014595,3.0631388452227,3.0941839978965
147.85000000002,6.6241799120504,-7.0689750006911,-2.1255928316842,6.2975817440384,5,5,9.7582427887973,14.259797215356,2777.7246175931,3.0615973997671,3.0926265937277
147.87500000002,6.624998174463,-7.0703763500842,-2.1257792746375,0.12901274480431,5,5,9.7598655437071,14.261430645634,2778.0400988401,3.0600786103659,3.0910966983886
147.90000000002,6.6258951316334,-7.0720726896734,-2.1260401601905,4.061605224742,5,5,9.7617844236323,14.26336717899,2778.3515721496,3.0583128747571,3.0893118155105
147.92500000002,6.6268303027903,-7.0737360063953,-2.1263016376942,6.1420777616284,5,5,9.7636926080076,14.26529319511,2778.6957894623,3.0565384644745,3.0875182613784
147.95000000002,6.6276398758088,-7.0751975360249,-2.1264858828068,3.4827295513412,5,5,9.7653633794852,14.266974094748,2778.9374740891,3.0549888844605,3.0859581951402
147.97500000002,6.6284174769683,-7.0766176494864,-2.1266438100073,4.3689192889193,5,5,9.7669824489114,14.268600848204,2779.2440656437,3.0534903520098,3.0844523840492
148.00000000002,6.6293335398505,-7.0782005481362,-2.1268803918633,7.7902844839001,5,5,9.7688113117657,14.270444949697,2779.6742291602,3.0517818726871,3.0827276174466
148.02500000002,6.6302554854818,-7.0798032440895,-2.1271245640727,7.0314136798595,5,5,9.7706602622966,14.272309953218,2780.0782867609,3.0500564987388,3.0809850530268
148.05000000002,6.6310622087078,-7.0812455561406,-2.1273061990002,1.022906843573,5,5,9.7723128561415,14.273972498755,2780.4654914466,3.0485217523978,3.0794400416801
148.07500000002,6.6319382002793,-7.0829048354076,-2.1275433227455,4.5248861961143,5,5,9.7741891740568,14.275863740831,2780.8098789749,3.0467967699536,3.07769886117
148.10000000002,6.6328112436798,-7.0845953442637,-2.1278182792872,6.4666711501035,5,5,9.7760918103782,14.277786141952,2781.1584283564,3.0450546141679,3.0759353321186
148.12500000002,6.6335920341567,-7.0860838991844,-2.1280228371056,3.5744474880258,5,5,9.7777727117794,14.279479444471,2781.4204139395,3.0435113769737,3.0743786752093
148.15000000002,6.634354528165,-7.0874336449282,-2.1281735792593,3.474986145964,5,5,9.7793229410159,14.281036985444,2781.7241102126,3.0420697823959,3.0729302477218
148.17500000002,6.6352972883137,-7.0890469656051,-2.128419143022,6.7460558017702,5,5,9.7811915234477,14.282921634448,2782.1235993876,3.040322419468,3.0711657184986
148.20000000002,6.6362057666509,-7.0906073247369,-2.1286585840717,8.2093180711635,5,5,9.7829970852742,14.284743003583,2782.5680888656,3.0386351485433,3.0694615433404
148.22500000002,6.6370008032442,-7.0920217172197,-2.1288335419826,1.6350977538344,5,5,9.7846196108611,14.286374934816,2782.9563790905,3.0371279741608,3.0679447721599
148.25000000002,6.6377866414381,-7.0935909677101,-2.1290530071393,4.0751296123762,5,5,9.7863746290287,14.288143621822,2783.3000369656,3.0355308184509,3.0663326312773
148.27500000002,6.6387521373392,-7.0953507423099,-2.1293328050073,6.8917085545755,5,5,9.7883818631898,14.290170263335,2783.6486835371,3.0336743832751,3.0644552854026
148.30000000002,6.6395362495989,-7.0969304142231,-2.1295471057761,3.7907268465146,5,5,9.7901454377953,14.291946810607,2783.9252415111,3.0320723878672,3.0628390835766
148.32500000002,6.6402782494093,-7.0982951561928,-2.1296928834106,2.7429276531055,5,5,9.7916988483535,14.29350704632,2784.2001098883,3.030638225386,3.0613987174289
148.35000000002,6.6410517855545,-7.0998142227604,-2.1298989628234,6.6798276228664,5,5,9.7934035246878,14.295224134008,2784.5828668801,3.0290828094424,3.0598297899157
148.37500000002,6.6418372869762,-7.1013787478277,-2.1301361125167,8.1771220025432,5,5,9.795154167761,14.296990766723,2785.033142123,3.0274897258779,3.0582191797594
148.40000000002,6.6426772007343,-7.1028447444035,-2.1303395515294,3.5354575477054,5,5,9.7968437242357,14.298692527139,2785.405899026,3.0259161990669,3.0566326967899
148.42500000002,6.6434788907576,-7.1044430086054,-2.1305492003905,3.5311810369929,5,5,9.7986317833378,14.300492834889,2785.7436422369,3.0242896762595,3.0549928723978
148.45000000002,6.6444046680575,-7.1060809354282,-2.1308177439025,5.3968663904407,5,5,9.8005132370008,14.302393356792,2786.0508282584,3.0225417765546,3.0532245622838
148.47500000002,6.6451968620383,-7.1077192586419,-2.1310453553507,5.5731689978577,5,5,9.8023330376096,14.304227336407,2786.3562260849,3.020897916625,3.0515650348067
148.50000000002,6.6459203904777,-7.1091110135459,-2.1311991227012,2.144646288197,5,5,9.8039016277776,14.305803445386,2786.6171043705,3.0194621983165,3.0501220003175
148.52500000002,6.6466963933985,-7.1105868769719,-2.131394532043,6.3081599285143,5,5,9.8055690669475,14.307482295646,2786.9788024783,3.0179330367512,3.0485805728712
148.55000000002,6.647506399925,-7.1121190068947,-2.131632280548,7.4993287728064,5,5,9.80730213725,14.309231597514,2787.3956523975,3.0163422853718,3.0469721864635
148.57500000002,6.6483274296029,-7.1135698582678,-2.1318346859934,5.186620597347,5,5,9.8089691883707,14.310910891236,2787.748673477,3.0147939495086,3.0454107880356
148.60000000002,6.6491353505461,-7.1151561760438,-2.1320527433511,2.7502581544632,5,5,9.8107493963183,14.312704404366,2788.0909352424,3.0131712265913,3.043773536651
148.62500000002,6.6499642433369,-7.1168605939381,-2.1323097965736,5.1279196582501,5,5,9.8126446808925,14.314617041283,2788.4119811275,3.0114584639769,3.0420416350693
148.65000000002,6.6507482529466,-7.1185213235767,-2.1325489164541,5.8453972120175,5,5,9.8144811704788,14.316469032729,2788.7295612363,3.0098082631405,3.0403742028604
148.67500000002,6.6514553588209,-7.1199306553854,-2.1327100736889,0.97191791298877,5,5,9.8160579440403,14.31805402059,2788.9835841562,3.0083754207497,3.0389329713586
148.70000000002,6.6522825949351,-7.1214565882004,-2.1329041772013,6.1353295518533,5,5,9.817793683233,14.319800579126,2789.3411525303,3.0067760748117,3.0373222506339
148.72500000002,6.6531034357307,-7.123005711892,-2.1331395970158,7.945364814966,5,5,9.8195468414755,14.321569473219,2789.7625934549,3.0051673898419,3.0356964401271
148.75000000002,6.6538883826553,-7.1245249708961,-2.1333537810432,5.2062983636022,5,5,9.821256896912,14.323292889707,2790.1536118425,3.0036055509724,3.0341200087346
148.77500000002,6.6546526626061,-7.1260867091367,-2.1335530539636,1.6605545136533,5,5,9.8229956177566,14.325042992525,2790.481821099,3.0020335032599,3.0325355807251
148.80000000002,6.6554914325505,-7.1277754345437,-2.1338057353576,5.3036595958854,5,5,9.8248811756369,14.326945405836,2790.8134096153,3.0003241902071,3.0308077121408
148.82500000002,6.6563107594624,-7.1294854406091,-2.1340603783999,5.7316271922133,5,5,9.8267773342094,14.328858586542,2791.1606463043,2.998617010074,3.0290816775329
148.85000000002,6.656987233698,-7.1309078242232,-2.1342253376879,0.10095367816246,5,5,9.8283523873949,14.330442254469,2791.4167796772,2.9972010917862,3.0276566632012
148.87500000002,6.6577878601668,-7.1323867034464,-2.1344049403959,5.8418756905545,5,5,9.8300340789539,14.332133509515,2791.769568996,2.9956530395635,3.0260987728179
148.90000000002,6.6586682967958,-7.1340336023775,-2.1346577734499,7.8019771638522,5,5,9.8319015491,14.334018017223,2792.1997046338,2.9939379989381,3.0243652126626
148.92500000002,6.6595009746591,-7.1355852019764,-2.1348764845089,5.5248935193562,5,5,9.8336624618575,14.335792460309,2792.5686371644,2.9923198737286,3.0227324209337
148.95000000002,6.6602619735908,-7.1370772374575,-2.1350633881969,1.1093026270327,5,5,9.8353373616308,14.3374777562,2792.8967461429,2.990795086833,3.0211965292368
148.97500000002,6.6611473865007,-7.138739400228,-2.1353081162741,5.1069144804837,5,5,9.8372206409773,14.339376869922,2793.2235947036,2.9890671735403,3.0194513727592
149.00000000002,6.6619662086466,-7.1404045063703,-2.1355587883469,5.5439229636556,5,5,9.8390761862265,14.341249270696,2793.5606075121,2.9873897317622,3.0177553388103
149.02500000002,6.6626456629471,-7.1418381580657,-2.1357323327326,1.8264029894392,5,5,9.8406626966519,14.342845244688,2793.8241839241,2.9859656273576,3.016321007116
149.05000000002,6.6634290412799,-7.1432746117378,-2.1359012838599,5.1844676785877,5,5,9.8422988753599,14.344490123179,2794.1458598857,2.9844585794666,3.0148052171613
149.07500000002,6.6642268670759,-7.1448248367129,-2.1361339764657,6.8926557268412,5,5,9.8440423556363,14.346249063008,2794.555388156,2.9828695940265,3.0131992935278
149.10000000002,6.6651083285868,-7.146348392054,-2.1363611614677,6.6707533720107,5,5,9.8458025247397,14.348023832936,2795.0069351147,2.9812318596305,3.0115458911143
149.12500000002,6.6658994337201,-7.1478732749049,-2.1365669209636,0.098353152818347,5,5,9.8475204057138,14.34975399247,2795.3808825528,2.9796642192232,3.0099649095282
149.15000000002,6.6667574105794,-7.1495401641128,-2.1368099451708,4.0771400177358,5,5,9.8493951440748,14.351644416942,2795.7124265053,2.9779561086956,3.008239597688
149.17500000002,6.6676216454964,-7.1512319925824,-2.137065928581,5.6655185435299,5,5,9.8512949297371,14.353561371055,2796.0493174847,2.9762278027408,3.0064924595481
149.20000000002,6.6683717016962,-7.1526786120008,-2.1372426064298,1.9593093924308,5,5,9.8529244364245,14.355200427828,2796.3404320691,2.9747414731385,3.0049960864822
149.22500000002,6.6691216900026,-7.154047304142,-2.1373847103453,4.1231652635709,5,5,9.8544851415975,14.356767589007,2796.7050052123,2.9733037267259,3.0035527020817
149.25000000002,6.6699966005927,-7.1556741848834,-2.1376090100763,6.7453027304178,5,5,9.8563323582842,14.358628373749,2797.1453326585,2.9716079071026,3.0018422081877
149.27500000002,6.6708372795817,-7.1572053902813,-2.1378281223796,5.8462163028274,5,5,9.8580791642646,14.360388868377,2797.541088061,2.9699984767327,3.000217967906
149.30000000002,6.6716012581737,-7.1586919737178,-2.13800708932,0.30899246711907,5,5,9.8597505689441,14.362069827261,2797.8843384432,2.9684770419509,2.9986865207163
149.32500000002,6.6724207533048,-7.1602970769209,-2.1382228311083,3.4763632426333,5,5,9.8615527699768,14.363884895601,2798.2001330935,2.9668387207315,2.9970341580769
149.35000000002,6.6733366576792,-7.1620353257717,-2.1384817079546,5.7788933974638,5,5,9.8635175574693,14.365866664284,2798.5342068957,2.965042403105,2.9952192832764
149.37500000002,6.6740451558278,-7.1635396590679,-2.1386595877052,1.913798283731,5,5,9.8651803828638,14.367538976904,2798.8145845444,2.9635540354352,2.9937207246401
149.40000000002,6.6747888453847,-7.164916855648,-2.1387992861179,3.4664471960652,5,5,9.8667455488541,14.369110364897,2799.1034363803,2.9621169896262,2.9922783782634
149.42500000002,6.6756631742672,-7.1665047551434,-2.1390146068275,6.0058555865035,5,5,9.8685582473404,14.370935806983,2799.5109806228,2.9604470088771,2.9905947356007
149.45000000002,6.6765899824796,-7.1681524814059,-2.1392555463076,6.1519607827203,5,5,9.870448743386,14.372841594781,2799.9393077158,2.9586989439437,2.9888301675355
149.47500000002,6.677379338244,-7.1696296562944,-2.139434274462,1.0671014039691,5,5,9.8721235950733,14.374525955766,2800.3458292842,2.9571645766735,2.9872859544745
149.50000000002,6.678201366026,-7.1712255512872,-2.139646291182,3.3358056703622,5,5,9.8739187581584,14.376333595551,2800.6821675923,2.9555312349878,2.9856390500025
149.52500000002,6.6790518074027,-7.1729750066524,-2.1398951372544,5.6785007432154,5,5,9.8758639688437,14.378294658777,2800.9933060134,2.9537807703073,2.9838709865676
149.55000000002,6.6798202894683,-7.174553595078,-2.1400968929078,2.3296997980078,5,5,9.8776196755683,14.380061919778,2801.2788569987,2.9522006141869,2.9822781850672
149.57500000002,6.6805362681625,-7.1759264831549,-2.1402399836944,2.4925139695471,5,5,9.8791680447627,14.381616886703,2801.5979018757,2.9507890805961,2.9808606169288
149.60000000002,6.6814476565503,-7.1774782292749,-2.1404438969174,5.8921878127532,5,5,9.880967640499,14.383427998355,2802.0329896031,2.949113523431,2.979173071896
149.62500000002,6.6822745016451,-7.1790701231725,-2.1406790539119,6.177317396298,5,5,9.8827614629518,14.385237168829,2802.4744218714,2.9474797882339,2.9775224999214
149.65000000002,6.6830685526247,-7.1805671754358,-2.14085997061,1.9921272004822,5,5,9.8844560668693,14.386941402759,2802.8668392439,2.9459306059272,2.9759633136412
149.67500000002,6.6838743234689,-7.1821087083697,-2.1410601682615,3.2402407112299,5,5,9.8861954893136,14.388692308108,2803.2121123333,2.9443449012763,2.9743652416841
149.70000000002,6.6847483557489,-7.1838124184678,-2.1413080775377,5.5587510112939,5,5,9.8881103158135,14.390623116108,2803.5265627846,2.9426055643798,2.9726083265861
149.72500000002,6.6855117160508,-7.1853488932957,-2.1414993216211,3.6926662172012,5,5,9.8898259713288,14.392349397703,2803.7968566229,2.9410567243087,2.971048016304
149.75000000002,6.6862303750388,-7.1867103762062,-2.1416413924987,2.0537139110576,5,5,9.8913654863358,14.393895454168,2804.0306153447,2.9396511931097,2.9696365382648
149.77500000002,6.6871018856182,-7.1882841957613,-2.1418366641289,5.6690436323578,5,5,9.8931644968089,14.395705031381,2804.4805826832,2.9379945273671,2.9679689212013
149.80000000002,6.6879000229206,-7.1898765672426,-2.1420831941642,6.6957779886872,5,5,9.8949456958678,14.397503210223,2804.9030527005,2.9363843661599,2.9663400728256
149.82500000002,6.6887117999986,-7.1913240333432,-2.1422650510301,2.7868533783208,5,5,9.8966052560918,14.399172704774,2805.2667293756,2.9348529598308,2.9647983521791
149.85000000002,6.68947063909,-7.1928224505594,-2.1424456547808,2.6254975320443,5,5,9.8982848664396,14.400861997121,2805.6472554348,2.9333320001032,2.9632671507348
149.87500000002,6.6903387364652,-7.1946024067524,-2.142701966236,5.5051137638349,5,5,9.9002652293108,14.402858877855,2805.9973429879,2.9315517430155,2.9614685376211
149.90000000002,6.6911629783067,-7.1962155290362,-2.1429208546507,4.4966369028254,5,5,9.9020767309299,14.404683555978,2806.3028958025,2.9299090106062,2.959811365847
149.92500000002,6.691840591063,-7.1975751175996,-2.1430569125437,1.1251569006544,5,5,9.9035958227998,14.406208728709,2806.5389159671,2.9285380847379,2.958434999536
149.95000000002,6.6926730816508,-7.1990526742203,-2.1432302236415,5.407627568516,5,5,9.9052917632899,14.40791350168,2806.9320908674,2.9269726302738,2.956860788741
149.97500000002,6.693579962304,-7.200733524676,-2.1434748013948,6.5761409146405,5,5,9.9072016561595,14.409838990982,2807.3864051824,2.9252236221374,2.955094772781
150.00000000002,6.6944218400133,-7.2021503223078,-2.1436680813116,3.537741199969,5,5,9.9088497076171,14.41149833746,2807.7202599467,2.9236884436249,2.9535477004553
150.02500000002,6.6951508713794,-7.2036593689975,-2.1438332740366,2.1528063261055,5,5,9.9105256278553,14.413182379407,2808.066042439,2.9221856834044,2.9520367029545
150.05000000002,6.6960053681912,-7.205432191922,-2.1440753616933,5.6314456610219,5,5,9.9124936385064,14.415165223919,2808.3955019261,2.9204220381982,2.9502565513367
150.07500000002,6.6968961335454,-7.2070855181835,-2.1443038120098,5.0186877500024,5,5,9.9143716562494,14.417057085486,2808.6979826422,2.9187034379645,2.9485229237664
150.10000000002,6.6976099568576,-7.2084359515855,-2.1444468647533,0.12659841895688,5,5,9.9158991424505,14.418591255679,2808.9288975057,2.9173106880023,2.9471239661659
150.12500000002,6.6983926413723,-7.2098507128356,-2.1445976382018,5.0583067155768,5,5,9.9175159740571,14.420215102063,2809.3132001609,2.9158242237187,2.945631148031
150.15000000002,6.6992916818229,-7.2114695037793,-2.1448290505008,6.0752482626245,5,5,9.9193676645958,14.422081196782,2809.7457238674,2.9141208110236,2.9439121347968
150.17500000002,6.7000758161308,-7.212955565433,-2.1450012736154,4.7259316432818,5,5,9.9210479163185,14.423770251741,2810.1101080841,2.912589751864,2.9423721305495
150.20000000002,6.7008445761292,-7.2144445453532,-2.1451648814641,1.8146212268281,5,5,9.922723640979,14.42545394431,2810.4514453968,2.9110692098838,2.9408437605729
150.22500000002,6.7015737500086,-7.2161372168361,-2.1453571709814,5.7544962974442,5,5,9.9245666904345,14.427306997615,2810.7591638589,2.9094552163261,2.9392188148899
150.25000000002,6.7023721461728,-7.2178137168022,-2.145570730891,5.485958811496,5,5,9.926423593386,14.429176140843,2811.0434877403,2.9077967093146,2.9375467875057
150.27500000002,6.7030634353314,-7.2192038787781,-2.1457112178997,1.0803127411033,5,5,9.9279761496716,14.430735040333,2811.2598869739,2.9063985286727,2.936142824117
150.30000000002,6.7037769130601,-7.2206154209323,-2.1458482169838,4.8355729023888,5,5,9.9295577633168,14.432322576308,2811.5914326029,2.9049698699332,2.9347091879713
150.32500000002,6.7046739070674,-7.2222910229701,-2.1460553211811,6.5337574031471,5,5,9.9314583528144,14.434234416413,2812.0206359756,2.903234589197,2.932962083015
150.35000000002,6.7054808875863,-7.2237762075841,-2.1462214716322,4.4475930540251,5,5,9.9331486163724,14.435932826513,2812.3743115901,2.9016872536467,2.9314068352031
150.37500000002,6.7062341866236,-7.225251734814,-2.146373041181,1.6838029969683,5,5,9.9348053118923,14.437596441064,2812.6951843829,2.9001884441179,2.9299016936306
150.40000000002,6.7071112195046,-7.2269016410312,-2.1465869660182,4.0888572793857,5,5,9.9366738346242,14.439477169922,2813.028718067,2.8984852510061,2.9281853840925
150.42500000002,6.7080577565949,-7.2284975035637,-2.1468067649311,6.1914176952575,5,5,9.938529288662,14.441345597402,2813.3757243733,2.896760318353,2.9264467212911
150.45000000002,6.7087592930682,-7.2298274991998,-2.1469328037614,1.6927248722538,5,5,9.9400329647625,14.442854546573,2813.591043795,2.8953919699568,2.9250743474634
150.47500000002,6.709524979965,-7.2312068138432,-2.1470587310489,3.2218478385123,5,5,9.94161055321,14.444437152965,2813.897835375,2.8939428385507,2.9236220281856
150.50000000002,6.7104981714275,-7.2328480409593,-2.1472758008022,6.4929102339205,5,5,9.9435186224092,14.446357529841,2814.3282274263,2.892169543678,2.9218358837877
150.52500000002,6.7114033100427,-7.2343112985617,-2.1474699155602,4.4854571364236,5,5,9.9452392033355,14.448089026091,2814.6265319715,2.8905590116222,2.9202141128963
150.55000000002,6.7122422993751,-7.2356942872377,-2.1476269592416,1.1539315964871,5,5,9.946856782013,14.449714210233,2814.9701012918,2.8890500073301,2.9186981092875
150.57500000002,6.7131290843036,-7.2372137051454,-2.1478205266052,5.289677055379,5,5,9.948616048419,14.451484093453,2815.2983044754,2.8874199740228,2.9170571143148
150.60000000002,6.7140518240039,-7.2387887631094,-2.1480380470073,7.4724833012813,5,5,9.9504414952532,14.453322454481,2815.6626682623,2.8857276524803,2.9153510585679
150.62500000002,6.7148130651208,-7.2401322128323,-2.1481763865894,2.4172831488134,5,5,9.9519856277592,14.454872771557,2815.8920612383,2.8843047612298,2.9139229552579
150.65000000002,6.7155441999455,-7.2413902481315,-2.1482857454214,2.5767122168488,5,5,9.9534406916568,14.456331939231,2816.1689497751,2.8829579535209,2.9125742856033
150.67500000002,6.7164848859298,-7.2428607431833,-2.1484694696881,5.4527641663038,5,5,9.9551863278784,14.458087217107,2816.5375182991,2.8813156099312,2.9109225087886
150.70000000002,6.7173929585659,-7.2443280196038,-2.1486744960447,4.8692004138156,5,5,9.956911870114,14.459824897116,2816.8613118492,2.8797012012278,2.9092953528399
150.72500000002,6.718285021636,-7.245721183202,-2.1488383249848,1.1445443878556,5,5,9.9585661619057,14.461487281324,2817.2125951188,2.8781447860657,2.9077314624361
150.75000000002,6.719200459399,-7.247195833698,-2.1490191887793,4.6712964787814,5,5,9.9603018520807,14.463232369315,2817.5165788612,2.8765202919172,2.9060977629218
150.77500000002,6.7201449490425,-7.2488411704719,-2.149234073834,7.5490618020359,5,5,9.9621990062089,14.465141654357,2817.8689232586,2.8747689123842,2.9043336285919
150.80000000002,6.7209311005037,-7.2502551463549,-2.1493964517697,4.4762534220997,5,5,9.9638168325029,14.466767609003,2818.1401042242,2.873284201312,2.9028409217297
150.82500000002,6.721731976645,-7.2515213972867,-2.149508567221,1.5706380692509,5,5,9.96531509617,14.468270061628,2818.4000536581,2.8718778891847,2.9014329716664
150.85000000002,6.7226935735084,-7.2529747092559,-2.1496855143664,4.5674963170792,5,5,9.9670577333116,14.470021659328,2818.7777491646,2.8702302915688,2.8997769658836
150.87500000002,6.7237922982541,-7.2544862260561,-2.1499134572363,5.5319399147198,5,5,9.9689263903438,14.47190416751,2819.1576332964,2.8684385711594,2.8979710453214
150.90000000002,6.7247518072215,-7.2558895944156,-2.1500953051276,0.0097296793464727,5,5,9.9706264198174,14.473613895227,2819.5008878503,2.8668232323618,2.8963462733982
150.92500000002,6.7256158415195,-7.2573704930229,-2.1502640580786,4.2034176733875,5,5,9.9723409506434,14.475336710804,2819.830045379,2.8652366218053,2.8947518028529
150.95000000002,6.7265998591891,-7.2588996913056,-2.1504785944057,8.3532328961787,5,5,9.9741593945281,14.477167766236,2820.2203297876,2.8635255342279,2.8930276039997
150.97500000002,6.727477957872,-7.260324151992,-2.1506565972068,5.6856967640621,5,5,9.9758327580702,14.478850570604,2820.4837180795,2.8619623491758,2.8914550040689
151.00000000002,6.7282915167417,-7.261481427801,-2.15076486121,0.47975157494045,5,5,9.9772473835798,14.480269332891,2820.7099504036,2.8606129166297,2.8901039132376
151.02500000002,6.7292978576841,-7.2628480768788,-2.1509260018266,4.2905794067244,5,5,9.9789445729607,14.481974154903,2821.1060959181,2.8589832149073,2.8884678807766
151.05000000002,6.7304148793196,-7.2644512139705,-2.1511571113417,5.5359827723436,5,5,9.9808984884831,14.483941690793,2821.4749318682,2.8571220150184,2.8865927425713
151.07500000002,6.7314413322902,-7.2658692759179,-2.151344909889,0.37744849257948,5,5,9.9826490613572,14.485702308208,2821.818037489,2.8554452887504,2.8849063684325
151.10000000002,6.7324013691947,-7.2672815077941,-2.151519868739,4.7133666628685,5,5,9.9843567117108,14.487418897946,2822.1481326204,2.8538249637394,2.8832776509175
151.12500000002,6.7334283411781,-7.2688346635168,-2.1517419011391,7.850325889698,5,5,9.9862186902697,14.489294067949,2822.5515945274,2.8520660067424,2.8815050071034
151.15000000002,6.7344231236046,-7.2702616783614,-2.151932112725,5.938524606939,5,5,9.987958219931,14.491043966201,2822.8711467203,2.8504093116959,2.8798381180141
151.17500000002,6.7351935013485,-7.2714166655912,-2.1520395291174,1.4135939132485,5,5,9.9893465561184,14.492436451623,2823.1082246108,2.8490961409419,2.8785230505086
151.20000000002,6.7361910206702,-7.2727128650048,-2.1521925753485,3.5354104958263,5,5,9.9909821531706,14.494079193497,2823.4653734657,2.8475168026922,2.876938030734
151.22500000002,6.7373673643463,-7.2742246003547,-2.1524141347769,5.5200577727827,5,5,9.9928976500284,14.496007461319,2823.8654611044,2.845664627806,2.8750731925058
151.25000000002,6.7384345460339,-7.2756416176983,-2.1526108265604,1.4888936852187,5,5,9.994671576438,14.497792258944,2824.1971910966,2.8439567741418,2.873354747749
151.27500000002,6.7393998574954,-7.2770318906994,-2.1527813748052,4.0816210213303,5,5,9.9963641145425,14.499493367977,2824.5337102457,2.8423462333007,2.8717363514295
151.30000000002,6.7404612508787,-7.2784638187465,-2.1529865231028,7.2681193224345,5,5,9.9981465212991,14.501287541789,2824.9264889741,2.8406341162046,2.8700124818697
151.32500000002,6.7413941767908,-7.279911340455,-2.1531668285715,7.8401203826776,5,5,9.9998686333321,14.503019067104,2825.2902026545,2.8390148399277,2.8683840490299
151.35000000002,6.7422107011421,-7.2810924552955,-2.1532920835134,2.5718312218315,5,5,10.001304510863,14.504460397421,2825.52417868,2.8376496727537,2.8670149824358
151.37500000002,6.7431961374785,-7.2823705095399,-2.1534317306728,2.6826472890231,5,5,10.0029183595,14.506080276662,2825.8453882706,2.8360914548706,2.8654527899498
151.40000000002,6.7444115122778,-7.2839322160493,-2.1536715959265,5.1288563612576,5,5,10.004897264026,14.50807366535,2826.289195121,2.8341785520779,2.863525238439
151.42500000002,6.7455605570468,-7.2853555024399,-2.1538889395717,2.9778131321443,5,5,10.006726484634,14.509915752832,2826.6112677399,2.832402329288,2.8617361827433
151.45000000002,6.7465896760444,-7.2867054574606,-2.1540657511335,3.4502332703808,5,5,10.008423972327,14.511622424095,2826.9502396008,2.8307660231119,2.8600913988509
151.47500000002,6.7477269625665,-7.2881013687112,-2.1542710476977,8.5446173064551,5,5,10.010224524702,14.513434642495,2827.3650087457,2.8290158640344,2.8583298617918
151.50000000002,6.7487399505157,-7.2895448602882,-2.1544762873349,6.9361689785954,5,5,10.011987990754,14.515210011704,2827.7046941362,2.8273359537506,2.8566378618329
151.52500000002,6.7496123424996,-7.2907384777904,-2.1546059407572,4.1574287310464,5,5,10.013466432676,14.516694127779,2827.9364824161,2.8259192416516,2.8552171599564
151.55000000002,6.7505446199741,-7.2919405791829,-2.1547380319609,1.5842525712283,5,5,10.014987678562,14.518221097698,2828.2189591904,2.8244497679671,2.8537438916215
151.57500000002,6.7517973632676,-7.2933942689956,-2.1549602213009,4.0882878844801,5,5,10.016906683469,14.520152922725,2828.6139055006,2.8225729781367,2.8518546133633
151.60000000002,6.7531547451322,-7.2949795110439,-2.1552188525907,3.8353341980126,5,5,10.018993661638,14.52225586543,2828.9649755439,2.8205333657098,2.8497989761905
151.62500000002,6.7542392449941,-7.2963234236504,-2.1554035248126,2.2277077360278,5,5,10.020720578267,14.523992628187,2829.2659040648,2.8188570814298,2.8481135088818
151.65000000002,6.7553384812739,-7.2975727963154,-2.1555929217437,7.6619742948512,5,5,10.022384685371,14.525667478525,2829.6367758153,2.8172262453511,2.8464723483885
151.67500000002,6.7564348785683,-7.2989737561534,-2.1558016703873,7.8841097743115,5,5,10.024163666961,14.527458665698,2830.0164413554,2.815506124369,2.84474005407
151.70000000002,6.7574472588097,-7.300200708287,-2.1559618781284,5.7338560331193,5,5,10.025754366584,14.529057412649,2830.2942669088,2.8139581427463,2.8431850721603
151.72500000002,6.7583550005563,-7.3013399767489,-2.1560849801586,0.32910695908293,5,5,10.027211050388,14.530519288778,2830.565615101,2.812546564614,2.8417704000983
151.75000000002,6.7595875318007,-7.3027249583213,-2.1562885781761,3.8987599614217,5,5,10.029065048022,14.532384432037,2830.9425714646,2.8107277695943,2.8399411860982
151.77500000002,6.7609738734672,-7.3043243310667,-2.156555595112,4.1492071373381,5,5,10.031181634045,14.534517794275,2831.3243388607,2.8086569689994,2.8378534866036
151.80000000002,6.7620793029206,-7.3056521384958,-2.156744732437,0.95718894187429,5,5,10.032909362856,14.536255844842,2831.634227407,2.8069741221109,2.8361608928145
151.82500000002,6.7631614334191,-7.3069114308968,-2.1569264377055,7.0428855065217,5,5,10.03456973142,14.537926126426,2831.9918013221,2.8053512571105,2.8345287281189
151.85000000002,6.764299179906,-7.3083476669793,-2.1571387479809,7.9093330948205,5,5,10.036402009006,14.539770663443,2832.3859519719,2.803577317069,2.8327426643463
151.87500000002,6.7653653474313,-7.3095987019751,-2.1573126053802,6.9804021680862,5,5,10.038045724843,14.541423548239,2832.7094181741,2.8019722658915,2.8311292551963
151.90000000002,6.7662862321184,-7.3107231881596,-2.1574395879612,1.1722403326123,5,5,10.039499168267,14.542882528143,2832.9628821327,2.8005594697927,2.8297128328072
151.92500000002,6.7675137938045,-7.3120808877453,-2.1576302168085,3.2398864173858,5,5,10.041329538683,14.544722798563,2833.3299214501,2.798761438631,2.8279060336021
151.95000000002,6.7688548827939,-7.3136226968401,-2.1578870332694,4.457608348636,5,5,10.04337299041,14.546782325124,2833.7102361482,2.7967618673469,2.8258902943878
151.97500000002,6.7700568043405,-7.3149966614158,-2.1580922097567,0.17898086346914,5,5,10.04519847502,14.548619304016,2834.0404533968,2.7949745807266,2.8240920477184
152.00000000002,6.7711474727587,-7.3162881505545,-2.1582733676397,6.0908765685598,5,5,10.046888889701,14.550319398123,2834.3745555238,2.7933258277819,2.8224343476111
152.02500000002,6.7723392700512,-7.3177349507085,-2.1584898502442,7.8100687569014,5,5,10.048763352683,14.552206320535,2834.7329242792,2.7915028253297,2.820599135823
152.05000000002,6.7734446312048,-7.3190893294746,-2.158687952271,8.3566848282418,5,5,10.050511541781,14.553965698134,2835.1577958137,2.7898045617206,2.8188900101967
152.07500000002,6.7743540430682,-7.3202431530641,-2.1588142539624,2.2624471655361,5,5,10.05198067037,14.555440245838,2835.4066216282,2.788383580219,2.8174655948322
152.10000000002,6.7754637189195,-7.3214654977601,-2.1589721541879,2.4026166514302,5,5,10.053631581346,14.557098690752,2835.7553697033,2.7867615149225,2.8158376450337
152.12500000002,6.7768795406605,-7.322990652125,-2.1592312362916,4.5576585736688,5,5,10.055712602019,14.559195776962,2836.1911224468,2.7847127194011,2.8137728696607
152.15000000002,6.7782260350927,-7.3244904956847,-2.1594707215022,1.0082767498429,5,5,10.057728185795,14.561225538309,2836.4988708175,2.7827345633731,2.8117808140596
152.17500000002,6.779351778584,-7.3257411703619,-2.1596519472102,4.5364151186641,5,5,10.059410887657,14.562917970971,2836.8387002292,2.7810827301429,2.8101200636564
152.20000000002,6.7804759467074,-7.3270182111421,-2.1598547146369,8.5905996384225,5,5,10.061112236276,14.564631359938,2837.2782700183,2.7794163216392,2.80844180066
152.22500000002,6.7816095436077,-7.3283652724957,-2.1600514649745,7.9031893571855,5,5,10.062872808974,14.566402892302,2837.6835752438,2.777700286066,2.806715287071
152.25000000002,6.7825661099,-7.3295301699076,-2.1601897134704,4.2169541194381,5,5,10.064380126144,14.56791653615,2837.9765780134,2.7762353124713,2.805245631664
152.27500000002,6.7836223313699,-7.330730319498,-2.1603405849034,1.3098207072407,5,5,10.065978864032,14.569522377059,2838.2812419033,2.7746695724438,2.803674443189
152.30000000002,6.7851052766633,-7.3322022996057,-2.1605904369312,3.6146728572816,5,5,10.068068326207,14.571626724515,2838.7078552506,2.7725994670895,2.8015899079264
152.32500000002,6.7865000108702,-7.3337021750535,-2.1608432378415,2.7959075679909,5,5,10.070116474118,14.573690414939,2839.0466640169,2.7705830872398,2.7995581198126
152.35000000002,6.7876660849387,-7.3349551643397,-2.1610300644916,3.3843965403856,5,5,10.071828113941,14.575412220701,2839.3695671056,2.7688979136995,2.797863578309
152.37500000002,6.788854981238,-7.3363017496761,-2.1612254570951,7.7988587276144,5,5,10.073624434202,14.577219136512,2839.7842777323,2.7671382621992,2.796094101708
152.40000000002,6.7900302803376,-7.3376546677805,-2.1614323947742,9.02558441544,5,5,10.075416560138,14.579023170484,2840.2624344781,2.7653857172873,2.7943300019121
152.42500000002,6.7911452723528,-7.3387980430805,-2.1615950967643,5.4798812701086,5,5,10.077013593096,14.580628469898,2840.544089635,2.7638073647638,2.7927446417682
152.45000000002,6.7922175804829,-7.3399837377338,-2.1617475987963,0.13892635628845,5,5,10.078612253954,14.582234388142,2840.8056154969,2.7622377165836,2.7911693620713
152.47500000002,6.7936470042581,-7.3414111576011,-2.161981278038,3.342408707555,5,5,10.080632347963,14.584267952942,2841.2038571198,2.7602373973898,2.789156219266
152.50000000002,6.7951766008591,-7.3429598757539,-2.1622593571784,3.3508744638499,5,5,10.082809087194,14.586462382637,2841.6061861646,2.7580841529512,2.7869853604775
152.52500000002,6.7964360914762,-7.3443157250727,-2.1624685755086,1.9008686261155,5,5,10.08465966656,14.588324751102,2841.9434036066,2.7562627445856,2.7851527885436
152.55000000002,6.7976385630657,-7.3454712530931,-2.1626528267195,6.6490626428256,5,5,10.086327354459,14.590002586445,2842.3463548674,2.7546072811268,2.7834880280517
152.57500000002,6.7988029346611,-7.3468359134688,-2.1628621351343,9.3999633315744,5,5,10.088121249426,14.591808650997,2842.818777564,2.7528567012202,2.7817255387143
152.60000000002,6.7998806702129,-7.3481064685025,-2.1630243977984,7.0323075725012,5,5,10.08978732986,14.593482614314,2843.1900495647,2.7512319612687,2.7800943449274
152.62500000002,6.8008761196216,-7.3491651450253,-2.1631468208387,1.4132552614773,5,5,10.091240504146,14.594940936262,2843.4528488338,2.7498002763201,2.7786599299328
152.65000000002,6.8022384534324,-7.3504881207769,-2.1633455343748,3.2447060562252,5,5,10.093139508689,14.59685030928,2843.8025346073,2.7479165298948,2.7767671840608
152.67500000002,6.8038590093284,-7.3520714247932,-2.1636232026493,4.8937410638965,5,5,10.09540513289,14.59913288517,2844.2537571491,2.7456700165699,2.7745040899075
152.70000000002,6.8052469400014,-7.3534738615859,-2.163839727349,0.14415430498294,5,5,10.097378247309,14.601117844478,2844.587427318,2.7437181558707,2.7725413795575
152.72500000002,6.8064697096899,-7.3546644846607,-2.1640164821787,6.1588607590542,5,5,10.099084925081,14.602833650786,2844.9092078735,2.7420255455675,2.7708409457438
152.75000000002,6.8075671209442,-7.3558550115924,-2.1641853142098,10.298330378218,5,5,10.100704080983,14.604461585088,2845.3875082268,2.7404333000587,2.7692409741611
152.77500000002,6.8087214843309,-7.3570360507545,-2.1643550276584,8.6287251215931,5,5,10.102355567686,14.606121769109,2845.8128555317,2.738801210704,2.7676014479128
152.80000000002,6.8097504234416,-7.35816758045,-2.164490395998,3.8702800834282,5,5,10.103884971212,14.607657151711,2846.0912895552,2.7372991983888,2.7660955890169
152.82500000002,6.8110698750112,-7.3594757495086,-2.164680033908,2.567232838352,5,5,10.105742996705,14.609524829753,2846.4149284096,2.7354588113393,2.7642470699249
152.85000000002,6.8126837264013,-7.3610473445669,-2.164946463642,4.3283976877864,5,5,10.107995645664,14.611793179845,2846.8608072634,2.7332248878387,2.7619980606535
152.87500000002,6.8141403759861,-7.3624506263237,-2.1651918881625,1.2816054254581,5,5,10.110018274573,14.613830644175,2847.2052886539,2.7312177223945,2.7599764722333
152.90000000002,6.8154095558912,-7.3636661054112,-2.165374477232,4.4196584865536,5,5,10.111775604094,14.615597433866,2847.5546517517,2.7294732134739,2.7582238520357
152.92500000002,6.8165641600362,-7.364867488911,-2.1655431086688,8.922782090946,5,5,10.113441867292,14.61727220836,2848.001428188,2.7278288795412,2.7565723744528
152.95000000002,6.817850961169,-7.3661154253354,-2.1657213117039,8.4640062834999,5,5,10.115234408079,14.619073585277,2848.4512742484,2.7260508489384,2.7547872176961
152.97500000002,6.8190082861347,-7.3673097804338,-2.1658748861765,4.3815683263304,5,5,10.116897503139,14.620743756015,2848.7507190808,2.7244085980294,2.7531399747679
153.00000000002,6.8202683240363,-7.3685363112624,-2.1660397803887,0.46034829306648,5,5,10.118655932377,14.622509899693,2849.0560257288,2.7226648612837,2.7513906767101
153.02500000002,6.8218285131703,-7.3699470119449,-2.1662726292998,2.7116834062285,5,5,10.120759326432,14.624626142865,2849.4121233659,2.7205704861123,2.7492846094431
153.05000000002,6.8233364613349,-7.3713816473272,-2.1665190111041,1.8253353409285,5,5,10.122840692894,14.626722041322,2849.7820785128,2.7185036139789,2.7472038086558
153.07500000002,6.8246609629618,-7.3726626419226,-2.1667132081337,3.4454886443012,5,5,10.124683313775,14.628574867325,2850.1125476306,2.7166756897091,2.7453669843675
153.10000000002,6.8259179091466,-7.3739664364385,-2.1668917163364,7.3590620495056,5,5,10.126494333888,14.63039466375,2850.5467836994,2.7148882274595,2.7435724636264
153.12500000002,6.8272626955488,-7.3751443107817,-2.1670776849263,8.6237628469812,5,5,10.1282820247,14.632192001435,2851.0495683819,2.7131058595158,2.7417819101284
153.15000000002,6.8284532953799,-7.3763136729406,-2.1672291872662,5.831154073263,5,5,10.129950837396,14.633867677053,2851.3596053089,2.7114520794265,2.740123573804
153.17500000002,6.8296442866282,-7.3774811452232,-2.1673786672453,0.70711170722849,5,5,10.131618605871,14.635542130978,2851.667018904,2.7097991358533,2.7384663599681
153.20000000002,6.8311907619001,-7.3788819678544,-2.16759615964,2.3100068954461,5,5,10.133705203534,14.637640032966,2852.0764463135,2.7077217703109,2.7363793546856
153.22500000002,6.8328407989082,-7.3803718877403,-2.1678542373715,2.9282415218721,5,5,10.135928373207,14.63987813205,2852.4387257888,2.7055081269327,2.7341516424847
153.25000000002,6.8341836550569,-7.3816052031256,-2.168040018123,1.8974508977629,5,5,10.13775164759,14.641710846966,2852.7635238774,2.7036941688313,2.7323298677487
153.27500000002,6.8353551627995,-7.3828033891442,-2.1682040273642,6.9870976188633,5,5,10.139427380304,14.643394586601,2853.1797663394,2.7020385173757,2.7306678865131
153.30000000002,6.8366899538552,-7.3841545825792,-2.1684026274852,8.8214658997772,5,5,10.141326693564,14.645304254863,2853.6671565487,2.7001605079607,2.7287808848878
153.32500000002,6.8380050101887,-7.3853937752799,-2.1685868438734,6.7206015150834,5,5,10.143133616836,14.647120544318,2854.0528501555,2.6983653564472,2.7269779520073
153.35000000002,6.8391764016559,-7.3865442973513,-2.1687387229416,1.9176499925855,5,5,10.14477552396,14.648769461011,2854.3474115007,2.6967383869353,2.7253461110267
153.37500000002,6.8405780790287,-7.3878215351065,-2.1689193571782,1.8084243915933,5,5,10.146671845595,14.650674366381,2854.7214012402,2.6948510970808,2.723452529746
153.40000000002,6.8422179952899,-7.3892585993195,-2.1691750582207,2.8634692145642,5,5,10.148852322353,14.652869784773,2855.1026714118,2.6926772995881,2.7212646014153
153.42500000002,6.8437159752976,-7.3906350718622,-2.1693997929086,0.19364482884418,5,5,10.150886682391,14.654916520331,2855.4424202835,2.6906535018666,2.7192295754286
153.45000000002,6.8450186692423,-7.3917541368702,-2.1695621425094,5.6625842832181,5,5,10.152604040248,14.656641534939,2855.7673434052,2.688940180106,2.7175107854386
153.47500000002,6.8462377872772,-7.3929706140032,-2.1697373222253,8.7995498722191,5,5,10.154326267119,14.658372648261,2856.2624821465,2.687235590046,2.7157987821706
153.50000000002,6.8475722484113,-7.3941737855249,-2.1699166027298,7.6002721544793,5,5,10.156123044298,14.660178347496,2856.6884386712,2.6854465284017,2.7140026047611
153.52500000002,6.8487449527976,-7.3952996618458,-2.1700651552642,2.7787416090968,5,5,10.157748723561,14.661810799922,2857.001151268,2.6838333505242,2.7123849088861
153.55000000002,6.8501073404334,-7.3965423459305,-2.1702436065884,0.45455405747375,5,5,10.1595927311,14.663663422031,2857.3154100641,2.6819983027684,2.7105433547028
153.57500000002,6.851778166856,-7.3979584392074,-2.170489968502,2.7256505721469,5,5,10.161782932256,14.665867435483,2857.7410450306,2.6798123454643,2.7083447591077
153.60000000002,6.8533785306055,-7.3993580107372,-2.1707396753898,0.6603014357178,5,5,10.163908953093,14.668008070465,2858.108824018,2.6776927588236,2.7062113523367
153.62500000002,6.8546005332501,-7.4004967910084,-2.1708978241925,4.0052627254467,5,5,10.165579315619,14.669685903,2858.4406532237,2.6760323965724,2.7045455895949
153.65000000002,6.8559096545417,-7.4017250663367,-2.1710728944708,7.4917234292365,5,5,10.167374436462,14.671489540558,2858.8901424575,2.6742487118935,2.7027553565684
153.67500000002,6.857163901245,-7.4028840211436,-2.1712427724395,8.7675111147845,5,5,10.169082157469,14.67320569019,2859.400147408,2.6725504665105,2.7010504162894
153.70000000002,6.8583686224445,-7.4039981720204,-2.1713911603962,4.742702357913,5,5,10.170723097853,14.674853326173,2859.7298860738,2.6709187168921,2.6994143863313
153.72500000002,6.8596172939193,-7.4051816513525,-2.1715500290025,0.24025039943422,5,5,10.17244350588,14.676581053876,2860.0733635484,2.6692103127465,2.6977009952034
153.75000000002,6.8612463719838,-7.4065875592929,-2.1717846913974,2.5902375218072,5,5,10.174595359146,14.678745664445,2860.4485492628,2.6670639826507,2.6955433194242
153.77500000002,6.8628068247054,-7.4078964064575,-2.1720182031183,1.5208204316803,5,5,10.176632046063,14.680795694035,2860.8241300642,2.6650306792037,2.6934976448634
153.80000000002,6.8641225884153,-7.409084636782,-2.1721951957299,3.3306942049979,5,5,10.178404932253,14.682577393176,2861.1668042594,2.6632656664781,2.6917256229241
153.82500000002,6.8653404363592,-7.4102919418256,-2.1723601614669,7.7379654706394,5,5,10.180119790581,14.684300167908,2861.5764350715,2.6615678016665,2.6900217857197
153.85000000002,6.8666344812117,-7.4115205207747,-2.1725521356236,7.9996379102008,5,5,10.181904155542,14.686094830102,2862.0712028699,2.6597961374276,2.6882410139007
153.87500000002,6.8678730490387,-7.4125922147144,-2.1727035774052,5.7194797765516,5,5,10.183542013338,14.687739674403,2862.4422635327,2.6581626759476,2.6866028654921
153.90000000002,6.8691443876016,-7.4137212724183,-2.1728614377424,1.1959746586647,5,5,10.185242328909,14.689447302269,2862.7528133867,2.6564686789925,2.6849038938834
153.92500000002,6.8707307891178,-7.4150811354185,-2.1730787885514,2.1159506485847,5,5,10.187331801845,14.691548049404,2863.1071963591,2.6543841432086,2.6828098872611
153.95000000002,6.8723723032184,-7.4164159872625,-2.1733186092172,2.2570551518692,5,5,10.189447551828,14.693677347865,2863.4926693537,2.6522703371847,2.6806836605729
153.97500000002,6.8737831059035,-7.4176148004893,-2.1735101588205,1.9021060560638,5,5,10.191298907377,14.695538586329,2863.8399613036,2.650422834261,2.6788279259124
154.00000000002,6.8750232055239,-7.4187870832516,-2.17367226288,6.4562889850372,5,5,10.193005393223,14.697252754253,2864.2199567188,2.6487281221661,2.6771276411591
154.02500000002,6.8764062364061,-7.4199897854628,-2.1738618892168,7.7899393218958,5,5,10.194838223556,14.699095367934,2864.7129167139,2.646900593301,2.6752919528819
154.05000000002,6.8777061059138,-7.421122068707,-2.1740358770853,7.5125851821949,5,5,10.196562093064,14.700827995378,2865.1206908597,2.6451818264156,2.6735661468932
154.07500000002,6.8789715662271,-7.4222949888678,-2.1742001866659,2.2465034146862,5,5,10.198287529678,14.702561237758,2865.4849075627,2.6434664210133,2.6718450757726
154.10000000002,6.8804537872051,-7.4235809908106,-2.1743946658377,1.5533170624911,5,5,10.200249870124,14.704533191655,2865.8404475843,2.641509613972,2.6698807845311
154.12500000002,6.8821285395693,-7.4249334210698,-2.1746377875594,2.5010954842561,5,5,10.20240251108,14.706699518329,2866.262421571,2.6393586817577,2.6677173611225
154.15000000002,6.8836692420383,-7.4262068512001,-2.1748651089697,0.41986225578323,5,5,10.204401357846,14.708711249777,2866.6258343728,2.6373624613057,2.6657093043378
154.17500000002,6.8849312531011,-7.4273678258603,-2.1750234602185,5.1083061673114,5,5,10.206116156401,14.7104333442,2867.0501094417,2.6356569881622,2.6639989369281
154.20000000002,6.8862401334043,-7.428602409483,-2.1752075945425,8.5491509952225,5,5,10.207915424133,14.712242009403,2867.5797243666,2.6338699970031,2.6622041705346
154.22500000002,6.8875990802374,-7.4297868055541,-2.1754012990092,7.5254193386876,5,5,10.209718069563,14.714055032285,2868.0539096047,2.6320727804956,2.6603978971317
154.25000000002,6.8888248233497,-7.4309326823607,-2.1755569476573,3.5470428178259,5,5,10.211396008726,14.715740175108,2868.393570931,2.6304054580593,2.658725675688
154.27500000002,6.8902413169483,-7.4321772695529,-2.1757394183424,1.1265013788303,5,5,10.213281599189,14.717634573943,2868.762934563,2.6285261678018,2.6568398429311
154.30000000002,6.8918931799825,-7.4335738790744,-2.1759862169371,2.4678935605789,5,5,10.215444738029,14.719811746234,2869.1499351768,2.6263672928443,2.6546680412022
154.32500000002,6.893441710585,-7.4349197041034,-2.1762089855798,0.5324100009092,5,5,10.217496369583,14.721875436595,2869.5232456656,2.6243216569824,2.6526117728771
154.35000000002,6.8947006324187,-7.4359610570217,-2.1763652702661,4.1435749406537,5,5,10.219130168862,14.723516693731,2869.8762040313,2.6226900774379,2.6509748313139
154.37500000002,6.8960476034388,-7.4369775431811,-2.1765371554121,8.517749616137,5,5,10.2208176448,14.725212901131,2870.3896472479,2.6210026492767,2.649280366584
154.40000000002,6.8974708576499,-7.438281563089,-2.1767354893042,7.4479754646513,5,5,10.222747960958,14.727153379629,2870.8669006872,2.6190825245913,2.647351837434
154.42500000002,6.8987348374052,-7.4394675524799,-2.1769040500588,4.7056858459773,5,5,10.224481228294,14.728894823968,2871.2698769633,2.6173606559467,2.6456237893327
154.45000000002,6.9000846579052,-7.440655483577,-2.1770751391944,0.33096118831651,5,5,10.22627933721,14.730701054066,2871.6168414112,2.6155687268477,2.6438260635837
154.47500000002,6.9017041040457,-7.4419732450932,-2.1772992446717,2.3543431132585,5,5,10.22836718328,14.732800893222,2872.0374756728,2.6134829320247,2.6417298852983
154.50000000002,6.9033177575314,-7.4432907830228,-2.1775378662319,1.7522629339429,5,5,10.230450398048,14.734897729891,2872.4305577787,2.6114019246576,2.6396363283239
154.52500000002,6.9046161119731,-7.4444052367975,-2.1777120017023,2.4754061444027,5,5,10.232161459553,14.736617629491,2872.7964021502,2.6096951365065,2.6379223963982
154.55000000002,6.9058483607387,-7.445544885444,-2.1778712755751,7.5785988172869,5,5,10.233839921961,14.73830363193,2873.2660569438,2.6080264169272,2.6362482965018
154.57500000002,6.9071904006337,-7.4466863527174,-2.1780487201683,9.1105294493404,5,5,10.235601744488,14.740074367709,2873.8316249246,2.606268463922,2.6344832694148
154.60000000002,6.9084353174674,-7.4477948824586,-2.1782086342532,5.8108709845359,5,5,10.237268674634,14.741748950829,2874.2359144859,2.604608137156,2.6328173843879
154.62500000002,6.9096992491178,-7.4489372474296,-2.1783661791138,0.63597997267785,5,5,10.238972353284,14.743459898323,2874.5799803117,2.6029123864529,2.6311168038081
154.65000000002,6.9113034406481,-7.4502525950302,-2.1785827636533,2.205010958679,5,5,10.24104685799,14.745545678426,2874.9713987705,2.6008403134869,2.6290353166042
154.67500000002,6.9129523560715,-7.4516161837997,-2.1788283561264,2.3020292763812,5,5,10.243186553391,14.747699422159,2875.369036056,2.5987035826154,2.6268856303725
154.70000000002,6.9142817978209,-7.4527792278626,-2.179007048329,2.1080686020641,5,5,10.24495293015,14.749474814443,2875.7403683818,2.5969429213278,2.625117754562
154.72500000002,6.9155156023112,-7.4538611907749,-2.1791579618847,6.1997673141932,5,5,10.2465939412,14.751122750171,2876.1798723099,2.5953073848005,2.6234777222926
154.75000000002,6.9167644847972,-7.4549170724948,-2.1793241000481,9.0528175940106,5,5,10.2482293597,14.752766585795,2876.7262794413,2.5936752812698,2.6218388636408
154.77500000002,6.9179541388859,-7.455962871141,-2.179474874995,7.9120778357912,5,5,10.249813333077,14.754357718959,2877.2006615211,2.5920967619048,2.6202552616657
154.80000000002,6.9191844230765,-7.4570580949621,-2.1796276526553,2.8722402800105,5,5,10.251460486502,14.756011942469,2877.5757028478,2.5904561736284,2.6186099677583
154.82500000002,6.9207289443664,-7.4583264300223,-2.1798311845597,1.8030613437611,5,5,10.25345904094,14.758020833973,2877.9668964363,2.5884600671371,2.6166055585407
154.85000000002,6.9224450457046,-7.4597008474672,-2.1800777797186,2.7106649255127,5,5,10.255657683047,14.760233261664,2878.3669515368,2.5862629540344,2.6143960083427
154.87500000002,6.9239212883588,-7.4609128826105,-2.1802749943349,0.33273457441954,5,5,10.257567741047,14.762153473936,2878.7560624883,2.584355233292,2.6124799636424
154.90000000002,6.9251321392866,-7.4620282907668,-2.1804158573595,6.3058513827346,5,5,10.259214038506,14.763805786774,2879.1826773002,2.5827182614105,2.6108400027703
154.92500000002,6.9263950011643,-7.46317884958,-2.1805760151266,9.0492040215154,5,5,10.260922431232,14.765521670283,2879.7211693595,2.5810185856701,2.6091351926109
154.95000000002,6.927715897443,-7.4642322124732,-2.180732167799,7.6051752723462,5,5,10.262611910549,14.767218350577,2880.2157921627,2.5793301647745,2.607442105618
154.97500000002,6.9289499885071,-7.4653031810828,-2.1808800906575,4.2580029970275,5,5,10.264245910096,14.768859032048,2880.6164490337,2.5777010059546,2.6058088502829
155.00000000002,6.9304321981573,-7.4665290557116,-2.1810624146411,1.9581957470193,5,5,10.266169374172,14.77079111799,2881.0090823411,2.5757802746742,2.6038821320255
155.02500000002,6.9321695078089,-7.4679179841243,-2.1813022355804,3.3116513267993,5,5,10.268393641908,14.773028277136,2881.4270279427,2.5735575081597,2.6016482171959
155.05000000002,6.9337149180633,-7.4691604463747,-2.1815075677726,0.33741277797705,5,5,10.270376570373,14.775021808327,2881.8246790461,2.5715761273542,2.599658139188
155.07500000002,6.9349877377451,-7.4701297103724,-2.1816473884493,3.8247761732416,5,5,10.271976427441,14.776627763638,2882.210564586,2.5699764096871,2.5980552078916
155.10000000002,6.9362626569821,-7.4712000761669,-2.1818000086222,8.5605116417225,5,5,10.273641090169,14.778299408011,2882.7018634383,2.5683148226178,2.5963892025825
155.12500000002,6.9376087744193,-7.4722635809876,-2.1819624103892,8.6758124170486,5,5,10.275356629343,14.780022616934,2883.2561367822,2.5666001116904,2.5946692165236
155.15000000002,6.9388747802483,-7.4733199213395,-2.1821196953902,4.9888409122556,5,5,10.277005454894,14.781678927373,2883.662614231,2.5649540413183,2.5930178820763
155.17500000002,6.9402919267399,-7.4745002658707,-2.1822941388081,0.34610082532319,5,5,10.2788497752,14.783531479099,2884.0317314267,2.5631127142366,2.5911708898266
155.20000000002,6.9419817865725,-7.4758227415412,-2.1825168567087,3.2238829044818,5,5,10.280995600951,14.785688831971,2884.4472878444,2.5609676456376,2.5890163637243
155.22500000002,6.9435926915683,-7.4770922462387,-2.1827312361253,1.407878621099,5,5,10.283046614623,14.787751019067,2884.848335523,2.5589175533099,2.5869570122849
155.25000000002,6.9448887147992,-7.4781275094027,-2.1828741591634,3.6612384863196,5,5,10.284705362956,14.789415913366,2885.2328899104,2.5572599148691,2.5852963567439
155.27500000002,6.9460815005313,-7.4791515883133,-2.1830158312777,7.4373943614369,5,5,10.286277455644,14.790994376672,2885.7440730087,2.5556919011864,2.5837245413324
155.30000000002,6.9474852464894,-7.4802922505504,-2.1831834428539,8.8718349070913,5,5,10.288086215731,14.792810886153,2886.2687076472,2.5538849733525,2.5819125967241
155.32500000002,6.9487543174788,-7.4814167599059,-2.1833336004426,6.4621798873118,5,5,10.289781816647,14.794513122848,2886.709387034,2.5521958990557,2.5802197949391
155.35000000002,6.9501113573749,-7.482565217326,-2.1834906604586,0.59781142824827,5,5,10.291559599459,14.796297829988,2887.1301674692,2.5504218801666,2.5784419606873
155.37500000002,6.9517266385844,-7.4838217181486,-2.1836835946944,2.167904897784,5,5,10.293606042154,14.798353347276,2887.5399114703,2.5483760212031,2.5763899705975
155.40000000002,6.9533990441566,-7.4850835823082,-2.1838933813282,1.8239124374864,5,5,10.295701093837,14.800458876185,2887.9488670191,2.546281057749,2.5742869358437
155.42500000002,6.9547503185883,-7.4861873233446,-2.1840542726111,2.1556290463213,5,5,10.297445853667,14.802211038526,2888.3352153808,2.5445382841131,2.5725394559493
155.45000000002,6.9560146112916,-7.4872252019771,-2.184192812933,5.7984853297,5,5,10.299081588393,14.80385262968,2888.7686575002,2.5429046106346,2.5709031813802
155.47500000002,6.9573961371167,-7.4883327000171,-2.1843643747509,7.3641693932037,5,5,10.300852228253,14.805631561655,2889.3128011183,2.5411352908697,2.5691278813023
155.50000000002,6.9587284101084,-7.4894656174702,-2.1845235980931,5.5254856936602,5,5,10.302601071666,14.807387638348,2889.7054090764,2.5393904434929,2.5673786069249
155.52500000002,6.9600598230533,-7.490577253036,-2.1846736064718,0.97062805662775,5,5,10.304335543937,14.809128585382,2890.1169765827,2.5376589515877,2.5656439035148
155.55000000002,6.9617014843332,-7.4918483072105,-2.1848808241555,2.0184308459116,5,5,10.306411749725,14.811215106324,2890.5538773756,2.5355832400916,2.5635603125979
155.57500000002,6.9633653702197,-7.4930873161714,-2.1850839509457,1.9709435222474,5,5,10.308486276044,14.813299553479,2890.9237686868,2.533508723471,2.561478510373
155.60000000002,6.9647502986606,-7.4941818708421,-2.1852487380295,1.9330957055146,5,5,10.310251517306,14.815072469579,2891.329145845,2.5317443759002,2.5597091446579
155.62500000002,6.9660091319035,-7.495224621215,-2.1853854412212,5.9727405886839,5,5,10.311886139425,14.816712797972,2891.7923456406,2.5301122093887,2.5580746598699
155.65000000002,6.9673546046979,-7.4963735738581,-2.1855611472078,6.7389318532413,5,5,10.313655430022,14.818490791731,2892.3122516017,2.5283472333592,2.5563030698371
155.67500000002,6.9687449246585,-7.4975074835057,-2.1857256338891,5.4195375671451,5,5,10.315449514937,14.820292401165,2892.7797012519,2.5265551534099,2.5545063304831
155.70000000002,6.9700491418782,-7.4985752588129,-2.185871558894,1.8295537934565,5,5,10.317135079135,14.821984270182,2893.1930177308,2.5248716283879,2.5528197007417
155.72500000002,6.971579571613,-7.4997568383076,-2.1860566262319,1.7384091942521,5,5,10.319068559229,14.823926587147,2893.6375803918,2.5229385601918,2.5508804878623
155.75000000002,6.9732030692165,-7.500996609489,-2.1862517092889,1.9977260232692,5,5,10.321111296865,14.825978618933,2894.0457337925,2.5208960635847,2.5488315712078
155.77500000002,6.9745861707313,-7.5020867301829,-2.1864152559519,1.5407545876067,5,5,10.322872357037,14.827747256951,2894.4286452665,2.5191358327186,2.5470664871364
155.80000000002,6.9758255547675,-7.5031023636843,-2.1865481298526,4.8226575389412,5,5,10.324474725346,14.829355125003,2894.867693667,2.5175354452996,2.5454640277147
155.82500000002,6.9773132676662,-7.5042561983377,-2.1867340413918,6.6846553637301,5,5,10.326357442551,14.831246998988,2895.3919019153,2.5156532227973,2.5435749942657
155.85000000002,6.9786435198332,-7.5053729346331,-2.186893323756,5.6421910058185,5,5,10.328094299132,14.832991143951,2895.8196206407,2.5139196654705,2.5418369325349
155.87500000002,6.9799780559679,-7.5064348868177,-2.1870404015264,1.1778645741742,5,5,10.329799798806,14.834702973676,2896.2524531165,2.5122152379298,2.5401294886697
155.90000000002,6.9815667799987,-7.5076706853932,-2.1872369977156,2.089341858131,5,5,10.33181256858,14.836725321873,2896.6485143581,2.5102030688452,2.5381103684501
155.92500000002,6.9831944724585,-7.5088788270517,-2.1874306150657,1.6597156105164,5,5,10.333839632716,14.838761611805,2897.0594997122,2.5081760082451,2.5360769653801
155.95000000002,6.9845160567683,-7.5099296812055,-2.187582739654,1.5960014119351,5,5,10.335528087495,14.840456905712,2897.4634160778,2.5064885957006,2.5343856158129
155.97500000002,6.9856966600841,-7.5108788820293,-2.1877009927204,4.707466988286,5,5,10.337042949335,14.841976376074,2897.9292728965,2.5049749797519,2.5328711657944
156.00000000002,6.987105567591,-7.5120756420867,-2.1878786007409,6.9500850911731,5,5,10.338891531223,14.843833470473,2898.4729213202,2.5031306180251,2.5310208319143
156.02500000002,6.9885050221632,-7.5131931922767,-2.1880448174253,4.304555208349,5,5,10.340682450408,14.845632086472,2898.9573892169,2.5013409462437,2.5292262756325
156.05000000002,6.9898758745535,-7.514292910332,-2.1882012286647,1.2953754712403,5,5,10.342439896304,14.847396478876,2899.3992338969,2.4995848767329,2.5274664073763
156.07500000002,6.9914376304994,-7.5155062195102,-2.18839177157,1.7479846186883,5,5,10.344417571908,14.849383312385,2899.8073623556,2.4976077707452,2.5254828895773
156.10000000002,6.9929966385036,-7.5166672411169,-2.1885724112621,0.92962658639416,5,5,10.346361402438,14.851335518273,2900.22568918,2.4956639530661,2.5235337645185
156.12500000002,6.9943544322522,-7.5177248157832,-2.1887310684859,1.5944771356968,5,5,10.348082468398,14.853063881705,2900.6171322529,2.4939434366423,2.5218087368669
156.15000000002,6.9955179680215,-7.5186907050476,-2.1888549325195,4.5587352446687,5,5,10.34959467128,14.854581148938,2901.0701430601,2.492433638803,2.5202972613706
156.17500000002,6.9970320566819,-7.5198683160549,-2.1890440994955,6.585594809527,5,5,10.351512803746,14.856508586693,2901.5654143702,2.4905160878376,2.5183728610538
156.20000000002,6.9983842005828,-7.520961736642,-2.1891989777302,3.6069795032639,5,5,10.353251729193,14.858254395668,2902.008864336,2.4887788155948,2.5166318352696
156.22500000002,6.9997043227037,-7.5220361906327,-2.1893451505372,0.76406765884524,5,5,10.354953837824,14.859962769246,2902.444230991,2.4870785710166,2.5149287234167
156.25000000002,7.0013505600575,-7.5232570533916,-2.18954353297,1.3682099557269,5,5,10.357003375162,14.862021885292,2902.8944913604,2.4850290368807,2.5128724462645
156.27500000002,7.0029302448014,-7.5244653369863,-2.1897415788107,0.66492271841706,5,5,10.358992182125,14.864020528654,2903.3051303109,2.4830405048819,2.5108765495817
156.30000000002,7.004202785774,-7.5254507976579,-2.1898795666974,2.3564600765122,5,5,10.360601683061,14.865635933842,2903.6905153725,2.4814314156228,2.5092648111693
156.32500000002,7.0054645749226,-7.5265043203304,-2.1900195231085,5.0499208696902,5,5,10.362245465856,14.867285664024,2904.1654843116,2.479790531455,2.5076213424437
156.35000000002,7.0069359624982,-7.5276647837626,-2.1902002341186,5.696212957084,5,5,10.364119407364,14.869168298679,2904.6553853609,2.4779175221455,2.5057422739918
156.37500000002,7.0083299097561,-7.5287894374917,-2.190363578906,3.0761424865122,5,5,10.365910478264,14.870966802637,2905.1043293617,2.4761280798069,2.5039484295329
156.40000000002,7.0097039519205,-7.5298900350242,-2.1905181554451,0.12157302741489,5,5,10.367670963083,14.872734060599,2905.5561353512,2.4743689434121,2.5021858622645
156.42500000002,7.0113344276443,-7.5311209121718,-2.1907170857413,1.0841189987331,5,5,10.369713880026,14.874786640172,2905.9822796617,2.4723261381403,2.500136189104
156.45000000002,7.0127751196402,-7.5322352665978,-2.1908848913396,0.72162475846158,5,5,10.371535247428,14.876615721343,2906.3988466777,2.4705052191283,2.4983105680024
156.47500000002,7.0139895209683,-7.5331705141967,-2.1910157862835,2.8148637007313,5,5,10.373068041823,14.878154094557,2906.8177017946,2.4689727344071,2.4967756667279
156.50000000002,7.0153153991464,-7.5342137966721,-2.1911742246758,4.7191276287384,5,5,10.374755166972,14.879848642871,2907.2754322373,2.467286395766,2.4950845295212
156.52500000002,7.0167335910976,-7.5353132432832,-2.1913365333592,4.9152694326801,5,5,10.3765496171,14.881650418487,2907.7286011136,2.4654924343794,2.493286396553
156.55000000002,7.0181015840336,-7.5363936698963,-2.1914939924747,1.6137601611843,5,5,10.378292811391,14.883400709809,2908.1414126725,2.4637501538771,2.4915400948858
156.57500000002,7.0196150778653,-7.5375816539927,-2.1916797426402,1.290591580542,5,5,10.380216861752,14.885333705649,2908.5869890318,2.4618269351352,2.4896106637342
156.60000000002,7.0211263903556,-7.5387091055117,-2.191856690422,0.11138084516709,5,5,10.382102388833,14.887227517384,2908.9978526535,2.4599414304535,2.4877198415204
156.62500000002,7.0224491394786,-7.539744010426,-2.1920084047996,1.5820997733985,5,5,10.383781880847,14.88891384792,2909.4084693496,2.4582625899272,2.4860371404291
156.65000000002,7.0236390438378,-7.5406884982612,-2.1921371749929,3.6519492393691,5,5,10.385301068016,14.890438482767,2909.8619135787,2.4567443269802,2.4845166470169
156.67500000002,7.0250592306486,-7.5418238199223,-2.1923004166583,4.5193679183247,5,5,10.387119277534,14.892264005622,2910.3239400754,2.4549274560753,2.4826957481601
156.70000000002,7.0264259157759,-7.5428858891903,-2.1924493219135,2.9885594296783,5,5,10.388850121076,14.894001242549,2910.759604026,2.4531971379899,2.4809625771543
156.72500000002,7.0277556463308,-7.5439326790128,-2.192589957533,1.0000410759174,5,5,10.390542442641,14.895699397624,2911.1966392761,2.4515056259016,2.479269016662
156.75000000002,7.0294426031838,-7.5451850939605,-2.1927844105627,1.0944594991167,5,5,10.392643482057,14.897809416251,2911.6234056461,2.4494045939742,2.4771624963496
156.77500000002,7.0308508547888,-7.5462638156492,-2.1929388723501,0.98565859769296,5,5,10.394417407947,14.899590054201,2912.0509833524,2.4476309464004,2.4753856674063
156.80000000002,7.0320905811987,-7.5472231658716,-2.1930639805771,3.2857574830919,5,5,10.395984977538,14.90116260833,2912.4637585115,2.4460637788878,2.473817391717
156.82500000002,7.033483224543,-7.5483634434317,-2.1932266131915,4.7593088584199,5,5,10.39778489098,14.902969854237,2912.9280556161,2.4442661312793,2.4720156213866
156.85000000002,7.0349091654094,-7.5494526333004,-2.1933819388938,3.6079007358162,5,5,10.399579227047,14.904770900599,2913.3729013676,2.4424720369394,2.4702184612023
156.87500000002,7.0362766226025,-7.55053110828,-2.1935307185153,1.8269324185451,5,5,10.401320791705,14.906518808729,2913.8473903039,2.4407313598595,2.4684751019026
156.90000000002,7.0378048996788,-7.5517206284638,-2.1937055747076,0.27088396178036,5,5,10.403257435474,14.908463330207,2914.3197053458,2.4387953480647,2.4665347100322
156.92500000002,7.0392243762964,-7.5528089765845,-2.1938622127402,0.72467441521052,5,5,10.405046126476,14.910258866609,2914.7473437228,2.4370069562405,2.4647430078633
156.95000000002,7.0404942595902,-7.5538003810998,-2.1939940771411,2.447398582337,5,5,10.406657177839,14.911875305508,2915.1428992909,2.4353964942912,2.4631309444461
156.97500000002,7.0418239995656,-7.5548566877988,-2.1941419848853,4.2437473709828,5,5,10.408355409933,14.913579966455,2915.610264808,2.4336993325958,2.4614307615806
157.00000000002,7.043227266468,-7.5559761010786,-2.1942961838057,3.3591207986677,5,5,10.41015047096,14.915381638289,2916.0675656682,2.4319055391504,2.4596340990522
157.02500000002,7.0445787485137,-7.5570619608632,-2.1944433023965,1.826103273506,5,5,10.411884136207,14.917121534571,2916.4962802854,2.4301733385815,2.4578994005702
157.05000000002,7.0460829093285,-7.5582374135449,-2.1946130386229,0.33680129539887,5,5,10.413793112049,14.919038041589,2916.9641823963,2.4282650911546,2.4559872589524
157.07500000002,7.047518788054,-7.559356883374,-2.194773019922,1.1810412990299,5,5,10.415613815323,14.920865759956,2917.3645635865,2.426445027707,2.4541637729775
157.10000000002,7.0487783045837,-7.5603573294397,-2.1949057175248,2.0975010387165,5,5,10.417222315935,14.92247972491,2917.7933731077,2.4248375458082,2.4525545617202
157.12500000002,7.0501219739819,-7.5614415169351,-2.1950578735054,3.9826434923105,5,5,10.418948847133,14.924212947752,2918.2647797571,2.4231126316262,2.4508263330325
157.15000000002,7.0515501491842,-7.562579491861,-2.1952156439561,2.4716729149933,5,5,10.420774955383,14.926045858785,2918.6755871428,2.4212877851182,2.448998465314
157.17500000002,7.0528883409433,-7.5636482941618,-2.1953616069949,1.5868997782448,5,5,10.422487583639,14.927764695819,2919.1057783013,2.419576416586,2.4472845681638
157.20000000002,7.0545141073868,-7.5649125155363,-2.1955564474478,0.30132955201474,5,5,10.424547042843,14.929833351183,2919.5705991023,2.4175176207055,2.4452198483986
157.22500000002,7.0558784952727,-7.5659793001873,-2.19570318145,1.092684054909,5,5,10.426278973498,14.931571486582,2919.9796211726,2.4157863714813,2.4434861906973
157.25000000002,7.0572643964908,-7.5670549051299,-2.1958566090097,0.089764792901659,5,5,10.42803329621,14.93333250566,2920.445166035,2.4140325743565,2.4417292409411
157.27500000002,7.0586982747263,-7.568175018469,-2.1960177313881,0.4565798184359,5,5,10.429852818314,14.935159147691,2920.8815788207,2.4122137480511,2.4399068491498
157.30000000002,7.0601770769709,-7.5693270189606,-2.19618550342,0.072008413597121,5,5,10.431727374585,14.937041196751,2921.3732448355,2.4103398414716,2.4380290086249
157.32500000002,7.0616291148426,-7.5704553735907,-2.196348159265,0.30880355394883,5,5,10.433566286804,14.938887288589,2921.8204375691,2.4085015107576,2.4361871142885
157.35000000002,7.0631123190472,-7.5715931158913,-2.1965217004335,0.39988295733316,5,5,10.435435605465,14.940764645453,2922.3136787137,2.4066325259989,2.4343132830618
157.37500000002,7.0646190716224,-7.572774495043,-2.1966996034161,1.1382642266056,5,5,10.437350275155,14.942687562376,2922.7974156175,2.4047186903934,2.4323944601145
157.40000000002,7.0660703718822,-7.5739046447405,-2.1968648485722,1.8463048695146,5,5,10.439189707346,14.94453440204,2923.2783619717,2.4028798906322,2.4305517284732
157.42500000002,7.0675154202172,-7.5750383179014,-2.1970278480731,1.2140494436797,5,5,10.441026383563,14.94637829693,2923.7907614492,2.4010440326133,2.4287122483465
157.45000000002,7.0689219503496,-7.5762075022125,-2.1971939680712,2.179043833966,5,5,10.442855404877,14.948214846635,2924.2650422017,2.3992181040076,2.4268821200863
157.47500000002,7.0703802602492,-7.5773388088449,-2.1973581722779,1.444633363285,5,5,10.444701081571,14.950067813305,2924.7600558897,2.3973729799209,2.4250333088653
157.50000000002,7.0718547474643,-7.5785141570162,-2.1975315250511,2.0251814537337,5,5,10.446586699738,14.951961383229,2925.253476445,2.3954887010126,2.4231444169566
157.52500000002,7.0732999545359,-7.579638315608,-2.1976934598087,0.33066347975526,5,5,10.448417643762,14.953799474327,2925.7482747548,2.39365836737,2.4213105801472
157.55000000002,7.0747502672476,-7.5807707745292,-2.1978622008983,1.5222917689827,5,5,10.450257717176,14.955647268613,2926.2577743983,2.3918189998187,2.4194667921722
157.57500000002,7.0761503274786,-7.5818854294803,-2.198022174193,1.1651053394565,5,5,10.452047304925,14.957443992233,2926.7603990091,2.390030647833,2.4176747635803
157.60000000002,7.0776356031554,-7.5830438885677,-2.1981922090962,1.3788220662851,5,5,10.453930937398,14.959335283634,2927.2574535873,2.3881477123455,2.4157877211287
157.62500000002,7.0791077193136,-7.5842126953516,-2.1983627562396,0.81309168016544,5,5,10.455810627607,14.961222694985,2927.7689558138,2.3862692316678,2.4139050107595
157.65000000002,7.0805604639882,-7.5853508576697,-2.1985292121277,1.1032299486196,5,5,10.457656130398,14.96307568935,2928.3037453944,2.3844245277008,2.4120563131255
157.67500000002,7.0819976490628,-7.5864572796062,-2.198686382482,0.27812097556804,5,5,10.459469875264,14.964896231291,2928.809903393,2.382611181158,2.4102400207595
157.70000000002,7.0833895139687,-7.5875525193982,-2.1988412612333,0.11345480800747,5,5,10.461240987378,14.966674102362,2929.2941988103,2.3808409523997,2.4084667035114
157.72500000002,7.0848669260074,-7.5887220592108,-2.1990162911042,1.5245669435712,5,5,10.463125282924,14.968566509602,2929.798871303,2.3789577796293,2.4065786996841
157.75000000002,7.0863274501711,-7.589836133869,-2.1991822078486,0.68840000847805,5,5,10.464962207848,14.970410912362,2930.3006324392,2.3771211069927,2.4047380442923
157.77500000002,7.0877465330436,-7.5909457471462,-2.1993394837313,0.88921031373796,5,5,10.4667636067,14.972219163873,2930.7932692749,2.3753204435133,2.4029342958206
157.80000000002,7.0891602831973,-7.5920833049282,-2.199504023037,1.121295357165,5,5,10.468578194037,14.974041195813,2931.3070053773,2.3735074981075,2.4011173139928
157.82500000002,7.0906177048484,-7.5932460026014,-2.1996682827173,1.2344044158753,5,5,10.470442582341,14.975912806079,2931.8069416435,2.3716444839468,2.3992508869751
157.85000000002,7.0920868088683,-7.5943771945946,-2.1998339668107,0.3587682232195,5,5,10.47229672957,14.977774341243,2932.2959566649,2.3697907536257,2.3973934273222
157.87500000002,7.0935178665396,-7.5954502332992,-2.1999875271739,0.30820929196174,5,5,10.474085398942,14.979569590225,2932.8029388125,2.3680021478754,2.3956021826471
157.90000000002,7.0949188290456,-7.5965203891,-2.2001365661388,0.078709200926114,5,5,10.475848330983,14.981338810955,2933.2940353058,2.3662394819918,2.3938372692673
157.92500000002,7.0964109142227,-7.5977273697709,-2.2003143969063,1.409712853734,5,5,10.47776747676,14.983266178149,2933.8080743919,2.3643222997257,2.3919152672833
157.95000000002,7.0978617162976,-7.5988711539238,-2.2004785070966,0.87691718154449,5,5,10.479614926042,14.985120902118,2934.3110237104,2.3624758397988,2.3900652554759
157.97500000002,7.099247356219,-7.5999568693476,-2.2006321808992,1.4233964318448,5,5,10.481375260094,14.986887931153,2934.7933077646,2.3607162854793,2.3883027328885
158.00000000002,7.1006830451561,-7.6010851055823,-2.2007868320421,0.48297562965345,5,5,10.483201217302,14.98872042582,2935.2938338735,2.3588912176658,2.3864753113757
158.02500000002,7.1020699060944,-7.602209275616,-2.2009453657096,0.96839578283305,5,5,10.484986474013,14.990512707731,2935.7935564005,2.3571078784236,2.3846885534308
158.05000000002,7.1035708283152,-7.6033574377857,-2.2011110551388,0.55775301743748,5,5,10.486876194596,14.992409678176,2936.2757658434,2.3552184717783,2.3827958755322
158.07500000002,7.1050149252154,-7.6044894341812,-2.2012799004434,1.4236397884618,5,5,10.488711087426,14.994252323132,2936.7559034958,2.3533844082445,2.3809574272474
158.10000000002,7.1064646162715,-7.6056160830492,-2.2014402263942,0.14223532644043,5,5,10.490547099907,14.996095322383,2937.2635561488,2.3515490123072,2.3791189604102
158.12500000002,7.1079540680065,-7.6067572392165,-2.2016034849758,0.036292187639716,5,5,10.492423453783,14.997978765303,2937.7792237899,2.3496729983656,2.3772399073322
158.15000000002,7.1093703413298,-7.6078623643716,-2.2017601941379,0.38200104142513,5,5,10.494219875708,14.999782009462,2938.2620371385,2.3478772759189,2.3754412153179
158.17500000002,7.1108631027119,-7.6090403739931,-2.201938069499,0.94496183512988,5,5,10.496121465362,15.001691900259,2938.7782866295,2.3459767470878,2.3735357235808
158.20000000002,7.1122761146521,-7.6101979370045,-2.2021010980714,1.6268557775077,5,5,10.497948089262,15.003525784984,2939.2835462743,2.3441525636399,2.3717079521947
158.22500000002,7.1137038091395,-7.6113363767884,-2.2022631576553,1.0391109838879,5,5,10.499774111356,15.005358984373,2939.7743152926,2.342327897218,2.3698798564619
158.25000000002,7.1151635250606,-7.6124904514384,-2.2024268131396,1.2261366369002,5,5,10.501634933451,15.007226989187,2940.2908078055,2.3404681763723,2.3680168771907
158.27500000002,7.1165640037456,-7.6136154914154,-2.2025854637532,1.8199528391243,5,5,10.503431334157,15.009030381965,2940.7542797482,2.3386733755765,2.3662188298581
158.30000000002,7.1179949155577,-7.6147306688741,-2.2027411170261,0.7816645436559,5,5,10.505245481168,15.010851194235,2941.2674623268,2.3368599139924,2.3644028009914
158.32500000002,7.1194649490944,-7.6159069126934,-2.2029126285264,1.8529492549156,5,5,10.507128178202,15.012741687376,2941.7914392279,2.334978747658,2.362517448617
158.35000000002,7.1208716075159,-7.6170354115533,-2.2030743545408,0.86859726476683,5,5,10.508931563239,15.014552309615,2942.2671457018,2.3331769260682,2.3607120115151
158.37500000002,7.1223192956443,-7.6181920226247,-2.2032360176697,0.86053468235422,5,5,10.510784547343,15.01641233248,2942.7743036047,2.3313253985335,2.3588574637517
158.40000000002,7.1237470051576,-7.6193006332194,-2.2033974296976,0.8697625811901,5,5,10.512592134659,15.018227112286,2943.2741910465,2.3295184141971,2.3570469835498
158.42500000002,7.1251823161442,-7.6204483297182,-2.2035624715277,1.6401457341759,5,5,10.51442988461,15.020072258266,2943.7626997339,2.3276821429645,2.3552070110986
158.45000000002,7.1265956504281,-7.6215551766403,-2.2037185665326,0.90383655552134,5,5,10.516225051428,15.021874198764,2944.2748154874,2.3258877849205,2.3534098317475
158.47500000002,7.1280547043021,-7.6227027056902,-2.2038821611566,0.39397818779626,5,5,10.518081300638,15.023737642975,2944.7702494365,2.3240324926727,2.3515512933435
158.50000000002,7.129528263322,-7.6238703337817,-2.2040511783632,1.3651439455946,5,5,10.519961388813,15.025625313064,2945.2657156012,2.3221536073131,2.3496686169425
158.52500000002,7.13093259892,-7.6249582930432,-2.2042014366409,0.2959898673847,5,5,10.521737849853,15.027408117421,2945.7612065608,2.3203776946115,2.347890576006
158.55000000002,7.1324046329216,-7.6260943669189,-2.2043609601173,0.53088408941887,5,5,10.523597298145,15.029274395989,2946.2670114573,2.3185187391403,2.3460290577527
158.57500000002,7.13387381902,-7.6272482838499,-2.2045342007789,1.1176072931547,5,5,10.525465460899,15.031150574126,2946.7708949797,2.3166515054129,2.3441572699571
158.60000000002,7.1353447200806,-7.628401080874,-2.2047004503553,0.98409656390405,5,5,10.527334281626,15.033026775029,2947.2666533695,2.3147835552981,2.3422858479013
158.62500000002,7.13684984294,-7.6295607604414,-2.2048712470275,0.30141669923885,5,5,10.529234347814,15.034934502217,2947.7813118965,2.3128839610051,2.3403824647416
158.65000000002,7.1382535352433,-7.6306438862533,-2.2050251646637,0.91539984357891,5,5,10.531007343473,15.0367141663,2948.2926288102,2.3111114350653,2.3386072429566
158.67500000002,7.139723750099,-7.6318045275093,-2.205192501776,0.33590289736256,5,5,10.532880474501,15.038594757046,2948.8009194311,2.309239393586,2.3367316300641
158.70000000002,7.1411440451705,-7.6329431061049,-2.205352918935,1.3591097218755,5,5,10.534700803952,15.040422141235,2949.2900463632,2.307420640445,2.3349097431221
158.72500000002,7.1425635096617,-7.6340824978918,-2.2055137810577,0.95770331787182,5,5,10.53652099435,15.042249426026,2949.8023958023,2.3056020771603,2.3330879818396
158.75000000002,7.1440182749223,-7.6352081567227,-2.2056769865786,0.525902543271,5,5,10.538360409955,15.044096067791,2950.2880446244,2.3037632125066,2.3312458058562
158.77500000002,7.1453938885317,-7.6362716869872,-2.2058230703662,0.33216707212795,5,5,10.54009920535,15.045840988964,2950.7987916601,2.3020249217609,2.3295056456981
158.80000000002,7.1468778994095,-7.637451454576,-2.205997072377,2.0247358546566,5,5,10.541995027032,15.047744779013,2951.3304037374,2.3001304437649,2.3276068713533
158.82500000002,7.1483184583315,-7.6385864578948,-2.2061592369016,0.27466920709565,5,5,10.543828996099,15.049585903635,2951.8181655358,2.2982974925765,2.3257707171318
158.85000000002,7.1497394884205,-7.6396637763739,-2.2063082985443,0.81106217159761,5,5,10.54561223518,15.051375361931,2952.3257775834,2.2965144462902,2.323985892864
158.87500000002,7.1511338134796,-7.6408107012204,-2.206470173379,0.025828547659364,5,5,10.547417665592,15.053188034663,2952.8295582788,2.2947116868085,2.3221796304546
158.90000000002,7.1526124487706,-7.6419618424018,-2.2066383161052,1.484761392457,5,5,10.549291562159,15.05506945974,2953.3174981122,2.2928385032379,2.3203028218498
158.92500000002,7.154056529124,-7.6430903541422,-2.2068027283784,0.0072641049900855,5,5,10.551124294222,15.056909551643,2953.8465564277,2.2910065658334,2.3184673496626
158.95000000002,7.1554450237847,-7.6441754441184,-2.2069599865754,0.85778774793404,5,5,10.552886491056,15.058678751411,2954.3385115586,2.2892451346705,2.3167026523275
158.97500000002,7.1568682730555,-7.6452825178855,-2.2071155804152,0.43218281746546,5,5,10.554689613573,15.060488574678,2954.8290695852,2.2874426810777,2.3148976803612
159.00000000002,7.1583581877663,-7.6464278450144,-2.2072765893686,0.65471013791598,5,5,10.556568874087,15.062374719943,2955.323255271,2.2855638567583,2.3130164187961
159.02500000002,7.1597854437061,-7.6475279835748,-2.2074361153842,0.56249343683212,5,5,10.558370918584,15.064183811681,2955.8022860424,2.283762283691,2.3112117260979
159.05000000002,7.1612661845291,-7.6486876431086,-2.2076091698829,0.61014610662153,5,5,10.560251717249,15.066072555041,2956.3299517876,2.281882365514,2.3093275460233
159.07500000002,7.1626495666013,-7.649766828197,-2.2077590976528,0.16834159894371,5,5,10.562006250353,15.067833482282,2956.8128045699,2.2801285563204,2.3075715372801
159.10000000002,7.1641521187791,-7.6509563371725,-2.2079359755979,0.98412852811838,5,5,10.563922651837,15.069758029101,2957.3201283325,2.2782133893028,2.3056519519811
159.12500000002,7.1656346743974,-7.6520951611078,-2.2081044406706,0.78042998916738,5,5,10.565792114626,15.071635067086,2957.8204233452,2.2763443505942,2.303779246366
159.15000000002,7.1671101872223,-7.6532845965795,-2.2082738270612,1.0769767909536,5,5,10.567687344121,15.073537850991,2958.3471549867,2.2744510202672,2.3018824031703
159.17500000002,7.1685317112419,-7.654393819272,-2.2084266470541,0.51137432358066,5,5,10.569490426348,15.075347397749,2958.8611603021,2.272648694,2.3000780362855
159.20000000002,7.1700062386632,-7.6555700042782,-2.2085972836304,1.2540313259364,5,5,10.571376597678,15.077241271854,2959.3637381573,2.270764007978,2.2981895551877
159.22500000002,7.171412329843,-7.6567029774434,-2.2087581804623,1.5048465381796,5,5,10.573182344227,15.0790541724,2959.854460706,2.2689600609662,2.2963823560892
159.25000000002,7.172858236957,-7.6578494844562,-2.208921548801,1.0913821949349,5,5,10.575027642499,15.080906688237,2960.3508209284,2.2671160156971,2.2945351631204
159.27500000002,7.174264188316,-7.6589321016568,-2.2090722173924,0.64112361294943,5,5,10.576802116851,15.082687547651,2960.8722612104,2.2653419967043,2.2927591237379
159.30000000002,7.1757714851984,-7.6601008389019,-2.2092464851162,0.6677163042261,5,5,10.578709442371,15.084602817835,2961.3595508989,2.2634353174161,2.2908483784021
159.32500000002,7.1771989611478,-7.6612426682132,-2.2094057289102,0.84093181059547,5,5,10.580537408936,15.086437707573,2961.8467599828,2.2616089009051,2.2890192592778
159.35000000002,7.1786031668691,-7.6623687926872,-2.2095596852154,0.75942276719234,5,5,10.582337395058,15.088244265787,2962.3375074961,2.2598105386329,2.2872186810848
159.37500000002,7.1800303698339,-7.6634960075571,-2.2097151543395,0.3136682822042,5,5,10.584156054363,15.090069558179,2962.804535917,2.2579929974521,2.2853989272722
159.40000000002,7.1815041447613,-7.6646948174535,-2.2098842170956,1.729334540073,5,5,10.586055832693,15.091976844187,2963.3028019974,2.2560955445317,2.2834981281299
159.42500000002,7.1829485283323,-7.665847598349,-2.2100457774776,1.120995984678,5,5,10.587903844514,15.093831904685,2963.7890157478,2.2542490282844,2.2816488201221
159.45000000002,7.1843735076629,-7.6670169460159,-2.2102047850743,1.2144500765653,5,5,10.589747194741,15.095682100209,2964.2842156287,2.2524083514951,2.2798056828917
159.47500000002,7.1858476026113,-7.6681601114523,-2.2103669647076,0.63954765146882,5,5,10.591612612424,15.097554554578,2964.7702895851,2.2505435809328,2.2779382582998
159.50000000002,7.1872242205071,-7.6692612294447,-2.2105156475548,0.72734929156302,5,5,10.593375433364,15.099323634636,2965.2281643239,2.248782270958,2.2761751440068
159.52500000002,7.1886515849795,-7.6703846924364,-2.2106719884233,0.86861436669241,5,5,10.595191896529,15.101146813426,2965.7219246241,2.2469668325778,2.274357375186
159.55000000002,7.1900732045547,-7.6714932193181,-2.2108273935505,0.45921003439711,5,5,10.596994626144,15.102956229027,2966.2021941305,2.2451648650352,2.2725530667235
159.57500000002,7.1915690518481,-7.6726625767049,-2.2109961053058,0.16011620961507,5,5,10.598893298265,15.104862382085,2966.6783240699,2.2432670660252,2.2706520290817
159.60000000002,7.1930165024655,-7.6738286234577,-2.2111590154429,1.0500749395473,5,5,10.600752001662,15.106728211131,2967.156468342,2.2414102436462,2.2687923792863
159.62500000002,7.1944742509685,-7.6749801420972,-2.2113165217647,0.44751518656343,5,5,10.60260969536,15.108592570034,2967.6713525634,2.2395537176528,2.2669338666962
159.65000000002,7.1958955685638,-7.6760973454259,-2.2114755453088,1.1997954913767,5,5,10.60441753578,15.110407391092,2968.1654766076,2.237746866452,2.2651242010035
159.67500000002,7.1973560033514,-7.6772341191272,-2.2116380670226,0.12152678589074,5,5,10.606268244892,15.112265222495,2968.6528343734,2.2358969015262,2.2632714072947
159.70000000002,7.1987923155293,-7.6783479702303,-2.211794515577,0.16335580529313,5,5,10.608085841369,15.114089539656,2969.1480102848,2.2340799471798,2.2614521737067
159.72500000002,7.2002227121328,-7.67944001787,-2.2119495638891,0.24919845366852,5,5,10.60988545313,15.11589581828,2969.6426208035,2.2322806616387,2.2596506193527
159.75000000002,7.2017235343501,-7.6805936627436,-2.2121156102283,0.14596672688264,5,5,10.611778430632,15.117796064372,2970.1405935701,2.2303881567348,2.2577552754042
159.77500000002,7.2031737042864,-7.6817195090768,-2.2122761434157,0.70940550582158,5,5,10.613614328998,15.119638967982,2970.6439192067,2.2285529362608,2.2559173845758
159.80000000002,7.204539022067,-7.6827801357699,-2.2124192121101,0.4370805608166,5,5,10.615343207716,15.121373756233,2971.1198574123,2.2268247111082,2.254187910275
159.82500000002,7.2060003793899,-7.6839160068434,-2.2125849082016,0.38431666885942,5,5,10.617194090835,15.123232041333,2971.62807235,2.224974542729,2.2523344650509
159.85000000002,7.2073503385675,-7.6849644561855,-2.2127270950042,0.0055186833199805,5,5,10.618903370159,15.124947224382,2972.0982414838,2.223265906303,2.2506244926076
159.87500000002,7.2088084855239,-7.6860997738004,-2.2128912250502,0.3682186176456,5,5,10.620751379529,15.126802508001,2972.5514543986,2.2214186561606,2.2487741873442
159.90000000002,7.2102351853873,-7.6872339748645,-2.2130495433719,0.76738380238212,5,5,10.622573983313,15.12863197493,2973.0337363166,2.2195974248444,2.2469504951965
159.92500000002,7.211683831206,-7.6883838453942,-2.2132150029853,0.36201843559726,5,5,10.624423517563,15.130488895452,2973.498130319,2.2177492321255,2.2450990659747
159.95000000002,7.2131191882327,-7.6895129707903,-2.21336934837,0.12321492733408,5,5,10.626249763427,15.13232165197,2973.9769593486,2.2159240260417,2.2432720801791
159.97500000002,7.2145764958642,-7.6906680329667,-2.2135334360493,0.97773613664036,5,5,10.62810931019,15.134188424299,2974.4493317374,2.21406578245,2.2414109505112
160.00000000002,7.2160035059363,-7.6918080460057,-2.2136970198569,1.3236362436956,5,5,10.62993577877,15.136022203767,2974.9098979469,2.2122408728091,2.2395828335547
160.02500000002,7.2174398828213,-7.6929582445061,-2.2138537797555,0.46998755872148,5,5,10.631775924185,15.13786901421,2975.4067520213,2.2104023891502,2.237742378565
160.05000000002,7.2188151459289,-7.6940524859234,-2.2140035128287,0.19975268398287,5,5,10.633533397625,15.139632854591,2975.8485331218,2.2086462808461,2.2359843949623
160.07500000002,7.2202572878654,-7.6951797620136,-2.2141590045147,1.0080132714782,5,5,10.635363841492,15.141469890903,2976.3312315314,2.2068167062208,2.2341529529458
160.10000000002,7.2216843069994,-7.6963230886774,-2.2143125584811,0.68515447171984,5,5,10.637192387217,15.143304872726,2976.8152764319,2.2049898396791,2.2323244959287
160.12500000002,7.2231279867398,-7.6974700296731,-2.2144717446318,0.87259821586298,5,5,10.639036210647,15.145155555052,2977.2771088501,2.2031474020381,2.2304797875675
160.15000000002,7.2245163853878,-7.6985912192377,-2.2146231332915,1.3469283195035,5,5,10.640820788145,15.146946542313,2977.7405101632,2.2013647767695,2.2286953831103
160.17500000002,7.2259830491547,-7.6997104628501,-2.2147804736671,0.011704652614661,5,5,10.642665729572,15.14879818074,2978.2058256063,2.1995201800183,2.2268488455695
160.20000000002,7.2274268464872,-7.7008577792562,-2.2149381295098,0.32131856018446,5,5,10.644509878609,15.150649056489,2978.6956937445,2.1976774318069,2.2250040924819
160.22500000002,7.2289133546281,-7.7020122721622,-2.2151019352138,0.78120247515498,5,5,10.646392047657,15.152538340118,2979.1585627255,2.1957959939467,2.223120171887
160.25000000002,7.2303531888168,-7.7031510277664,-2.215259479692,0.37119019551218,5,5,10.648227772804,15.154380813206,2979.6175938632,2.1939615067531,2.2212836113459
160.27500000002,7.2317634213891,-7.7042577973846,-2.2154102655602,0.67053332493688,5,5,10.650020450939,15.15617982162,2980.0928003814,2.1921698049139,2.219490374434
160.30000000002,7.2332285203455,-7.7053889247208,-2.2155702662603,0.78924007568973,5,5,10.651871386919,15.15803766021,2980.5684134298,2.190319451029,2.2176377738372
160.32500000002,7.234628926679,-7.7065226867805,-2.215723780119,0.97519185622358,5,5,10.65367320664,15.159846007746,2981.0120864182,2.1885197249128,2.2158362001045
160.35000000002,7.2361301349277,-7.7076451694107,-2.2158818330862,0.28445569981858,5,5,10.655547664818,15.161727117579,2981.5141813195,2.1866453551177,2.2139602004256
160.37500000002,7.2375763727747,-7.7087783768773,-2.2160411986819,0.34558827432319,5,5,10.657384989796,15.163571341119,2981.9849263717,2.1848089897795,2.2121215388581
160.40000000002,7.239019532163,-7.7099177273769,-2.2161949485463,0.44321794113638,5,5,10.659223692757,15.165416461061,2982.4732946059,2.1829714790257,2.2102826337725
160.42500000002,7.2404336914947,-7.7110197823463,-2.21635130393,0.41629676428143,5,5,10.661016559671,15.167216132914,2982.9253867111,2.1811794047096,2.2084882031713
160.45000000002,7.2418649089323,-7.7121239506947,-2.2165043435456,0.66574215697569,5,5,10.662824202085,15.169030242122,2983.3964093625,2.1793723217517,2.2066794769186
160.47500000002,7.2433275900394,-7.7132530474917,-2.2166596988984,0.37746963020919,5,5,10.664671983348,15.170884542767,2983.8518478963,2.1775251263088,2.2048307795525
160.50000000002,7.2447939393428,-7.7143946177417,-2.2168199357,0.68911897830729,5,5,10.666530305956,15.172749760917,2984.344832419,2.1756676019694,2.2029711235806
160.52500000002,7.2462848238232,-7.7155226655074,-2.2169801335344,0.5273965653176,5,5,10.668399858923,15.17462616483,2984.8204486861,2.1737982753646,2.2010998259165
160.55000000002,7.2477113612929,-7.7166268831299,-2.217133582321,0.79289233314446,5,5,10.670203828355,15.176436648809,2985.3192547582,2.1719949425463,2.1992947712647
160.57500000002,7.249150691428,-7.7177643346231,-2.2172929263659,0.52888846416427,5,5,10.672038349311,15.178278076967,2985.7891846817,2.1701616536313,2.1974592141969
160.60000000002,7.2505439885441,-7.7188806467881,-2.2174440126376,0.95300944218709,5,5,10.673823686731,15.180069795909,2986.2662729751,2.1683779959208,2.1956739771509
160.62500000002,7.2519861122182,-7.7200071246952,-2.2175999826018,0.19728426514129,5,5,10.675653624753,15.181906368749,2986.7624846031,2.1665489407602,2.1938431473277
160.65000000002,7.2534253107741,-7.7211073021637,-2.2177525021675,0.43084400220101,5,5,10.677465166347,15.183724319563,2987.2305608195,2.1647377849577,2.19203054492
160.67500000002,7.2548368602433,-7.7222224603975,-2.2179100528046,0.88586763490573,5,5,10.679264068732,15.185530108032,2987.7184760922,2.1629400881851,2.1902304503264
160.70000000002,7.2562718773329,-7.7233695301821,-2.2180655146003,0.2308249726498,5,5,10.68110119778,15.187373803101,2988.1999271879,2.1611046069655,2.1883933786804
160.72500000002,7.2577133607251,-7.7244799520598,-2.2182206705061,0.72178156223541,5,5,10.6829207887,15.189199997086,2988.6690469645,2.1592855591822,2.186572591947
160.75000000002,7.259128181545,-7.7255768596733,-2.2183696381493,0.84189170418255,5,5,10.684711018927,15.190996414528,2989.1265577121,2.1574960090092,2.1847819175114
160.77500000002,7.2605407376133,-7.7266658206504,-2.2185172060816,0.81735582634551,5,5,10.686494596975,15.19278608683,2989.5794469086,2.1557129813133,2.1829979129619
160.80000000002,7.2620270762917,-7.7277889666611,-2.2186734560546,0.17154969036502,5,5,10.688357567621,15.194655598446,2990.0489413804,2.1538502261978,2.1811338177391
160.82500000002,7.2634300377919,-7.7288759564327,-2.2188168442312,0.6807807755991,5,5,10.69013234866,15.196436162375,2990.4966549218,2.1520761064094,2.1793592859233
160.85000000002,7.2648813439056,-7.7299850150471,-2.2189709208979,0.76800435298436,5,5,10.691958902915,15.198269203581,2990.9499685302,2.1502499419211,2.1775316835984
160.87500000002,7.2663760489866,-7.7311219305884,-2.2191333406217,0.18059488928181,5,5,10.693836859311,15.200154170529,2991.3766029751,2.1483723044578,2.1756519451537
160.90000000002,7.267817725323,-7.7322797681718,-2.2192839622807,0.78849769650748,5,5,10.695685918133,15.20200935392,2991.829808809,2.1465251032522,2.1738041327323
160.92500000002,7.2692970032461,-7.7333985063716,-2.2194416779762,0.12971871889737,5,5,10.69754059825,15.20387072776,2992.3043138319,2.1446706522528,2.1719480501924
160.95000000002,7.2707814480348,-7.7345208332926,-2.2195959807983,0.47063402832475,5,5,10.699401564141,15.205738079738,2992.7349607665,2.1428099126686,2.1700863061916
160.97500000002,7.2721856316056,-7.7355666274028,-2.2197406233437,0.0017718249717719,5,5,10.70115239732,15.207494877475,2993.1798283476,2.1410591410252,2.1683346835025
161.00000000002,7.2736046567519,-7.7366821772801,-2.2198893604186,1.6013539097613,5,5,10.702957413634,15.209306011542,2993.636075905,2.1392551980515,2.1665299194823
161.02500000002,7.27510321726,-7.7378236980229,-2.2200503199981,0.4386729649182,5,5,10.704841227108,15.211196688984,2994.0960521179,2.1373717337842,2.1646447108443
161.05000000002,7.2765593787315,-7.738933300003,-2.220198360264,1.1215804221575,5,5,10.706671970887,15.213033408534,2994.532774832,2.1355413357929,2.1628139534588
161.07500000002,7.2780243561457,-7.740061739418,-2.2203565096502,0.40296705649247,5,5,10.708521169183,15.214889357231,2994.9919425618,2.1336927001107,2.1609635971016
161.10000000002,7.2795158957838,-7.7412258475454,-2.2205169950758,0.16662395814151,5,5,10.710413215225,15.21678819735,2995.4765887502,2.1318015666915,2.1590709182874
161.12500000002,7.2809618379483,-7.7423446079182,-2.220670269667,1.0572753922161,5,5,10.712241431162,15.21862282718,2995.9210900651,2.1299740110674,2.1572421657376
161.15000000002,7.282445946234,-7.7434815280568,-2.2208275854048,0.59029524521611,5,5,10.714110967149,15.220498970311,2996.4067652332,2.12810493114,2.1553717822976
161.17500000002,7.2839169363314,-7.7446197988715,-2.2209842653235,0.5219125457821,5,5,10.715970932825,15.222365523528,2996.8877122501,2.1262456421579,2.1535111759246
161.20000000002,7.2853595391196,-7.7457119024749,-2.2211369355995,0.80421261485786,5,5,10.717780295443,15.224181315724,2997.3565127236,2.1244365233353,2.1517007494094
161.22500000002,7.2868336145377,-7.7468338586434,-2.2212925365593,0.34737361243248,5,5,10.719632775937,15.226040319662,2997.8558756141,2.122584378092,2.1498473854944
161.25000000002,7.2882475507842,-7.7478990891622,-2.22143650318,0.28635805775392,5,5,10.721403067373,15.227816455398,2998.3355969669,2.1208142630408,2.1480768675501
161.27500000002,7.289689049247,-7.7489838368417,-2.2215852824126,0.1216082836121,5,5,10.72320711708,15.229626629591,2998.8048477398,2.1190103795756,2.1462722544854
161.30000000002,7.2911564401562,-7.750112829621,-2.2217397144417,0.63487136848866,5,5,10.725058565372,15.23148450742,2999.2764265205,2.1171594769166,2.1444203305699
161.32500000002,7.2926118296847,-7.7512472960781,-2.2218953181312,0.53861469086954,5,5,10.726903876409,15.233336367385,2999.7667419979,2.115315030837,2.1425746041488
161.35000000002,7.2940342559571,-7.7523740389541,-2.2220468550354,0.75538352280949,5,5,10.728718496481,15.235157303804,3000.2423460108,2.1135017526663,2.1407603047894
161.37500000002,7.2955175801804,-7.7535189254183,-2.2222051045867,0.017959283408788,5,5,10.73059226695,15.237037744892,3000.7222650924,2.1116286105195,2.1388858451044
161.40000000002,7.296918168445,-7.7545947322331,-2.2223477859622,1.8687296962171,5,5,10.732358338236,15.238809570438,3001.166767696,2.1098630301407,2.1371200632387
161.42500000002,7.2983490997765,-7.7556886990814,-2.2225002248581,1.2882977043816,5,5,10.734159540041,15.24061721132,3001.6305737167,2.1080622381289,2.1353179743481
161.45000000002,7.2998182453934,-7.7568296207195,-2.2226560381569,0.73659031254996,5,5,10.736019672033,15.242483857728,3002.1029166455,2.1062028844861,2.1334575429884
161.47500000002,7.3012257864572,-7.7578834358485,-2.2227950031165,1.0141207077011,5,5,10.737777994578,15.244247663112,3002.5507058794,2.1044446743827,2.1316996570876
161.50000000002,7.3026842203654,-7.7589939773463,-2.2229529518978,0.58354105523243,5,5,10.739611115382,15.246087576072,3002.9953873494,2.1026119004846,2.1298651439056
161.52500000002,7.3041774705969,-7.7601470925129,-2.2231121475712,0.80122562180548,5,5,10.741497771377,15.247980936604,3003.4685894062,2.1007258944078,2.1279778900639
161.55000000002,7.3056096130646,-7.7612714748458,-2.2232627589774,0.82469630208592,5,5,10.74331855903,15.249807942754,3003.9247943743,2.0989061776006,2.1261574555485
161.57500000002,7.3070850052793,-7.7624055528782,-2.2234192655977,0.65963950366529,5,5,10.745179449992,15.251675403461,3004.3749301517,2.0970458256549,2.1242959753775
161.60000000002,7.3085388265496,-7.7635061777594,-2.2235723064162,1.0350935265856,5,5,10.747002900406,15.253505264906,3004.8257932161,2.0952226310656,2.1224717386568
161.62500000002,7.3100117840977,-7.7646059879706,-2.2237264509095,0.10255425577432,5,5,10.748841156765,15.255349972732,3005.2931014314,2.0933844689514,2.1206325596247
161.65000000002,7.3114559230728,-7.76570961772,-2.2238794592336,0.021666643100863,5,5,10.750658719969,15.257173964934,3005.7468114877,2.0915673184277,2.1188143130542
161.67500000002,7.3129180918163,-7.7667976487403,-2.2240303422736,0.18227935934067,5,5,10.752481286549,15.259002766352,3006.2198577472,2.0897448179319,2.1169911344211
161.70000000002,7.3143606478681,-7.7679234171917,-2.2241846706369,0.20819358270419,5,5,10.754311128774,15.26083910505,3006.6764272213,2.0879158822521,2.1151610618805
161.72500000002,7.3158059181905,-7.7690333644565,-2.2243368879413,0.37877876585614,5,5,10.756133432051,15.262667754645,3007.1512119252,2.0860940925623,2.1133383903896
161.75000000002,7.317246632325,-7.7701296055928,-2.2244863710047,0.92595296922593,5,5,10.757943791642,15.264484275229,3007.6026624603,2.0842840697613,2.1115277812233
161.77500000002,7.3186705014185,-7.7712382991153,-2.2246381325725,0.63210034404699,5,5,10.759748398115,15.266295251788,3008.0619279136,2.0824803001136,2.1097229890653
161.80000000002,7.3201847937103,-7.7723617714686,-2.2247963555448,0.045408787343111,5,5,10.761633940815,15.268187421385,3008.5295059065,2.0805948061633,2.1078365025166
161.82500000002,7.3216535425957,-7.773464971924,-2.2249490745603,0.45184784107271,5,5,10.763470860664,15.270030678727,3009.0020705366,2.0787580441646,2.1059990100784
161.85000000002,7.3231162911523,-7.7745805769794,-2.2251038486598,0.14157927013321,5,5,10.765310482359,15.271876799796,3009.4918731958,2.07691880807,2.1041587557732
161.87500000002,7.3245537343054,-7.7757238033421,-2.2252605668777,0.66603189329705,5,5,10.767147112244,15.273720103877,3009.9674609815,2.0750837079339,2.1023222815116
161.90000000002,7.3260072472609,-7.776839910401,-2.2254128757058,1.5959652197491,5,5,10.768979704637,15.275559014657,3010.4608500501,2.0732516347542,2.1004895120369
161.92500000002,7.3274519312901,-7.7779330213423,-2.2255636145836,1.1568988035881,5,5,10.770791334697,15.277376905106,3010.9546885797,2.0714402580019,2.098677432336
161.95000000002,7.3289003982545,-7.7790529084044,-2.2257162600779,0.94152564227998,5,5,10.772622237091,15.279214159641,3011.4399409345,2.0696100307618,2.0968464503163
161.97500000002,7.3303919346627,-7.7801595197009,-2.2258731206947,0.053746531011247,5,5,10.774479457977,15.281077992968,3011.9196558399,2.0677528598011,2.0949882071919
162.00000000002,7.3318299380849,-7.781249052015,-2.2260237727785,0.058447224270129,5,5,10.776283601681,15.282888415724,3012.4033731216,2.0659489898553,2.0931835796886
162.02500000002,7.3332925360076,-7.7823525549965,-2.2261751944681,0.19140862120186,5,5,10.778115789312,15.284726849852,3012.9077441486,2.0641170196604,2.0913511036098
162.05000000002,7.334796054372,-7.7835099473275,-2.226336380515,0.5862336838372,5,5,10.780013188711,15.286631083404,3013.394570994,2.0622202183051,2.0894530800959
162.07500000002,7.3362545959639,-7.7846042992598,-2.2264888778929,0.12870382370951,5,5,10.781836633179,15.288460893552,3013.8837620386,2.0603969226411,2.087629012467
162.10000000002,7.3376561403151,-7.7856715345862,-2.2266358953825,0.093676936155007,5,5,10.783598256808,15.290228641258,3014.3756788855,2.058635647643,2.085867048191
162.12500000002,7.3390923855441,-7.7867391785736,-2.2267820722246,0.55423397688904,5,5,10.785387855657,15.292024200143,3014.8671679895,2.0568461110559,2.0840773362509
162.15000000002,7.3405787197149,-7.7878595293395,-2.2269412319034,0.41225396593209,5,5,10.787249138845,15.293892275867,3015.3666709507,2.0549850379202,2.0822149404678
162.17500000002,7.3420293053015,-7.7889524957571,-2.2270913888326,0.50857679586073,5,5,10.789065391618,15.295714725108,3015.8281927974,2.0531689852547,2.0803984375225
162.20000000002,7.3434649371077,-7.7900647035426,-2.2272423929917,0.35998846157797,5,5,10.790881443611,15.297537044262,3016.3436677707,2.0513536594661,2.0785825253076
162.22500000002,7.3449565017817,-7.79116654903,-2.2274007383435,0.0033162997625029,5,5,10.792735851509,15.299398200329,3016.7977892099,2.0494992786481,2.0767268951971
162.25000000002,7.3463992432832,-7.7922570664858,-2.2275504637347,0.095243677141895,5,5,10.794544367852,15.301212903901,3017.2772588611,2.0476910060035,2.0749181699242
162.27500000002,7.347857055922,-7.7933760024619,-2.2277035643508,0.4749783545901,5,5,10.79638209346,15.303056995874,3017.7477497581,2.0458538019863,2.0730803580442
162.30000000002,7.3493412808954,-7.7944511798803,-2.2278545715588,0.17149476384143,5,5,10.798214831917,15.304895944876,3018.2339115868,2.0440210773492,2.0712473152115
162.32500000002,7.3507693181463,-7.7955339228568,-2.2280025820736,0.59323183753596,5,5,10.80000693201,15.306694146715,3018.7205592642,2.0422292655225,2.0694551418825
162.35000000002,7.3522650254669,-7.7966478225715,-2.2281605676589,0.22901589975826,5,5,10.801871848352,15.308565742935,3019.1869431698,2.0403644304931,2.0675893034277
162.37500000002,7.3537402558795,-7.7977316459273,-2.2283121318829,0.17023469580054,5,5,10.803702415979,15.310402574324,3019.6761569773,2.0385338702892,2.0657583374374
162.40000000002,7.3552235781744,-7.7988660363992,-2.2284716603025,0.47405840539579,5,5,10.805569790278,15.312276750433,3020.1484251215,2.0366669527217,2.0638902147772
162.42500000002,7.3566401055624,-7.7999371330595,-2.2286171732308,0.023599116088571,5,5,10.807345683827,15.314058595519,3020.6197701088,2.0348913060051,2.0621144380629
162.45000000002,7.3581476391045,-7.8010651542065,-2.2287743826006,0.27355348888581,5,5,10.809228524524,15.315947987981,3021.1363750513,2.0330085930551,2.0602311247468
162.47500000002,7.3595475797945,-7.8021244528493,-2.2289224020238,1.3001315525505,5,5,10.810984072173,15.317709764726,3021.6054138706,2.0312533001622,2.0584750469419
162.50000000002,7.3610021908403,-7.8032435436283,-2.2290732512857,0.14670383533778,5,5,10.812819353478,15.319551235053,3022.0715006451,2.0294185951395,2.0566401584954
162.52500000002,7.3624455736749,-7.8043496783483,-2.2292264909465,1.1430496601287,5,5,10.814637838568,15.321376165303,3022.5264434238,2.0276005994384,2.0548213809601
162.55000000002,7.3639180928787,-7.8054876060658,-2.2293807387211,0.73338444795818,5,5,10.816498803989,15.323243512264,3023.0056886255,2.0257403254298,2.0529607321139
162.57500000002,7.3653988256658,-7.8066135421632,-2.2295366853757,0.70456237091075,5,5,10.818358992604,15.325110226233,3023.4910663958,2.0238804897728,2.0511002508663
162.60000000002,7.3668621749334,-7.8077005764014,-2.2296907962142,0.32889481390129,5,5,10.820181911832,15.326939648181,3023.9529280399,2.0220576330008,2.0492765662502
162.62500000002,7.3683685962432,-7.8087949313901,-2.2298477057776,0.05241659641018,5,5,10.822043877998,15.328808214106,3024.4400160048,2.0201956720099,2.0474138525516
162.65000000002,7.3698049616485,-7.8099165057645,-2.2299975937071,0.91572648556618,5,5,10.823866259587,15.330636749325,3024.9323344431,2.0183742433745,2.0455922841853
162.67500000002,7.371269917394,-7.8110220559173,-2.2301541150167,0.15751773567514,5,5,10.825701562417,15.332478714416,3025.3839113122,2.0165391723199,2.0437561868582
162.70000000002,7.3727188989623,-7.8120971200749,-2.2303027622904,0.36798671891879,5,5,10.827505810329,15.334289075303,3025.8651218342,2.0147349785837,2.0419518467587
162.72500000002,7.3741560663914,-7.8131591850267,-2.230448344785,0.98690041549548,5,5,10.829292828007,15.336082013239,3026.3488852563,2.0129479915135,2.04016499329
162.75000000002,7.3756543423099,-7.8143188506214,-2.2306092469819,0.63013896306409,5,5,10.8311874665,15.337983471768,3026.8204442628,2.0110541026159,2.0382701809082
162.77500000002,7.3771257928999,-7.8154461877946,-2.2307646398901,0.01117013362568,5,5,10.833041126647,15.33984363383,3027.2965944734,2.009200942186,2.0364164613735
162.80000000002,7.3785431833112,-7.8164920110313,-2.2309090624615,1.007000693017,5,5,10.834802586786,15.341611004674,3027.7743404947,2.0074395055242,2.0346550378579
162.82500000002,7.380015751728,-7.8175795471003,-2.2310656535535,0.070707722495998,5,5,10.836633213029,15.343448316083,3028.2493406379,2.0056089080588,2.0328234052436
162.85000000002,7.3814454347299,-7.8186585732604,-2.2312117270027,0.50637619832872,5,5,10.8384243833,15.345245432771,3028.7334551596,2.0038179676028,2.0310326244584
162.87500000002,7.3829029113208,-7.819790143933,-2.2313678971604,0.5974235909949,5,5,10.840269563563,15.347097210112,3029.207876083,2.001973600868,2.0291874966615
162.90000000002,7.3843609441167,-7.8208965049807,-2.2315226514854,0.694936921095,5,5,10.842099835237,15.348934012579,3029.6765183089,2.000143647557,2.0273568306628
162.92500000002,7.3858292062502,-7.8219790602613,-2.2316731732586,1.0178266494733,5,5,10.843924039071,15.350764415931,3030.1654471144,1.9983194654153,2.0255325603002
162.95000000002,7.3873012897977,-7.8230699513348,-2.2318279250145,0.079742827818645,5,5,10.845756270853,15.352603171328,3030.6260613692,1.9964872825388,2.0236997164699
162.97500000002,7.388741444354,-7.8241657107294,-2.2319755949508,0.61726421591731,5,5,10.84756589341,15.354418809014,3031.123302283,1.9946780213777,2.0218906544728
163.00000000002,7.3902369076851,-7.8253114796328,-2.2321365507834,0.59188429582024,5,5,10.84944982466,15.356309603486,3031.5940589577,1.9927946038821,2.0200062728593
163.02500000002,7.3916982262796,-7.8264052461919,-2.2322881951074,0.26134745364706,5,5,10.851275140337,15.358141207516,3032.0675100293,1.9909694225472,2.0181808771555
163.05000000002,7.3931643102706,-7.8275088690586,-2.2324421572578,0.13296066259258,5,5,10.853110184124,15.359982698771,3032.5507452396,1.9891345821548,2.0163455842584
163.07500000002,7.394620327541,-7.8286186503407,-2.232595709721,0.92313985454555,5,5,10.854940921895,15.361819864835,3033.0299325103,1.9873042442148,2.0145148110491
163.10000000002,7.396059660459,-7.8297380449793,-2.2327485902558,1.1998744112665,5,5,10.856764304358,15.363649645167,3033.510448418,1.9854817189225,2.0126918659031
163.12500000002,7.3975308993407,-7.8308263612638,-2.232899217101,0.19830302941138,5,5,10.858594325172,15.365485854477,3033.9874436934,1.9836517376,2.0108619459738
163.15000000002,7.3989371420544,-7.8318892034408,-2.233044438944,2.1144126910201,5,5,10.860357036738,15.367254538011,3034.4382897673,1.9818892774651,2.0090995307008
163.17500000002,7.4004460924258,-7.8330335406765,-2.2332086310386,0.024826672576493,5,5,10.862250826307,15.369155432005,3034.9261729011,1.9799958132334,2.0072047848146
163.20000000002,7.4018528489195,-7.8340769971619,-2.2333514898057,0.91886961845142,5,5,10.864002330024,15.370912752095,3035.4190192897,1.9782443643427,2.0054536407317
163.22500000002,7.4033149086417,-7.8351730479192,-2.2335065747771,0.057842579762979,5,5,10.865829608299,15.372746599755,3035.9038992012,1.9764172406807,2.0036258521967
163.25000000002,7.4047834710592,-7.8362838792472,-2.2336623261968,1.1665847867802,5,5,10.867670972416,15.374594539234,3036.3929804309,1.9745761529771,2.0017841907115
163.27500000002,7.4062044632354,-7.8373992310854,-2.233811195135,1.9809698150319,5,5,10.86947741325,15.37640710384,3036.8994671447,1.9727708333437,1.9999789531688
163.30000000002,7.4076843780607,-7.8385164808486,-2.2339698765294,1.1808562403996,5,5,10.871331704199,15.378268172003,3037.3647958598,1.9709167930514,1.9981240558404
163.32500000002,7.409125283496,-7.8396151446685,-2.2341221006191,0.44666270131552,5,5,10.873143683963,15.380086534683,3037.8638536289,1.9691052221997,1.9963121226212
163.35000000002,7.4105276170353,-7.8406879054873,-2.2342693938898,0.52187242513521,5,5,10.874909287296,15.381858271243,3038.3537563456,1.9673400795721,1.9945468069183
163.37500000002,7.4119743978625,-7.8418016237161,-2.2344253785383,1.3240429775268,5,5,10.876735086588,15.383690721588,3038.8334205679,1.9655148923045,1.9927208456434
163.40000000002,7.4134431119203,-7.842934069926,-2.2345819410306,1.1119232552617,5,5,10.878589690427,15.385551922065,3039.3181777574,1.9636609497699,1.9908664376424
163.42500000002,7.4148900698839,-7.8440531283555,-2.2347360047712,0.55246268777256,5,5,10.880418892198,15.387387600346,3039.7996352917,1.9618324751664,1.9890375725514
163.45000000002,7.4163773428266,-7.8451750614242,-2.2348948992674,0.85836221378181,5,5,10.882281877602,15.389257349548,3040.2741018249,1.9599697342229,1.9871741248519
163.47500000002,7.4177908650709,-7.8462294629053,-2.2350393408435,0.10431160057662,5,5,10.884045342266,15.391026719771,3040.7517084118,1.9582063729139,1.9854110908215
163.50000000002,7.4192633745728,-7.8473173027761,-2.2351985707575,0.58994060775774,5,5,10.885876101621,15.392864390575,3041.2345729384,1.9563756488585,1.9835791882013
163.52500000002,7.4206595060024,-7.848390497274,-2.2353454605224,1.495101033042,5,5,10.887637047219,15.394631451978,3041.7052980779,1.9546152671944,1.9818187106376
163.55000000002,7.422141402438,-7.8495113324704,-2.2355041831042,1.0599065498355,5,5,10.889495080745,15.396496252622,3042.192589723,1.9527575190008,1.9799602602686
163.57500000002,7.4236539498047,-7.8506217012147,-2.2356654839051,0.053049375426742,5,5,10.891371438463,15.398379530677,3042.6706033465,1.9508811710827,1.9780830512662
163.60000000002,7.4250920050216,-7.8516912220817,-2.2358147804079,0.83188117206587,5,5,10.893163609685,15.400177909708,3043.141395198,1.9490890800811,1.9762909358314
163.62500000002,7.4265636008137,-7.8527769774408,-2.2359714288899,0.60945116548157,5,5,10.894992395861,15.402013392648,3043.6401738875,1.9472603230627,1.9744614546015
163.65000000002,7.4280709819809,-7.8539017482099,-2.2361335906377,0.60016061365431,5,5,10.896873168911,15.403901143611,3044.1195045513,1.945379664859,1.9725798865432
163.67500000002,7.4295619854859,-7.8550237267672,-2.2362938457024,1.097651453834,5,5,10.89873916123,15.405774004796,3044.6064575218,1.9435138856455,1.9707133194124
163.70000000002,7.4309598919348,-7.8560359789016,-2.2364339750147,0.59112725170784,5,5,10.900465080354,15.407505603205,3045.0757159155,1.9417879756258,1.9689880345292
163.72500000002,7.432435920661,-7.857136933303,-2.236593226198,0.20190817572129,5,5,10.902306482373,15.409353878707,3045.5428080331,1.9399466827864,1.9671458044433
163.75000000002,7.4339059472555,-7.8582206303362,-2.236748732763,0.38987325158441,5,5,10.904132783949,15.411186788891,3046.0548886613,1.9381204067425,1.9653190153069
163.77500000002,7.4354230739671,-7.8593362440398,-2.2369115681953,1.0503405315656,5,5,10.906015937526,15.41307696951,3046.5421795268,1.9362372689409,1.9634349478002
163.80000000002,7.4368231855294,-7.8604079201146,-2.237057655341,1.303215941159,5,5,10.90777911704,15.414846190652,3047.0060773572,1.9344745699637,1.9616724402656
163.82500000002,7.4382735199295,-7.8615143392766,-2.237215413014,1.672116605679,5,5,10.909603297194,15.416677179652,3047.50500413,1.9326508215987,1.9598478042593
163.85000000002,7.4397068748361,-7.8625375753957,-2.2373634080949,0.90434736858628,5,5,10.911364410036,15.418444499936,3047.9645735357,1.9308897958766,1.9580866522408
163.87500000002,7.4411883392782,-7.8636115665626,-2.2375221579382,0.50583463308463,5,5,10.913194217108,15.420281180483,3048.4483118959,1.9290599952445,1.9562559053265
163.90000000002,7.4426204495148,-7.8646993400305,-2.2376736797585,1.4976121376036,5,5,10.91499260273,15.422085938004,3048.9168004792,1.9272619574921,1.9544576920303
163.92500000002,7.4440009673744,-7.8657529538092,-2.2378147752418,1.7389202858754,5,5,10.916729246492,15.423828304065,3049.4033057215,1.9255257337477,1.9527221773288
163.95000000002,7.4455210055369,-7.866907008325,-2.2379847859565,1.2496176592321,5,5,10.918637742717,15.425744357688,3049.8828918956,1.9236176002548,1.9508123495575
163.97500000002,7.4469883375792,-7.8680254587873,-2.2381419686488,0.20567085076944,5,5,10.920482734522,15.427596032918,3050.3565193183,1.9217730317519,1.9489673468111
164.00000000002,7.4484140081458,-7.8691035604748,-2.238291027186,0.81579402665955,5,5,10.922270146006,15.429389648892,3050.8163758107,1.9199858976172,1.9471803411996
164.02500000002,7.4498467469662,-7.8701879769859,-2.2384444494607,0.2681109615873,5,5,10.924067004291,15.431193045157,3051.2877134579,1.9181893324796,1.9453833209902
164.05000000002,7.4512945014297,-7.8712700137315,-2.2385991524745,0.60817709116049,5,5,10.925874432438,15.433007081962,3051.7481637486,1.9163820347738,1.9435755161536
164.07500000002,7.4527763150538,-7.8723496743394,-2.238755609757,0.67082690231051,5,5,10.927707855096,15.434847168244,3052.2195919593,1.9145486121331,1.9417416710651
164.10000000002,7.4542212260827,-7.8734351558711,-2.2389079467424,0.85286511266033,5,5,10.929515073411,15.436660795712,3052.6857302081,1.9127415836752,1.9399345494653
164.12500000002,7.4556813189182,-7.8745357245348,-2.2390639040061,0.86287364224782,5,5,10.93134349417,15.438495855695,3053.1569014886,1.9109134004676,1.9381059774106
164.15000000002,7.4571595053719,-7.8756622290452,-2.2392230251443,1.1886476472662,5,5,10.933202000991,15.440361161874,3053.6306704651,1.9090553200627,1.936247411474
164.17500000002,7.4586233000896,-7.8767773741595,-2.2393788422422,1.1363032641748,5,5,10.935042175874,15.442207921893,3054.0886988967,1.9072155615521,1.9344074740828
164.20000000002,7.4600634927471,-7.8778639297146,-2.2395339176517,1.195325823334,5,5,10.936846270624,15.444018669321,3054.5695067562,1.9054117157732,1.932603080332
164.22500000002,7.4615073197544,-7.8789435739037,-2.2396874614085,0.86789066581271,5,5,10.93864912059,15.445828045923,3055.029191592,1.9036090033568,1.9308000715582
164.25000000002,7.4629861635178,-7.880054594087,-2.2398438824957,0.60965856153331,5,5,10.940498808327,15.447684335847,3055.5051663444,1.9017595131255,1.9289504746063
164.27500000002,7.4644404253567,-7.881143749808,-2.2400009930509,0.085251691468288,5,5,10.942315711649,15.449508019319,3055.9733369772,1.8999427664729,1.9271330563197
164.30000000002,7.4658581470273,-7.8821759456997,-2.2401447478978,0.18803664745933,5,5,10.944069382968,15.451267572828,3056.4359041063,1.8981890952734,1.9253800709074
164.32500000002,7.4673316068327,-7.8833149675939,-2.2403036343971,1.1974183200155,5,5,10.945931761735,15.453136716908,3056.9030533824,1.8963274677686,1.9235181319777
164.35000000002,7.4687990916276,-7.8844466646116,-2.2404651293375,1.5429000118492,5,5,10.947784934626,15.454996913236,3057.3799086063,1.8944749842362,1.9216647829321
164.37500000002,7.4702324589277,-7.8855226288644,-2.2406175468068,0.46594568185486,5,5,10.949577207175,15.456795655012,3057.8479168365,1.892682894859,1.9198725069483
164.40000000002,7.4717009539025,-7.8866202741386,-2.2407711758943,0.60852058297117,5,5,10.951410592743,15.458635466017,3058.328771722,1.8908496471855,1.9180394645885
164.42500000002,7.4731803688907,-7.88771727604,-2.2409322139416,0.73256270283995,5,5,10.953252353281,15.460484253493,3058.7850222105,1.8890079523286,1.9161968639419
164.45000000002,7.4746052536089,-7.8888093050165,-2.2410830426513,0.12265285338703,5,5,10.955047575759,15.462285800896,3059.2581991605,1.8872132611168,1.9144023257113
164.47500000002,7.4760793157657,-7.8899094752465,-2.2412402803362,0.026495542237339,5,5,10.956886932651,15.464131866298,3059.7398158654,1.8853740278747,1.9125628140196
164.50000000002,7.4775623444527,-7.8909992162843,-2.2413957159275,0.39252682470779,5,5,10.95872728849,15.465978774481,3060.202494987,1.8835336878618,1.9107225266358
164.52500000002,7.4790104644687,-7.8921095722911,-2.2415529603628,0.51060881440759,5,5,10.960552101369,15.46781034972,3060.6837199586,1.8817094268257,1.9088977977656
164.55000000002,7.4804567972137,-7.8931962295027,-2.2417057834354,0.16069255410002,5,5,10.962361162536,15.469625854387,3061.1444673351,1.8799005642642,1.9070890038277
164.57500000002,7.4819620094951,-7.8942932644935,-2.24186771502,0.19612182364681,5,5,10.964223727913,15.471495445685,3061.6012558109,1.8780379989661,1.9052257526064
164.60000000002,7.4834304748981,-7.8953308718871,-2.2420210792738,0.77433053699922,5,5,10.966021787907,15.473300034374,3062.0797354159,1.8762401251102,1.9034277240904
164.62500000002,7.4848819323188,-7.8963953162577,-2.2421715131674,0.30291493696252,5,5,10.967821724145,15.475106246106,3062.5375668566,1.874440198297,1.9016281777885
164.65000000002,7.4863510749433,-7.8974829923102,-2.242332129547,0.49927047703334,5,5,10.969649679081,15.47694124389,3063.0128791378,1.8726122985206,1.8997993549833
164.67500000002,7.4877931539303,-7.898558633981,-2.2424848603301,0.15107043189213,5,5,10.971448733502,15.478746769714,3063.4686096833,1.870813360033,1.8980004203439
164.70000000002,7.4892749083697,-7.8996612837551,-2.2426427071681,0.14542471792153,5,5,10.973295739929,15.480600508737,3063.9225707255,1.868966450461,1.8961533514937
164.72500000002,7.490730256508,-7.9008014116163,-2.242802014933,1.4920651883984,5,5,10.975144504312,15.48245612419,3064.3907714624,1.8671188219621,1.8943053402543
164.75000000002,7.4921992515731,-7.9018892539416,-2.2429606616138,0.85619703853136,5,5,10.976972439602,15.484290931045,3064.8573993813,1.8652909444817,1.892476920617
164.77500000002,7.4936742445239,-7.9029806295306,-2.2431188668845,0.12971742537325,5,5,10.978807297875,15.486132597081,3065.3139537649,1.8634561386831,1.8906417591328
164.80000000002,7.4950975573583,-7.9040546667329,-2.2432708240423,0.33769929611907,5,5,10.98059037817,15.487922140686,3065.783236327,1.8616733159658,1.8888589013627
164.82500000002,7.4965809352498,-7.905159315203,-2.2434324618956,0.50214492447925,5,5,10.982439880322,15.489778692599,3066.2494868911,1.8598239189077,1.8870088032125
164.85000000002,7.4980483167059,-7.9062767955418,-2.2435899126919,1.2654642870285,5,5,10.984284323502,15.49162984397,3066.7244821828,1.8579798994931,1.8851647261409
164.87500000002,7.4994937685606,-7.9073455823552,-2.2437442445003,0.81312792398191,5,5,10.986081998756,15.493434131814,3067.1788320429,1.856182272027,1.8833669124574
164.90000000002,7.5009534142069,-7.9084192826184,-2.2439014179149,0.6343802618943,5,5,10.987894013565,15.495252950428,3067.6294901495,1.8543702782717,1.8815544710606
164.92500000002,7.5024440583556,-7.9095000698246,-2.2440629449605,0.66970359027856,5,5,10.989735241677,15.497101250174,3068.0891068188,1.8525290540413,1.8797124964539
164.95000000002,7.503927853502,-7.9105851329631,-2.2442178024423,0.2081218898211,5,5,10.991573450058,15.498945969906,3068.5540543084,1.8506908493987,1.8778746408607
164.97500000002,7.5053723832247,-7.9116317192151,-2.2443703226259,0.38359171375191,5,5,10.993357268687,15.500736297058,3069.0383752242,1.8489070359124,1.8760907982133
165.00000000002,7.5068437221468,-7.9127352932231,-2.2445315366995,0.16812491500381,5,5,10.995196484231,15.502582564588,3069.4879639372,1.8470680043504,1.8742510753847
165.02500000002,7.5083310568414,-7.9138223902982,-2.2446894496274,0.3116027945119,5,5,10.997038750375,15.504431586231,3069.9488725704,1.8452257411497,1.8724087408135
165.05000000002,7.5097842703475,-7.9148915425016,-2.2448430816279,0.046303307744623,5,5,10.99884288893,15.506242254262,3070.4108109912,1.8434216244361,1.8706047387407
165.07500000002,7.5112497562167,-7.9159814886888,-2.2450015891814,0.59467164352995,5,5,11.000669260066,15.508075490791,3070.8832891393,1.841595346766,1.8687780823542
165.10000000002,7.5127150422912,-7.9170460909474,-2.2451555345118,0.14595376374188,5,5,11.002480458909,15.509893220257,3071.3270246219,1.8397841489042,1.8669670746143
165.12500000002,7.5142248248773,-7.9181650111266,-2.2453190918978,0.21829698230376,5,5,11.004359667738,15.511779533286,3071.8099424689,1.8379050068383,1.8650874909125
165.15000000002,7.5156864963259,-7.9192577938319,-2.2454747419637,0.40003459743353,5,5,11.006184676633,15.51361116764,3072.2641862809,1.8360801435075,1.8632627533007
165.17500000002,7.5171698487807,-7.9203496908189,-2.2456372099799,0.018826979792284,5,5,11.00802657064,15.515460213176,3072.7377422156,1.8342382744562,1.8614201106565
165.20000000002,7.5186551018317,-7.9214382123123,-2.2457985749491,0.71436841892125,5,5,11.009867998257,15.517308697506,3073.2120156815,1.832396855812,1.8595781124047
165.22500000002,7.5200657191934,-7.922488545963,-2.2459473839534,0.43909277128935,5,5,11.011626702928,15.519073686526,3073.6617851229,1.8306382518366,1.8578198699975
165.25000000002,7.5215511713425,-7.9236023974251,-2.2461121660483,0.72021175910429,5,5,11.013483375534,15.520937657101,3074.1301816856,1.8287817633025,1.855962465508
165.27500000002,7.5229734203511,-7.9246620512075,-2.2462667831075,0.39442453171787,5,5,11.015256975934,15.522717984266,3074.5973319314,1.8270082706717,1.8541885872113
165.30000000002,7.5244434608207,-7.9257555894583,-2.24642463926,0.1588160912422,5,5,11.017089145383,15.524556941431,3075.058406758,1.8251761980408,1.8523564477876
165.32500000002,7.5259431749131,-7.9268616176713,-2.2465899671426,0.49498507100208,5,5,11.018952594005,15.526427709743,3075.5419534391,1.8233127847993,1.8504921655197
165.35000000002,7.5274158740745,-7.9279071540888,-2.2467457667714,1.3740870585928,5,5,11.020758691793,15.528240514957,3076.0107418064,1.8215068152993,1.8486861233389
165.37500000002,7.5288740072079,-7.928977824778,-2.2469024255699,0.43918699683086,5,5,11.022567693717,15.530056287503,3076.4723810829,1.8196978283456,1.8468769742558
165.40000000002,7.5302915158367,-7.9300122889735,-2.2470501633847,1.3226744317087,5,5,11.024322529004,15.531817330758,3076.9348378706,1.8179429942023,1.845122718835
165.42500000002,7.5317504921168,-7.931073960429,-2.2472039327069,0.28884285447498,5,5,11.026126900935,15.533628242978,3077.4025415888,1.8161386223172,1.8433186371045
165.45000000002,7.5332299877902,-7.9321622610385,-2.2473665297427,0.33054546380444,5,5,11.027963557044,15.535472082304,3077.8575883139,1.8143019884982,1.8414812719255
165.47500000002,7.5346828714578,-7.9332277644825,-2.2475216669341,0.19842599387825,5,5,11.029765269713,15.537280461714,3078.3165394976,1.8125002868055,1.8396796132626
165.50000000002,7.5361813334106,-7.9343428195326,-2.2476857106474,0.81561349509022,5,5,11.031633085547,15.539155467401,3078.7605676285,1.810632573146,1.8378114059645
165.52500000002,7.537681432427,-7.9354456572589,-2.2478482415109,0.2156266560387,5,5,11.033494952381,15.541024414803,3079.242701634,1.8087707266864,1.8359492520105
165.55000000002,7.5391663244335,-7.936517323516,-2.2480098828934,0.14231051031765,5,5,11.03532617406,15.542862756658,3079.6992217059,1.8069395205293,1.8341174506615
165.57500000002,7.5406329654296,-7.9376349046199,-2.2481692746845,0.81111999625316,5,5,11.037170089279,15.544713548131,3080.1724787056,1.805096046606,1.8322739626021
165.60000000002,7.5421163969585,-7.9387062803303,-2.248328572637,0.48675893151373,5,5,11.038999956765,15.54655033632,3080.6450290436,1.8032661920602,1.8304439216652
165.62500000002,7.5435358492546,-7.9397134089409,-2.2484737104515,1.7066273755259,5,5,11.040740402931,15.548296823608,3081.1034152942,1.8015258748034,1.8287045330276
165.65000000002,7.5449945112981,-7.9408126379618,-2.248635902083,0.43063036234981,5,5,11.042566874775,15.550130482661,3081.5798550162,1.7996996527349,1.8268776001742
165.67500000002,7.5464945260802,-7.9419094857205,-2.2487995548446,0.37117070935157,5,5,11.044425131849,15.551995932091,3082.0421300474,1.7978413998801,1.8250188752926
165.70000000002,7.547945133868,-7.9429819381673,-2.2489559013062,0.28810133099344,5,5,11.046229132183,15.553806694754,3082.4884864271,1.796037448746,1.8232149132393
165.72500000002,7.5493920733748,-7.9440383356313,-2.2491097163591,0.12115151713981,5,5,11.048020670499,15.555604823951,3082.9498319386,1.7942459121883,1.8214236295861
165.75000000002,7.5507649516984,-7.9450544748869,-2.2492526715893,1.0618882753413,5,5,11.049728690955,15.557318816389,3083.4042311105,1.7925379455347,1.8197165510791
165.77500000002,7.5522728289104,-7.9461928947934,-2.2494194090963,0.28313952728377,5,5,11.051618054226,15.559215522735,3083.8615750582,1.7906488703526,1.8178269876071
165.80000000002,7.5537506124188,-7.9472698703558,-2.2495794839204,0.49623052286664,5,5,11.053446638504,15.56105110014,3084.3177262841,1.7888202863731,1.8159981727011
165.82500000002,7.555182836221,-7.9483464408117,-2.2497339794432,0.32577402698091,5,5,11.05523836085,15.562849471023,3084.7608891047,1.7870287757347,1.814206851528
165.85000000002,7.5566695865498,-7.9494250225979,-2.2498964772601,0.36034108763491,5,5,11.057075142059,15.564693426215,3085.2281757066,1.7851919968265,1.8123695738247
165.87500000002,7.5581066019943,-7.9504984136442,-2.250049530785,0.17122630424389,5,5,11.05886879245,15.566493594848,3085.6750256785,1.7833984835072,1.8105765560652
165.90000000002,7.5596415337311,-7.9516001173593,-2.2502144980497,0.062238559441888,5,5,11.060758175025,15.568390165625,3086.1383548965,1.7815091426298,1.8086871070546
165.92500000002,7.5610881816229,-7.9526720854463,-2.2503694103287,0.074939414946296,5,5,11.062558704309,15.570197346722,3086.582491101,1.7797086788766,1.8068869505626
165.95000000002,7.5625877018917,-7.9537665354411,-2.2505373857041,0.079636994242319,5,5,11.064415147636,15.572061373963,3087.0406245761,1.7778522371434,1.8050294145272
165.97500000002,7.5640461927808,-7.954867380734,-2.2506921868997,0.27467922839247,5,5,11.066242456048,15.573895227676,3087.5157046625,1.7760252048665,1.8032031367366
166.00000000002,7.5654831236118,-7.9559090183525,-2.2508447968288,0.73469545863315,5,5,11.068017217762,15.575676538691,3087.9572857618,1.774250446414,1.8014287381313
166.02500000002,7.5669631357251,-7.957036615904,-2.2510090812213,0.70533005899482,5,5,11.069877839189,15.577544398818,3088.4364133767,1.7723902716208,1.7995682055347
166.05000000002,7.5684015487429,-7.9580639171869,-2.2511599157101,0.090407022983385,5,5,11.071645430752,15.579318414314,3088.8953252179,1.7706227509861,1.7978012705082
166.07500000002,7.5698596013577,-7.9591125895443,-2.2513152136114,0.21722187813763,5,5,11.073441434967,15.581121120219,3089.3544670933,1.7688267753157,1.7960055513131
166.10000000002,7.5713395863152,-7.9602320766927,-2.2514791806168,0.29625367482123,5,5,11.07529713078,15.582984045909,3089.8198895996,1.7669713953454,1.7941498384355
166.12500000002,7.5727884934795,-7.9613112805753,-2.2516356796376,0.41421887343209,5,5,11.077103788742,15.584797469449,3090.26059846,1.7651648478839,1.7923435274877
166.15000000002,7.5743174749854,-7.9624373659168,-2.2518017932024,0.035565764225706,5,5,11.079002697018,15.586703629557,3090.7585850522,1.7632659702319,1.7904446331794
166.17500000002,7.5757417122082,-7.9634962430468,-2.2519553074604,0.74629374212424,5,5,11.080777428672,15.588484988328,3091.2134803077,1.7614913308108,1.7886702927112
166.20000000002,7.5771907517678,-7.9645742802569,-2.2521087378082,0.50664985261443,5,5,11.082583496188,15.59029756129,3091.685182499,1.7596853633421,1.7868651290756
166.22500000002,7.5786553259666,-7.96569082991,-2.2522696485324,0.20662752242444,5,5,11.084425142384,15.592146223772,3092.1568607539,1.7578441744749,1.7850239947468
166.25000000002,7.5801090422891,-7.9667979068673,-2.2524299211502,1.2718512914291,5,5,11.086252410984,15.593980507787,3092.6334310853,1.7560173396191,1.7831971212618
166.27500000002,7.5815470308668,-7.9678738874553,-2.2525848489966,0.62997884911826,5,5,11.088048391322,15.595783158062,3093.0940526892,1.7542215190332,1.7814017332725
166.30000000002,7.5830227559612,-7.9689566711282,-2.2527462166107,0.1180612768207,5,5,11.089878742391,15.597620608618,3093.5638849086,1.7523911823947,1.7795712495548
166.32500000002,7.5844700582558,-7.9700219756014,-2.2529028381723,0.39932969366473,5,5,11.091675839371,15.599424517669,3094.0253687026,1.7505941124996,1.7777743650536
166.35000000002,7.5859073647851,-7.971084933745,-2.2530565445441,0.53352008410268,5,5,11.093463499874,15.601218773984,3094.4926330482,1.7488065057449,1.7759873211217
166.37500000002,7.5873796780652,-7.9721782107059,-2.2532139791725,0.38425932811704,5,5,11.095297337627,15.603059357198,3094.9406103006,1.7469727543643,1.774154203864
166.40000000002,7.588894810044,-7.9732907331141,-2.2533802942306,0.76027128917254,5,5,11.097177053303,15.604946416212,3095.4135931967,1.7450930564959,1.7722743107537
166.42500000002,7.5903473332228,-7.9743366104672,-2.2535340409087,0.33834427228487,5,5,11.098966936825,15.606742890833,3095.9033705639,1.7433031949664,1.770485083839
166.45000000002,7.5917739753639,-7.975419714503,-2.2536907744817,0.58890844523468,5,5,11.100758143723,15.608540941879,3096.3753376177,1.7415123593852,1.7686943908446
166.47500000002,7.5932639364063,-7.9765041573234,-2.2538545748624,0.74917550243068,5,5,11.102600967681,15.610391031256,3096.857259467,1.7396695354554,1.7668512886861
166.50000000002,7.594750306898,-7.9775956710678,-2.2540133866166,0.077211838144921,5,5,11.104445066239,15.612241955529,3097.3376441637,1.7378254549243,1.7650078360349
166.52500000002,7.5961776755066,-7.9786677644969,-2.2541689240648,0.90732953280605,5,5,11.106230217624,15.61403386997,3097.8051709576,1.7360405104789,1.7632231961283
166.55000000002,7.5976087111557,-7.9797269638276,-2.2543219875157,0.052567548669603,5,5,11.108010601361,15.615820821193,3098.2713353631,1.7342601867559,1.7614435529474
166.57500000002,7.5990643779956,-7.9808168286311,-2.2544789233062,0.62537353604512,5,5,11.10982905434,15.617646033531,3098.7489018248,1.7324419048852,1.7596258746791
166.60000000002,7.6005404652073,-7.9819144867614,-2.2546398890965,0.90299050296212,5,5,11.111668534383,15.61949254289,3099.2169287083,1.7306025256507,1.7577867345697
166.62500000002,7.6019692128699,-7.9829593941957,-2.2547907214576,0.10611883081117,5,5,11.113438605407,15.6212690287,3099.6747021416,1.7288324602512,1.7560176266673
166.65000000002,7.6034479294546,-7.9840351511933,-2.2549501260243,0.041375328927463,5,5,11.115267226706,15.623104584657,3100.1556752659,1.7270038389522,1.7541893819225
166.67500000002,7.6048906113556,-7.9851215540457,-2.2551065063681,0.93285043843767,5,5,11.117073217355,15.624917333133,3100.6085671899,1.725198094813,1.7523842053481
166.70000000002,7.6064090077816,-7.986209325663,-2.2552709010562,0.059020991418129,5,5,11.118941043578,15.626792379909,3101.0736328755,1.7233303180078,1.7505165676786
166.72500000002,7.6078331433927,-7.9872651076289,-2.2554203519819,0.6100998641447,5,5,11.120713848643,15.628571473323,3101.5351641918,1.7215575851135,1.7487451368696
166.75000000002,7.6092997496455,-7.9883864364704,-2.2555828379244,0.80169505469757,5,5,11.12256001014,15.630424771452,3101.9917651026,1.7197119492092,1.7468996623211
166.77500000002,7.6107505667629,-7.9894632362637,-2.2557414351463,0.96987154264855,5,5,11.124366766377,15.632238475171,3102.4217227996,1.7179052763794,1.7450932430419
166.80000000002,7.6122486945792,-7.9905465503824,-2.2559018377535,0.46489356205875,5,5,11.126215537979,15.63409419213,3102.9032188354,1.7160565120771,1.7432450861027
166.82500000002,7.6137481682151,-7.9916428881551,-2.2560628505203,0.15863604806508,5,5,11.12807305721,15.635958676725,3103.3524654063,1.7141989984057,1.7413882250664
166.85000000002,7.6151720738373,-7.9927265817031,-2.2562121565933,1.2965035914395,5,5,11.12986244228,15.637754280031,3103.7891890635,1.7124100339251,1.7396009197903
166.87500000002,7.6166759606637,-7.9938333449505,-2.2563803360223,0.82879998278475,5,5,11.131729686365,15.639629082632,3104.2992232806,1.7105428189727,1.7377332790294
166.90000000002,7.618140673156,-7.9949236905994,-2.2565393521489,0.48277260013039,5,5,11.133555675499,15.641461982642,3104.7648955501,1.7087169417151,1.7359079593402
166.92500000002,7.6196226002817,-7.9959770818452,-2.2566966170393,0.79647148884516,5,5,11.135373845217,15.643286941099,3105.2238972377,1.7068988797914,1.7340906571017
166.95000000002,7.6211017301555,-7.9970380804177,-2.2568540206627,0.094878687677691,5,5,11.137194159243,15.645114047843,3105.6923197514,1.705078605435,1.732271168547
166.97500000002,7.6225772568841,-7.9981039763781,-2.2570095360141,0.040297111579681,5,5,11.13901441014,15.646940929982,3106.1192394795,1.7032583642544,1.7304520620586
167.00000000002,7.6240163722503,-7.9991653449268,-2.2571636794393,0.20152033607674,5,5,11.140802581338,15.648735732597,3106.5708900379,1.7014702320731,1.7286648182106
167.02500000002,7.6254722870333,-8.0002601729096,-2.2573234018366,1.2966716030068,5,5,11.142624211423,15.650564351588,3107.019663743,1.6996488330194,1.7268438607754
167.05000000002,7.6269684600068,-8.0013660647119,-2.2574851885282,0.2530759365445,5,5,11.144484730233,15.652431891461,3107.4664456187,1.6977883691807,1.7249841050449
167.07500000002,7.6284924828345,-8.0024959169035,-2.2576509038814,0.10662808233818,5,5,11.146381889045,15.654336274073,3107.9104700922,1.695891289392,1.7230876327597
167.10000000002,7.6299686139846,-8.0035774812042,-2.2578105776353,0.220785360553,5,5,11.14821184656,15.656173184582,3108.3683232729,1.6940613432313,1.7212583203811
167.12500000002,7.6314517471422,-8.0046851780416,-2.2579729063005,0.77304072502796,5,5,11.150062974931,15.658031416764,3108.8472666491,1.6922103637581,1.7194078532259
167.15000000002,7.6329056471985,-8.0057696310824,-2.2581258115669,0.43410788062378,5,5,11.151876773093,15.65985164856,3109.2968489313,1.690396697802,1.7175957955231
167.17500000002,7.634401763781,-8.0068669429249,-2.258287969764,0.51911902149522,5,5,11.153732159335,15.661714107523,3109.758565148,1.6885413266544,1.7157410697541
167.20000000002,7.6358747819882,-8.0079289914445,-2.2584460822382,0.59949330306464,5,5,11.15554812456,15.66353694302,3110.2256042843,1.6867253767084,1.7139258742138
167.22500000002,7.6373387604225,-8.0090127748422,-2.2586054361209,0.87301369764368,5,5,11.157369612773,15.665365388527,3110.7001212455,1.6849039540202,1.7121050886737
167.25000000002,7.6387971164835,-8.0100486378763,-2.2587619869692,0.60603930189559,5,5,11.15915841534,15.667161028467,3111.1551563073,1.6831152632735,1.7103170286231
167.27500000002,7.6402775219905,-8.0111566539014,-2.2589224970764,1.0697783544582,5,5,11.161007550267,15.669017116684,3111.6533240642,1.6812663026207,1.7084689702375
167.30000000002,7.6417457137624,-8.0122156926469,-2.2590807616188,0.11249002073326,5,5,11.162817840339,15.670834311723,3112.1030699284,1.6794560261989,1.7066593958566
167.32500000002,7.6431635956349,-8.0132662845749,-2.2592319884003,1.5838788383821,5,5,11.164582530794,15.672605470085,3112.5733575479,1.677691405881,1.7048960174634
167.35000000002,7.6447046273242,-8.0143727766532,-2.2593978912194,0.36947803628876,5,5,11.166479661097,15.674509840619,3113.0782598216,1.6757943103492,1.7029996833426
167.37500000002,7.6462213836374,-8.015479348018,-2.2595633904143,0.23750642265085,5,5,11.168357172721,15.676394632354,3113.5650275078,1.6739168008894,1.7011227118278
167.40000000002,7.6476332611127,-8.016518360204,-2.2597128610905,0.69095199120473,5,5,11.170110154275,15.678153974791,3114.0250400965,1.6721638473142,1.6993711760064
167.42500000002,7.6490556259353,-8.0175709641327,-2.2598674316118,0.74938489960313,5,5,11.1718796448,15.679930203595,3114.5097248496,1.6703944181936,1.6976025353831
167.45000000002,7.650515805769,-8.0186784359618,-2.2600256461193,1.0594041334414,5,5,11.173712298341,15.681769673853,3114.988155285,1.6685621362495,1.6957714159938
167.47500000002,7.6520234140381,-8.0197766269015,-2.2601910084235,0.3134781777848,5,5,11.175577480915,15.683642172378,3115.4540684926,1.6666969542991,1.6939066663638
167.50000000002,7.6534560816564,-8.020822710427,-2.26034241699,0.78727884870757,5,5,11.177351410802,15.685422552057,3115.9263556631,1.6649230277834,1.6921342141519
167.52500000002,7.6549725551224,-8.0219207016354,-2.2605089415064,0.16739405789153,5,5,11.17922364916,15.68730218151,3116.3904718431,1.6630507933805,1.6902623519273
167.55000000002,7.6564434278951,-8.0229810437943,-2.2606714005266,1.459962593222,5,5,11.181036876174,15.689122671867,3116.8592861069,1.6612375818141,1.6884493054923
167.57500000002,7.6579324870123,-8.0240567200768,-2.2608392671597,0.040340390426779,5,5,11.182873823784,15.690967273647,3117.3474146656,1.659400643318,1.6866119634829
167.60000000002,7.6594368292448,-8.0251414771803,-2.2610100965306,0.41186349200552,5,5,11.184728478341,15.692829779002,3117.8165020077,1.6575460036751,1.6847566917327
167.62500000002,7.660875377813,-8.0261977690452,-2.2611695007043,0.64749759235919,5,5,11.186513184055,15.69462158931,3118.3055637684,1.6557613169657,1.682972304043
167.65000000002,7.6623593246503,-8.0272822342154,-2.2613370795183,0.4578639663222,5,5,11.188351161999,15.696467190995,3118.7865319127,1.6539233441194,1.6811340436176
167.67500000002,7.6638202889817,-8.0283408894027,-2.2615027841659,0.13629366708704,5,5,11.190155370297,15.698278992754,3119.2484961511,1.6521191383625,1.6793293552528
167.70000000002,7.6652993687087,-8.02937629161,-2.2616637561557,0.4053728396609,5,5,11.1919608438,15.700091628004,3119.7249033464,1.650313957542,1.6775245719221
167.72500000002,7.6667623949117,-8.0304496173727,-2.261829484951,0.2707194648329,5,5,11.193775361329,15.701913698227,3120.2371338657,1.6484994558915,1.6757097816867
167.75000000002,7.6682496140502,-8.0314960441543,-2.2619937060375,0.039359970334693,5,5,11.195593830404,15.703739567428,3120.6947169863,1.6466812086637,1.6738915932899
167.77500000002,7.6696475357457,-8.032507081476,-2.2621452992283,1.0368690005231,5,5,11.197319049675,15.705471434059,3121.1622110739,1.6449559953207,1.672167209938
167.80000000002,7.6711934328848,-8.03361364053,-2.2623234520576,0.36320610714057,5,5,11.199220173265,15.707380886687,3121.637332872,1.6430549256121,1.6702650759778
167.82500000002,7.6726567988096,-8.0346655507153,-2.2624837897227,0.6039364902203,5,5,11.201022381596,15.709190213367,3122.1345225849,1.6412527449244,1.6684634392096
167.85000000002,7.6741049252713,-8.0356906567716,-2.2626432988522,0.94920917865285,5,5,11.202796617396,15.710971604912,3122.5918893108,1.6394786545203,1.6666895998134
167.87500000002,7.6755443229749,-8.0367496194988,-2.2628005666982,0.4890603953126,5,5,11.204583589082,15.712765483665,3123.0501020792,1.6376917096755,1.664903535451
167.90000000002,7.677086017832,-8.0378848709645,-2.2629784839504,0.42034796383447,5,5,11.206498169695,15.714688313214,3123.5318941271,1.6357771626156,1.6629882533532
167.92500000002,7.6785598957226,-8.0389363957996,-2.263142729989,0.2884312414781,5,5,11.208308700146,15.716506278361,3123.9946745655,1.6339667072836,1.6611778395939
167.95000000002,7.6800477885161,-8.040030756878,-2.2633084684639,0.88215247401984,5,5,11.210155711552,15.71836071099,3124.4622593167,1.632119722429,1.6593312425291
167.97500000002,7.6814842195991,-8.0410509895748,-2.2634664273422,1.5596597798486,5,5,11.211917588112,15.720129654183,3124.9526394507,1.6303579569413,1.6575698870915
168.00000000002,7.6829745740295,-8.042120300041,-2.2636301438386,0.0020804118850124,5,5,11.21375186759,15.721971225331,3125.4019053838,1.6285237155923,1.6557362233066
168.02500000002,7.6844844272449,-8.0432122501225,-2.263803382767,0.40887997723224,5,5,11.215615201084,15.723842594733,3125.8749628425,1.6266603887956,1.6538722498387
168.05000000002,7.6859565479329,-8.0442917327572,-2.2639654728734,0.84740417883071,5,5,11.217440693368,15.725675269085,3126.3457008583,1.6248349103822,1.652047533234
168.07500000002,7.6874608214234,-8.0453937120899,-2.2641358339931,1.1521803986394,5,5,11.219305417794,15.727547759431,3126.8436134651,1.6229701969586,1.6501827503628
168.10000000002,7.6888514723271,-8.0464315121806,-2.2642911326452,1.5876529824485,5,5,11.221040623535,15.729289900824,3127.293369099,1.6212351225473,1.6484482094141
168.12500000002,7.6903392926693,-8.0475114770354,-2.2644586275886,0.23029097006722,5,5,11.222879083069,15.7311359745,3127.7802732782,1.6193966637934,1.6466098003057
168.15000000002,7.6918500006849,-8.0486171761256,-2.2646298505069,0.79107602392795,5,5,11.22475119663,15.733015901752,3128.2671061394,1.6175245587847,1.6447376434607
168.17500000002,7.6933260140199,-8.0496887818307,-2.264794236054,0.061391795585341,5,5,11.226575190642,15.73484728832,3128.7321232887,1.6157005653943,1.64291405835
168.20000000002,7.6948323940877,-8.0507875434352,-2.2649638627396,0.026314718858568,5,5,11.228439716847,15.736719514584,3129.2370381326,1.6138360409969,1.6410496812045
168.22500000002,7.6963064637325,-8.0518450719185,-2.2651287472238,0.16650993668303,5,5,11.2302538965,15.738541171715,3129.7028721497,1.6120218994017,1.639235728828
168.25000000002,7.6977596161869,-8.0528863108211,-2.2652880112166,1.0440887549303,5,5,11.232041585093,15.74033594065,3130.1669737704,1.6102342554622,1.6374488711916
168.27500000002,7.6992258438711,-8.0539347996985,-2.2654491306352,0.076890501679842,5,5,11.233844125675,15.742145667705,3130.6601379333,1.6084317730244,1.635647102119
168.30000000002,7.7006850037723,-8.0549737111311,-2.2656098788815,0.39051476526738,5,5,11.23563535,15.743944090509,3131.1144791277,1.6066406399925,1.6338565783263
168.32500000002,7.702183841738,-8.0560633633493,-2.2657777280271,0.26023330980513,5,5,11.237488416972,15.745804743765,3131.5911646841,1.604787573063,1.632003879238
168.35000000002,7.7036723126972,-8.0571638682405,-2.2659457672806,0.095629779382704,5,5,11.239339540094,15.747663478281,3132.0673412764,1.6029365066087,1.6301531307506
168.37500000002,7.7051401397464,-8.0581738657056,-2.2661053912664,1.1252960642104,5,5,11.241121283938,15.749452358082,3132.5211709449,1.6011553718912,1.6283726953569
168.40000000002,7.706602734374,-8.0592368586463,-2.2662677020993,0.4690082252664,5,5,11.242929359444,15.751267704287,3132.9848126989,1.5993472965114,1.6265652978349
168.42500000002,7.7080564891127,-8.0602935904048,-2.2664292237611,1.554717109005,5,5,11.244726603125,15.753072191499,3133.4394489456,1.5975500529117,1.6247687122037
168.45000000002,7.7095901128355,-8.0614185710425,-2.2666033203901,0.78986695440675,5,5,11.246628597647,15.754982137256,3133.8991914311,1.5956480738796,1.6228668718519
168.47500000002,7.7110413643181,-8.0624554705063,-2.2667617095126,0.55514046227414,5,5,11.24841221514,15.756772773589,3134.3753585663,1.5938645203663,1.6210843538975
168.50000000002,7.712581101865,-8.0635644574861,-2.2669396011358,0.25861398154038,5,5,11.250309751394,15.758678630159,3134.8404365323,1.5919670048586,1.6191862465544
168.52500000002,7.7140756698389,-8.0646299683051,-2.2671038287469,0.75041244882033,5,5,11.252145247712,15.760521458811,3135.2993037156,1.5901315917537,1.6173517109281
168.55000000002,7.7155468660024,-8.0656711955451,-2.2672650424297,0.85075662921682,5,5,11.253947627338,15.762331033946,3135.7847975024,1.5883293639136,1.6155503710387
168.57500000002,7.7170402023004,-8.0667456968426,-2.2674450102607,0.48698693017285,5,5,11.255787357302,15.764179545444,3136.2409970016,1.5864896586096,1.6137087738525
168.60000000002,7.7185150514002,-8.0678422342845,-2.2676149968439,0.034721988472086,5,5,11.257625175091,15.766025207836,3136.730444172,1.5846519408601,1.6118709729456
168.62500000002,7.7199988383477,-8.0689540351148,-2.2677999832569,0.0049502069652422,5,5,11.259479285334,15.767888523366,3137.1842777256,1.5827980169813,1.6100145112084
168.65000000002,7.7214874178413,-8.0700192755404,-2.2679697533183,0.27741914240688,5,5,11.261309751415,15.769726845413,3137.6707570172,1.5809676058049,1.6081839672212
168.67500000002,7.7229672193801,-8.0710861350926,-2.2681454022101,0.6014887275111,5,5,11.263134032615,15.771559563185,3138.1266350443,1.5791433409273,1.6063584054651
168.70000000002,7.7243690306402,-8.0721155523169,-2.2683056622035,0.73385488040942,5,5,11.264873220538,15.773306119195,3138.5941892006,1.5774041708585,1.6046193337765
168.72500000002,7.7258540298621,-8.0732320901172,-2.2684903282089,0.22927652648749,5,5,11.266731143935,15.775173197362,3139.0554890646,1.5755464804338,1.6027592919929
168.75000000002,7.7273038237159,-8.0743047506824,-2.2686637228142,0.8260730820608,5,5,11.268534613621,15.776984983386,3139.5169613375,1.5737430704334,1.6009546931813
168.77500000002,7.7287916301762,-8.0753953941346,-2.268843228299,0.21355759764048,5,5,11.270379355121,15.778838437842,3139.9946545087,1.5718983417186,1.5991083723356
168.80000000002,7.7302946206717,-8.0765141138358,-2.2690264547657,0.46538490330842,5,5,11.272252991745,15.78072101218,3140.4523084585,1.5700248189884,1.5972330805809
168.82500000002,7.7317740283505,-8.077585815248,-2.2692017362316,0.11903397217447,5,5,11.274079789763,15.782556200069,3140.9256912896,1.5681980242935,1.5954051978916
168.85000000002,7.7332439645992,-8.0786853605271,-2.2693823221024,0.88965567448921,5,5,11.275915467402,15.784400738942,3141.401552147,1.5663625117231,1.5935677869793
168.87500000002,7.7347124471875,-8.0797497781306,-2.2695540032138,0.106212863507,5,5,11.277729144867,15.786222523877,3141.8690893301,1.5645488366149,1.5917534957015
168.90000000002,7.736213525875,-8.0808512126863,-2.2697347727167,0.44187460690591,5,5,11.279590970666,15.788093104782,3142.3447519575,1.5626870273351,1.5898902369372
168.92500000002,7.7376576701273,-8.0819071978971,-2.2699070285205,0.7440614504025,5,5,11.281380008784,15.78989041651,3142.8041554887,1.5608979950854,1.5881000948135
168.95000000002,7.73916323081,-8.0829701702352,-2.2700885396448,0.31682663992711,5,5,11.283223001774,15.791742326186,3143.2694231318,1.5590551841483,1.5862554057521
168.97500000002,7.7406569070006,-8.0840518482397,-2.2702665368858,0.44531808599463,5,5,11.2850672078,15.793595102181,3143.7506824523,1.557210982044,1.5844100141197
169.00000000002,7.7420870868029,-8.0851011787678,-2.2704349786175,0.06232289182696,5,5,11.286841047935,15.79537692188,3144.2007991088,1.5554371572905,1.5826355715187
169.02500000002,7.7435889868131,-8.0861828304621,-2.2706173955791,0.3243629554466,5,5,11.288691905582,15.797236747134,3144.6901630586,1.5535863199061,1.5807828766274
169.05000000002,7.7450401224852,-8.0872298471133,-2.2707897425974,1.2681714542134,5,5,11.290481329681,15.79903445181,3145.1432038329,1.5517969088037,1.5789924276679
169.07500000002,7.7465268670197,-8.0883128481859,-2.270970585401,0.43751158471627,5,5,11.292320704747,15.800882695505,3145.5977517019,1.5499575342203,1.5771513223355
169.10000000002,7.7479474342073,-8.0893385639873,-2.2711350578437,1.2358348373589,5,5,11.294072875983,15.802642569143,3146.0766759506,1.5482053735047,1.5753989706642
169.12500000002,7.7494197577095,-8.0904135487896,-2.2713091946003,0.56206699724105,5,5,11.295895875934,15.804473867161,3146.5151432454,1.5463823765915,1.5735752347752
169.15000000002,7.7508762451444,-8.0914762387375,-2.2714835724696,1.1886379014581,5,5,11.297698836159,15.806285240456,3146.9889375456,1.5445794183929,1.5717711638479
169.17500000002,7.7524076580466,-8.0925706425899,-2.2716685858208,1.0262122294683,5,5,11.299581107465,15.808176582628,3147.4516498715,1.5426972128031,1.569887264027
169.20000000002,7.7539169636644,-8.0936714324023,-2.2718505521246,0.60278965211661,5,5,11.301449192489,15.81005350921,3147.8982706091,1.5408291293609,1.5680178242089
169.22500000002,7.7553939357818,-8.0947440304923,-2.2720282869313,0.0080034197705831,5,5,11.303274545414,15.81188749475,3148.3633948058,1.5390037769343,1.5661911765566
169.25000000002,7.7568215296182,-8.0957910783799,-2.2721957666242,0.18803460177172,5,5,11.305044950294,15.813665803746,3148.8475169046,1.5372333860407,1.564420456018
169.27500000002,7.7582880648269,-8.0968817070068,-2.2723730870664,1.2692241349625,5,5,11.306872570692,15.815502006039,3149.3046459664,1.5354058685215,1.5625917922844
169.30000000002,7.7597821585154,-8.0979487568331,-2.2725527258236,0.68703910561174,5,5,11.308708574854,15.817346777397,3149.7531542262,1.5335699330763,1.560754443899
169.32500000002,7.7612412917851,-8.0990263411764,-2.2727267279643,0.23475975549551,5,5,11.310522481664,15.819169010824,3150.2202158477,1.531756074273,1.5589398525941
169.35000000002,7.762666043119,-8.1000822977922,-2.2728957608042,1.2404057885311,5,5,11.31229588538,15.820950452049,3150.6677510737,1.5299827422549,1.5571660228016
169.37500000002,7.7641391305421,-8.1011893705075,-2.2730757912065,0.91464576324207,5,5,11.314138599832,15.822801939964,3151.130049307,1.5281402541475,1.5553222156912
169.40000000002,7.7655965936278,-8.102253259345,-2.2732450880716,1.1436891040203,5,5,11.315943054903,15.824614319486,3151.5641541001,1.5263358018535,1.5535177956991
169.42500000002,7.7671124424422,-8.1033455124242,-2.2734327230136,0.08494568247613,5,5,11.317811427034,15.826492089784,3152.0538859232,1.5244674478882,1.5516471946031
169.45000000002,7.7686040691544,-8.1044275015047,-2.2736118417482,0.32370959546366,5,5,11.319654156156,15.828343503875,3152.4980344235,1.5226247202001,1.5498033755772
169.47500000002,7.7701015221725,-8.1055216106652,-2.2737906449157,0.34539011272663,5,5,11.32150872899,15.830206676162,3152.9495415555,1.5207701518472,1.5479480007759
169.50000000002,7.7715311897845,-8.1065531152289,-2.2739565183226,0.5526964789613,5,5,11.323271667204,15.831977400628,3153.4167612612,1.5190072263092,1.5461850902882
169.52500000002,7.7730066931347,-8.1076279448526,-2.2741346728895,0.97833169302317,5,5,11.32509714491,15.833811551086,3153.8620383466,1.5171817491323,1.5443584529361
169.55000000002,7.7744826079857,-8.10867951062,-2.2743102428174,0.22081510468246,5,5,11.326909357704,15.835632248758,3154.3078306603,1.5153696225403,1.5425454318147
169.57500000002,7.7759988643498,-8.1097922105192,-2.2744947864374,0.30344101799003,5,5,11.328790084805,15.837522008207,3154.7768762079,1.5134889125875,1.5406633769237
169.60000000002,7.7775286719812,-8.1108860499806,-2.2746776693597,0.43635036423483,5,5,11.330670721973,15.839411516693,3155.2510799214,1.5116083368211,1.538781783408
169.62500000002,7.7790139143136,-8.1119565117782,-2.2748525625881,0.21592712605454,5,5,11.332501523231,15.841250652601,3155.7021043031,1.5097775526258,1.5369506161667
169.65000000002,7.7805099703976,-8.1130117129418,-2.2750326442764,0.83339175704999,5,5,11.334332269882,15.843090234813,3156.1731150668,1.507946999625,1.5351187231547
169.67500000002,7.7819876400081,-8.1140863301298,-2.2752081885176,0.24684289650623,5,5,11.336159374033,15.844925752549,3156.6321702092,1.5061198954784,1.5332910862502
169.70000000002,7.7834058449095,-8.1150942331927,-2.2753702013445,1.2237897340346,5,5,11.337899251536,15.846673156876,3157.083423408,1.5043801229508,1.5315517879946
169.72500000002,7.7849148140734,-8.1161751388807,-2.2755551823742,0.020518346802766,5,5,11.339755415604,15.848538515562,3157.5422536475,1.5025240078584,1.5296939221507
169.75000000002,7.7864082992344,-8.1172731855479,-2.2757332651387,0.46659583553633,5,5,11.341609115798,15.850400750209,3158.0199037492,1.500670331925,1.5278397653583
169.77500000002,7.7878831000676,-8.1183541624218,-2.2759081837074,0.14400154284677,5,5,11.343437653054,15.852237634801,3158.4555718092,1.4988418068698,1.5260109256936
169.80000000002,7.7893560287429,-8.1194088155184,-2.2760864365746,0.28511406412208,5,5,11.345249230278,15.85405796063,3158.9276747446,1.4970302800303,1.5241981738339
169.82500000002,7.7908280379893,-8.1204805462362,-2.2762621643519,0.28231662880309,5,5,11.347070059197,15.855887249618,3159.3912061988,1.4952094513016,1.5223767789358
169.85000000002,7.7923379594526,-8.1215861874597,-2.2764452430732,0.17039205041995,5,5,11.348941503917,15.85776762808,3159.8385283836,1.4933380160702,1.5205043173071
169.87500000002,7.793788533442,-8.1226675111586,-2.2766155213036,1.2914033002772,5,5,11.350750765048,15.859584884395,3160.3003850755,1.4915288793827,1.5186954696698
169.90000000002,7.7952302972904,-8.1237296453052,-2.2767888051681,0.22614465655072,5,5,11.352541522413,15.861384006192,3160.7595103892,1.4897381552084,1.5169041583086
169.92500000002,7.7967510369672,-8.1248284276059,-2.2769722705938,0.56808062938015,5,5,11.354417681178,15.863269113953,3161.2421252598,1.487862005754,1.5150270523801
169.95000000002,7.7982983822587,-8.1259239911617,-2.2771572064542,0.55889502624323,5,5,11.356313607589,15.865174038683,3161.7114172911,1.4859662335695,1.5131304184932
169.97500000002,7.7997749561451,-8.1270189710617,-2.2773362800301,0.56984081209271,5,5,11.358151881622,15.867021014257,3162.1631957655,1.4841280378669,1.5112914531594
170.00000000002,7.8012807803666,-8.128129780246,-2.2775194359783,0.044112438359163,5,5,11.360023085414,15.868901160456,3162.6483056126,1.4822568763924,1.5094193636683
170.02500000002,7.8027159807512,-8.1291844935032,-2.2776897041199,1.1390338501295,5,5,11.36180415818,15.870690353414,3163.1253416291,1.4804758252345,1.5076382163283
170.05000000002,7.8041608107373,-8.1302420726543,-2.2778609272948,0.71460812511729,5,5,11.36359469088,15.872489054257,3163.5917473199,1.4786853007848,1.5058476050237
170.07500000002,7.8056036579883,-8.1312751148464,-2.2780331980787,0.14218097859895,5,5,11.365369228668,15.874271934394,3164.0633114182,1.4769108124379,1.5040725613156
170.10000000002,7.8070995087214,-8.132371257304,-2.2782143297589,0.79364426654521,5,5,11.367223709108,15.876135239627,3164.5407459514,1.4750563437526,1.502217324427
170.12500000002,7.8086131759259,-8.1334583758279,-2.278395660087,0.21225031267049,5,5,11.369087311826,15.87800764337,3165.0252898851,1.4731927745547,1.5003531341094
170.15000000002,7.8100684240897,-8.1345206696719,-2.2785706988566,0.1555219358823,5,5,11.370889037507,15.879817851646,3165.4877431529,1.4713910515473,1.4985508818715
170.17500000002,7.81151193399,-8.1355865637056,-2.2787420941647,0.4011588948769,5,5,11.372683431813,15.881620412955,3165.9560111739,1.4695967038254,1.4967565812195
170.20000000002,7.8129829215073,-8.1366500625684,-2.2789190242567,0.22368986757887,5,5,11.374498599603,15.883444183326,3166.4367786079,1.4677815433832,1.4949408155017
170.22500000002,7.8144007873912,-8.1376883950899,-2.2790857578618,1.1231403831777,5,5,11.376256006241,15.885209481653,3166.8998255798,1.466024146084,1.4931837176804
170.25000000002,7.8158581876526,-8.1387709144354,-2.2792637731335,0.53248244468278,5,5,11.378071457605,15.887033639841,3167.3465461028,1.4642087861955,1.4913675889419
170.27500000002,7.8173514265295,-8.139871296875,-2.279443476862,0.21339831864329,5,5,11.379926344086,15.888897210952,3167.8300083011,1.4623539360467,1.4895123884053
170.30000000002,7.8188282405756,-8.140938531902,-2.2796216168188,0.49512639390913,5,5,11.38174842266,15.890727976959,3168.2595983795,1.4605318658737,1.4876896877038
170.32500000002,7.820280275038,-8.1420062456777,-2.2797935082098,0.63690477327042,5,5,11.383550759139,15.892538491648,3168.7423144913,1.4587295540711,1.4858875932599
170.35000000002,7.8217240404983,-8.1430555986165,-2.279965119315,0.72325834037825,5,5,11.385335584143,15.894331547884,3169.184031707,1.4569447291514,1.4841027395102
170.37500000002,7.8232196166227,-8.1441268132461,-2.2801446629066,0.17492923022533,5,5,11.387175216913,15.896179921393,3169.6413184018,1.4551051448284,1.4822626379355
170.40000000002,7.8246810136838,-8.1451825284817,-2.2803163377468,0.50806598067288,5,5,11.388978052465,15.897990912359,3170.1056155617,1.4533023185863,1.4804601409027
170.42500000002,7.8262240949095,-8.1462849414863,-2.2805022035808,0.16245653666799,5,5,11.390874473859,15.89989642022,3170.568375255,1.4514059654364,1.4785631481611
170.45000000002,7.8277329474466,-8.1473917446373,-2.2806839803967,0.1737249408275,5,5,11.392745743266,15.90177649788,3171.0226903736,1.4495347114211,1.4766915953141
170.47500000002,7.8292256912236,-8.1485142856702,-2.2808646652491,0.21774223545612,5,5,11.394613464432,15.903652938491,3171.4945962263,1.4476672282671,1.4748239741246
170.50000000002,7.8306637839451,-8.1495801750667,-2.2810363130642,0.59016993354751,5,5,11.396403500991,15.905451185931,3171.9582473123,1.4458772647832,1.4730341925364
170.52500000002,7.8321726019371,-8.1506700876572,-2.2812189205859,0.53720539377533,5,5,11.39826480193,15.907321423,3172.4359761446,1.4440159734804,1.4711723241707
170.55000000002,7.8336545855936,-8.1517693310057,-2.2813957754228,1.3384944065519,5,5,11.400109960866,15.909175038152,3172.8923198467,1.4421708960901,1.4693274921772
170.57500000002,7.8351052905363,-8.152829896958,-2.2815719241572,0.20924012690323,5,5,11.401906998698,15.910980688546,3173.3676887225,1.440373863837,1.4675299733777
170.60000000002,7.8366200736538,-8.1539303111028,-2.2817556988064,0.16284237808575,5,5,11.403779291192,15.91286197861,3173.8352311061,1.4385015716,1.4656571478
170.62500000002,7.8380663129979,-8.1549641073934,-2.2819309320552,0.22921885148888,5,5,11.405557026552,15.914648329556,3174.315410649,1.4367238958073,1.4638788427496
170.65000000002,7.8395248594902,-8.1560071080381,-2.2821057756815,0.31707070219467,5,5,11.407350126721,15.916449933982,3174.7745997084,1.4349308531854,1.462085550482
170.67500000002,7.8409637217067,-8.1570511615597,-2.2822807579045,0.70202506615599,5,5,11.4091278703,15.918236268501,3175.2288929927,1.4331531106717,1.4603072675345
170.70000000002,7.8424909838601,-8.1581383818307,-2.2824714723882,0.38816543178261,5,5,11.411002590973,15.920120664854,3175.6889344061,1.4312784867355,1.458430904934
170.72500000002,7.8439730930993,-8.1592051689116,-2.2826475864299,0.6863508326598,5,5,11.412828702271,15.921955248902,3176.163432569,1.4294523977606,1.4566049990049
170.75000000002,7.8454685316742,-8.1602984449411,-2.2828334097353,0.82462237080266,5,5,11.414681157131,15.92381700058,3176.5967564149,1.427599948488,1.4547513794398
170.77500000002,7.8469281446448,-8.1613680353847,-2.2830137951512,0.3685726660157,5,5,11.416490713359,15.925635525432,3177.036253682,1.4257904038416,1.4529409298759
170.80000000002,7.8484165070648,-8.1624428922728,-2.2831963315818,1.9385607567076,5,5,11.418326616413,15.9274804806,3177.5164938984,1.4239545111784,1.4511042312778
170.82500000002,7.8498988145049,-8.1635166169677,-2.2833786197544,0.19576087650217,5,5,11.420156949734,15.929319868826,3177.9594407722,1.4221241812747,1.4492730600089
170.85000000002,7.8513648134606,-8.1645372623963,-2.2835496751854,0.79500918604269,5,5,11.421943250389,15.93111434089,3178.4042798551,1.4203382617112,1.4474876522828
170.87500000002,7.8529413089419,-8.1656701440471,-2.2837497370955,0.022334204070744,5,5,11.423884579531,15.933065951406,3178.8984804641,1.4183969646281,1.4455442114127
170.90000000002,7.8544290536456,-8.1667371493685,-2.2839314258008,0.29338052463564,5,5,11.42571539483,15.934905759941,3179.3632510177,1.4165661902551,1.4437127832342
170.92500000002,7.8559000721524,-8.1678188217285,-2.2841125926157,2.1098894158897,5,5,11.427541294757,15.936740625592,3179.8504018286,1.4147403148176,1.4418862837863
170.95000000002,7.8573913080583,-8.1688987918851,-2.2842963450538,0.52886197944213,5,5,11.429382522626,15.938590999885,3180.3064335143,1.4128990908875,1.4400442467087
170.97500000002,7.8588713355778,-8.1699576829518,-2.2844768047323,0.090709712487711,5,5,11.431202339031,15.940419741924,3180.8123376291,1.4110793304619,1.4382239261486
171.00000000002,7.8603251213759,-8.1710065913742,-2.2846558187554,0.1128529041825,5,5,11.432995019155,15.942221337896,3181.266203589,1.4092866637103,1.4364304882404
171.02500000002,7.8617698323601,-8.1720499312998,-2.2848326914946,0.82713611241916,5,5,11.434777082012,15.944012156701,3181.7382756318,1.4075046112842,1.4346478988028
171.05000000002,7.8632709381169,-8.1731136291751,-2.2850171758054,0.016133885156902,5,5,11.436616856907,15.945861158087,3182.2055191255,1.4056649780035,1.4328073652585
171.07500000002,7.8647853409771,-8.174229189858,-2.28520483655,0.19050669139561,5,5,11.438497785311,15.947751424792,3182.6758280337,1.4037840834484,1.4309257588035
171.10000000002,7.8662249286569,-8.1752779114518,-2.2853754637584,0.77567929304238,5,5,11.440278860736,15.949540654602,3183.1351863978,1.4020030084626,1.4291454028592
171.12500000002,7.8677005506574,-8.1763319174908,-2.2855613618248,0.64839725193545,5,5,11.442092252315,15.951363549857,3183.5983307221,1.4001896846949,1.4273304696822
171.15000000002,7.8691761928889,-8.1773914464737,-2.2857411383579,0.23262135987006,5,5,11.443908876013,15.953189047395,3184.0519701141,1.3983730958024,1.4255135425095
171.17500000002,7.8706395583525,-8.178469538613,-2.2859211764378,0.35770692008593,5,5,11.445726490147,15.95501555632,3184.5175404702,1.3965555148811,1.4236956132315
171.20000000002,7.8721612138946,-8.179551917214,-2.2861066028234,0.40379296178064,5,5,11.447593835596,15.956892085554,3184.968578679,1.3946882748453,1.4218279468606
171.22500000002,7.8736159874597,-8.1805942902811,-2.2862814878925,0.79219997164289,5,5,11.44938350253,15.958690277014,3185.4363270089,1.3928986541836,1.4200384905435
171.25000000002,7.8751124236377,-8.1816861610167,-2.2864650761826,0.67267036941937,5,5,11.451235934159,15.960551783822,3185.8921795788,1.3910462244389,1.4181857545821
171.27500000002,7.8766211568883,-8.1827659051434,-2.2866527212651,0.0065483409710737,5,5,11.4530912302,15.962416544954,3186.353054108,1.3891909843312,1.4163294947516
171.30000000002,7.878118778646,-8.1838244921636,-2.2868339154779,0.80991296953757,5,5,11.454925208773,15.964259452643,3186.8285144394,1.3873571762235,1.4144955355119
171.32500000002,7.8795670540515,-8.1848778774633,-2.2870107228198,0.47997090226764,5,5,11.456716052776,15.966059003441,3187.2976996293,1.3855663322322,1.4127045936194
171.35000000002,7.8810729810881,-8.1859399286286,-2.2871929879793,0.83339406340671,5,5,11.458558813997,15.967910756531,3187.7741728417,1.3837237706465,1.4108618854997
171.37500000002,7.882585592392,-8.1870396415355,-2.287381847689,0.044308020837214,5,5,11.460428937371,15.969790391981,3188.2279653872,1.3818536473754,1.4089908816927
171.40000000002,7.8840683630664,-8.1881235559242,-2.2875655050402,0.90174744558275,5,5,11.462265640742,15.971636254733,3188.6925628045,1.38001694872,1.4071536976814
171.42500000002,7.8854884976313,-8.1891791462517,-2.2877398134677,0.79904069158934,5,5,11.464035118948,15.973414297631,3189.1703076889,1.3782475633155,1.4053843782032
171.45000000002,7.8869685833102,-8.1902233298435,-2.2879255053856,0.34613935664358,5,5,11.465846464578,15.97523513658,3189.6419754177,1.3764364097438,1.4035718923016
171.47500000002,7.8883988912673,-8.1912688228345,-2.2881004163191,0.18168849546208,5,5,11.467618140746,15.977015425962,3190.1048989755,1.3746647379836,1.4018002560855
171.50000000002,7.8898473312494,-8.1923175791781,-2.2882777672774,0.91661490048327,5,5,11.469406399187,15.978812457295,3190.5515016629,1.3728764841889,1.4000119030984
171.52500000002,7.8914092387943,-8.1934300804465,-2.2884846348889,0.28291071753392,5,5,11.471324005573,15.98074118964,3191.0112539032,1.3709589749366,1.3980910384876
171.55000000002,7.892895772606,-8.194502015036,-2.2886771112547,0.55998031121793,5,5,11.473156715735,15.982583979289,3191.4817618753,1.3691262812811,1.3962561860483
171.57500000002,7.8943701433353,-8.1955393741544,-2.2888687796503,0.45711342792284,5,5,11.474959458919,15.984396882971,3191.9363548036,1.367323765055,1.3944511034494
171.60000000002,7.89587398247,-8.1966255984956,-2.2890659008648,0.32987881270228,5,5,11.476814564162,15.986262431747,3192.4171122044,1.3654686710354,1.3925934159015
171.62500000002,7.8973101642645,-8.1976492940246,-2.2892480586682,0.37466017771456,5,5,11.478578245166,15.988035494676,3192.8828802094,1.3637050741321,1.3908284028578
171.65000000002,7.8988405104725,-8.1987398506349,-2.2894484136833,0.44525155730215,5,5,11.480457413396,15.989925313548,3193.3487005211,1.3618259978195,1.3889466070788
171.67500000002,7.9003497686546,-8.1997993976959,-2.2896445372317,0.2715913955616,5,5,11.482301457927,15.991779758122,3193.8228233367,1.3599822187168,1.3871002726298
171.70000000002,7.9017381061873,-8.2008104551485,-2.2898179869074,1.7029254939541,5,5,11.484018932316,15.993505968731,3194.2869860005,1.3582647444445,1.3853822558894
171.72500000002,7.9031979627524,-8.2018552790112,-2.2900078748314,0.076714527565963,5,5,11.485814158791,15.995311209856,3194.751770575,1.3564695737659,1.3835848473766
171.75000000002,7.9047676633965,-8.2029354238998,-2.2902123080767,1.2985493315118,5,5,11.487719591312,15.997227577786,3195.2290733115,1.3545648045095,1.3816771438424
171.77500000002,7.9062426662588,-8.2039883483767,-2.2904038815514,0.89411820119331,5,5,11.489531850509,15.999049934446,3195.6692768589,1.3527526213734,1.3798627661638
171.80000000002,7.9077467738497,-8.2050572815573,-2.290598362801,0.00033288284416793,5,5,11.49137710328,16.000905407632,3196.135501164,1.3509074859667,1.3780155313769
171.82500000002,7.9092002669961,-8.206095600704,-2.290783359251,0.16151448605611,5,5,11.493163370051,16.002701228521,3196.574110051,1.3491212891149,1.3762279693318
171.85000000002,7.9106916142207,-8.2071530973398,-2.2909771964363,0.13930387407108,5,5,11.49499159752,16.004539703033,3197.063686722,1.3472932013437,1.3743976167556
171.87500000002,7.9122235053635,-8.2082138638801,-2.2911738833955,0.28949456916221,5,5,11.496854905366,16.006413363058,3197.5220685965,1.3454304098078,1.3725327034892
171.90000000002,7.9136918023548,-8.209248162811,-2.2913631650297,1.6248083820473,5,5,11.498650920492,16.008219324815,3197.9868236679,1.3436346111533,1.3707349463037
171.92500000002,7.9151733712654,-8.2102973403239,-2.2915521910227,0.93341355895722,5,5,11.500466359802,16.010044578419,3198.4423602012,1.341819326553,1.3689181605509
171.95000000002,7.9166477564917,-8.2113360530031,-2.2917428973719,0.1687836613392,5,5,11.502269894062,16.011858167329,3198.9099158548,1.3400160091608,1.3671127940556
171.97500000002,7.9181742490284,-8.2124084317747,-2.2919383188429,0.48521029593249,5,5,11.504135416963,16.013733897919,3199.3754993626,1.3381507515242,1.3652458030789
172.00000000002,7.9197004204448,-8.2134894912921,-2.2921402701661,0.24815291737751,5,5,11.506005681349,16.015615034068,3199.8565266647,1.3362806448853,1.3633727874291
172.02500000002,7.9211950363415,-8.2145446439417,-2.2923315774014,0.11788040256093,5,5,11.507835223311,16.01745455092,3200.3135901994,1.3344512977157,1.3615418549535
172.05000000002,7.9227030815203,-8.2156210748265,-2.292524689863,0.54985718831174,5,5,11.509688032991,16.019317397166,3200.778566473,1.3325985700211,1.359687671859
172.07500000002,7.9241670601664,-8.2166837932995,-2.2927136874442,1.5223428904276,5,5,11.511497066996,16.021136277072,3201.2782001219,1.3307895378724,1.3578771539397
172.10000000002,7.9256743481975,-8.2177648738458,-2.2929141871206,0.12219957437101,5,5,11.51335196655,16.023001981357,3201.7464115536,1.328934685645,1.3560194661133
172.12500000002,7.9271388061598,-8.2188060718923,-2.2931043556082,0.23909255033116,5,5,11.515148833405,16.024808883277,3202.2060794109,1.3271379335097,1.3542207941779
172.15000000002,7.9286417211066,-8.2198718134326,-2.2932972186263,0.093716438424552,5,5,11.516991266136,16.026661382808,3202.6978151204,1.3252956459713,1.3523769837701
172.17500000002,7.9301041416964,-8.220898006478,-2.2934841964872,0.71767243003848,5,5,11.518777812007,16.028457686476,3203.1458536051,1.3235093743246,1.3505892620782
172.20000000002,7.9316039428146,-8.2219706107011,-2.2936789686775,0.50060357988295,5,5,11.52062168923,16.030311822237,3203.6386234413,1.3216655649679,1.3487436259189
172.22500000002,7.9330253775625,-8.2229880218983,-2.2938595536123,0.79431241742844,5,5,11.522369717344,16.03206915351,3204.097147055,1.3199175955487,1.3469947566219
172.25000000002,7.9345030680898,-8.2240431907128,-2.2940507137004,0.50798240722045,5,5,11.524185468021,16.033894939013,3204.5735101856,1.3181019239001,1.3451774586185
172.27500000002,7.9360431718888,-8.2251413115753,-2.2942532910932,0.32917879197773,5,5,11.526076972486,16.035797260421,3205.0158609802,1.3162105147399,1.3432836916678
172.30000000002,7.9375002594146,-8.2261917811848,-2.2944428302982,1.106270777626,5,5,11.527873243751,16.037603503918,3205.4909880323,1.3144142643208,1.3414857931699
172.32500000002,7.9390400660389,-8.2272653075035,-2.2946412841934,0.27266731660596,5,5,11.529750332773,16.039491054485,3205.9695888424,1.3125375752559,1.3396073207678
172.35000000002,7.9404846718036,-8.2283009582863,-2.2948284978266,0.047306698367221,5,5,11.531527819302,16.041278372953,3206.4079235743,1.3107601388755,1.3378283669212
172.37500000002,7.9419782760026,-8.2293677013937,-2.2950209344223,0.5683683335343,5,5,11.533363246871,16.043123861019,3206.8625864956,1.3089247908515,1.3359916508693
172.40000000002,7.9434834734352,-8.2304412626396,-2.2952167635967,0.33633156171595,5,5,11.535212071649,16.044983028071,3207.3373692883,1.3070760579064,1.334141165537
172.42500000002,7.9450113961505,-8.2315030990256,-2.2954134732699,0.49900805641855,5,5,11.537072728612,16.046854054268,3207.7926721071,1.305215859948,1.3322792954337
172.45000000002,7.9464594807906,-8.2325097078828,-2.2955962231583,0.6091956248049,5,5,11.538836307506,16.048627076557,3208.2419622624,1.3034527126483,1.3305153276089
172.47500000002,7.9479115605363,-8.2335691300071,-2.2957835001051,1.2158589800323,5,5,11.540633780962,16.050434279778,3208.719786904,1.3016552396588,1.3287168471394
172.50000000002,7.9494303003817,-8.2346648795067,-2.2959848060582,1.289588705427,5,5,11.542506543009,16.052317830088,3209.1795441683,1.2997824973497,1.3268418372711
172.52500000002,7.9509618402923,-8.2357472978756,-2.2961834920323,0.40395511300998,5,5,11.544381974699,16.054203756952,3209.6307377424,1.2979072591011,1.324964933379
172.55000000002,7.9524321430243,-8.2367865065321,-2.2963715350782,1.2570720707934,5,5,11.546182459288,16.05601403454,3210.0845658544,1.2961069599305,1.3231636025677
172.57500000002,7.9539364414685,-8.2378803288403,-2.2965793372442,0.94275489957549,5,5,11.548042395053,16.057885542699,3210.5654686842,1.2942470249748,1.3212999030058
172.60000000002,7.9554527022729,-8.2389603496315,-2.2967880826708,0.40198402148087,5,5,11.549903978179,16.05975879292,3211.0352288021,1.2923855487516,1.3194345258597
172.62500000002,7.9569357379822,-8.2400066629769,-2.2969918436667,0.10111266563697,5,5,11.551718962072,16.061585178716,3211.5139125565,1.2905707756718,1.317615919977
172.65000000002,7.9584124483161,-8.2410529106852,-2.2971930664853,0.70664725225567,5,5,11.553528743185,16.063406112075,3211.9700555829,1.2887611540555,1.315802892593
172.67500000002,7.9598746658866,-8.2421273028974,-2.297389854014,1.0928666103019,5,5,11.555343240044,16.065231248832,3212.4394283846,1.2869466716527,1.3139860210091
172.70000000002,7.9613649477494,-8.2432099992723,-2.2976034869131,0.48408702676058,5,5,11.55718529636,16.067085651832,3212.9138528124,1.2851046171286,1.3121387663937
172.72500000002,7.9628207663919,-8.24424264519,-2.2977969089055,1.1490641554445,5,5,11.558970167647,16.068880972856,3213.3761908764,1.2833198907433,1.3103517615042
172.75000000002,7.9643087912553,-8.245328371075,-2.2980029992665,0.63096341696146,5,5,11.560812182492,16.070734480862,3213.8344637521,1.2814778762723,1.3085061126836
172.77500000002,7.9658048716405,-8.2464145523834,-2.2982095793211,0.37548625135394,5,5,11.562660978412,16.072594782362,3214.3155161224,1.2796290831261,1.3066537485557
172.80000000002,7.9673440500263,-8.2475137040453,-2.2984235288549,0.020339900298872,5,5,11.564552328322,16.074498194793,3214.7814135757,1.2777378199833,1.3047583245119
172.82500000002,7.9688089708942,-8.2486063363317,-2.2986273040343,0.85064846674616,5,5,11.566379850815,16.076337043016,3215.2778529903,1.2759104107692,1.3029275145683
172.85000000002,7.9702727600997,-8.2496786356227,-2.2988290441249,0.76503145072479,5,5,11.568194376815,16.078162749365,3215.7485544363,1.274095890596,1.3011097609568
172.87500000002,7.971643157975,-8.250667947305,-2.299011089762,1.3612506908694,5,5,11.569884562587,16.079862710704,3216.2165054817,1.2724057213545,1.299417790359
172.90000000002,7.9731421963103,-8.2517377107449,-2.299217682683,0.73545387945741,5,5,11.571726167796,16.081715867574,3216.678413352,1.2705642063743,1.2975726627393
172.92500000002,7.9746624244381,-8.2528331765431,-2.2994309673556,0.1351392807059,5,5,11.573599971115,16.083601770335,3217.150542173,1.2686904295114,1.2956946092051
172.95000000002,7.9761528646656,-8.2539147865179,-2.2996360442014,0.44233549800277,5,5,11.575441517261,16.085454700102,3217.6219571908,1.2668488869274,1.2938498080852
172.97500000002,7.9776126290458,-8.2550165374806,-2.2998395854,1.0253109313142,5,5,11.57727038774,16.08729486212,3218.1064372551,1.2650202748233,1.2920180027943
173.00000000002,7.9791196574012,-8.2561010983892,-2.3000471898861,0.1161121812295,5,5,11.579127107113,16.089163151832,3218.5817797047,1.2631635878707,1.2901579062785
173.02500000002,7.9805406067963,-8.2571449978704,-2.3002399729797,0.66480574135902,5,5,11.58089029267,16.090936845332,3219.0454349092,1.2614004156414,1.2883924068914
173.05000000002,7.9820457702726,-8.2582306880807,-2.3004523176252,0.33733720142582,5,5,11.582746159132,16.092804820324,3219.5127974099,1.2595445708371,1.2865322157637
173.07500000002,7.983447458343,-8.2592550557031,-2.3006418017235,0.97045926013067,5,5,11.584482263527,16.094551234564,3219.9767669982,1.2578084681106,1.2847939349747
173.10000000002,7.9849324655093,-8.2603173436814,-2.300843535571,0.21391526890508,5,5,11.586308106355,16.096388188177,3220.4480731199,1.2559826955956,1.2829653932683
173.12500000002,7.9863764347783,-8.2613957187656,-2.3010458772184,1.2853567292653,5,5,11.588110310581,16.098201715738,3220.8917936652,1.2541806154739,1.2811599448072
173.15000000002,7.9878345779277,-8.2624563225251,-2.3012451497523,0.84774049069675,5,5,11.58991338068,16.100015764062,3221.3507953236,1.2523775460387,1.2793541773319
173.17500000002,7.989245463381,-8.2634807571815,-2.3014360390923,1.1705204596859,5,5,11.591656958647,16.101769760319,3221.8027759763,1.2506339705676,1.2776083847185
173.20000000002,7.9907787137957,-8.2645796590759,-2.3016538226938,0.1347819566094,5,5,11.593543342014,16.103668673667,3222.2464670394,1.2487476455925,1.2757173821091
173.22500000002,7.9922750774394,-8.2656566951006,-2.3018588105425,0.36503828198501,5,5,11.595387009758,16.105523702177,3222.7216871864,1.2469040095374,1.2738708070077
173.25000000002,7.9937620377641,-8.2667274036489,-2.3020637786308,0.39388796756193,5,5,11.597219349193,16.107367469982,3223.1549191144,1.2450716996239,1.2720353465174
173.27500000002,7.9951761768333,-8.2677580748201,-2.3022526766193,1.5603703256939,5,5,11.598969227009,16.109127513964,3223.5983677214,1.2433218218123,1.2702838858543
173.30000000002,7.9967135531428,-8.2688407493922,-2.3024659434732,1.086080695351,5,5,11.600849575419,16.111019917964,3224.0959868974,1.2414417200162,1.2683999952653
173.32500000002,7.9981936924448,-8.2698834502677,-2.3026660897563,1.2761791569856,5,5,11.602660110553,16.112841482128,3224.5358565981,1.2396314186283,1.266587136712
173.35000000002,7.9996611734153,-8.2709497612583,-2.3028689335302,0.32728812230749,5,5,11.604474089474,16.114666767071,3225.0020386885,1.2378174415406,1.2647701512186
173.37500000002,8.0011264414388,-8.2720028721653,-2.3030733001948,0.65526539971722,5,5,11.606278543121,16.1164827568,3225.4495435148,1.2360130274913,1.2629622357123
173.40000000002,8.0025971681218,-8.2731046692745,-2.3032751568942,0.65918761547411,5,5,11.608116203004,16.118331469859,3225.9167211942,1.2341755267665,1.261122479653
173.42500000002,8.0041249349963,-8.2741822258854,-2.303483549057,1.3345156209373,5,5,11.609985748369,16.120212593769,3226.3780049904,1.2323062063939,1.2592502658407
173.45000000002,8.0056018366547,-8.2752427657331,-2.3036884231798,0.35868421171555,5,5,11.611803984679,16.122042336014,3226.8250160383,1.2304880153364,1.2574288361265
173.47500000002,8.0071130098024,-8.2763359502082,-2.303899110456,0.59874355306362,5,5,11.613669111103,16.123919324482,3227.2873235898,1.2286229007571,1.2555603159568
173.50000000002,8.0085851706298,-8.277408689197,-2.3041026744929,0.73588154882461,5,5,11.615490656173,16.125752208755,3227.7558164008,1.2268013556983,1.253735923133
173.52500000002,8.0100632863606,-8.2784831940138,-2.3043045378614,0.012446107538026,5,5,11.617318055066,16.127590723246,3228.220267993,1.2249739582259,1.2519061794637
173.55000000002,8.0115437495162,-8.2795304624575,-2.3045092656247,1.2106523904081,5,5,11.619131488921,16.12941567689,3228.6933100386,1.2231607063863,1.2500897110887
173.57500000002,8.0130871671719,-8.2806435435915,-2.3047222693292,0.099013763716233,5,5,11.621034404492,16.131330476684,3229.1456611434,1.2212578151141,1.2481838514612
173.60000000002,8.0144648880884,-8.2816543961815,-2.3049078976304,1.2858537971649,5,5,11.622743187065,16.133049312263,3229.6223888513,1.2195490409721,1.2464736023199
173.62500000002,8.0159503897627,-8.2827000159863,-2.3051113944202,0.29794687137159,5,5,11.624559787187,16.134877274775,3230.0624019982,1.2177326892526,1.2446544298008
173.65000000002,8.0173677534054,-8.2837418004404,-2.3053036690301,0.51392635993402,5,5,11.626318830832,16.136646795634,3230.5313782965,1.2159736594532,1.242893685722
173.67500000002,8.0188370095956,-8.2848016143961,-2.3055054498589,0.13197175732692,5,5,11.62813043768,16.138469605244,3230.9620117334,1.2141620750583,1.2410795826949
173.70000000002,8.0203374915163,-8.2858831992659,-2.3057138807247,0.20274561426788,5,5,11.629980105711,16.140330979804,3231.4200037514,1.2123124331703,1.2392268957885
173.72500000002,8.0218693551165,-8.2869699336851,-2.3059232733076,0.61347179910485,5,5,11.631858295741,16.142220805997,3231.8581214661,1.2104343988541,1.2373462604813
173.75000000002,8.0233706144115,-8.288026414661,-2.3061280620007,0.80517252574565,5,5,11.633694033065,16.144067930772,3232.3193720674,1.2085989173483,1.2355082343864
173.77500000002,8.0248842283544,-8.2891204902384,-2.3063382762737,0.35483842276513,5,5,11.63556165951,16.145947350517,3232.768551678,1.2067313062612,1.2336376789186
173.80000000002,8.0263753348751,-8.2901809473836,-2.3065429706319,0.99957573812953,5,5,11.637391404851,16.147788509878,3233.2492033542,1.2049016872744,1.2318054600626
173.82500000002,8.0278079642402,-8.2912068870026,-2.3067355267883,0.38560700830315,5,5,11.63915349991,16.149561094678,3233.6989205791,1.2031396558286,1.2300419015998
173.85000000002,8.0293336391909,-8.2923072669016,-2.3069486317142,0.10390697876437,5,5,11.64103459533,16.151454222694,3234.1532595129,1.2012585851875,1.2281576598107
173.87500000002,8.0307551501931,-8.2933779557437,-2.3071422648059,1.1040796267941,5,5,11.642814221169,16.153244351712,3234.6164700751,1.1994791754367,1.2263769322802
173.90000000002,8.0322467160903,-8.2944499843247,-2.3073515242795,0.57815077117866,5,5,11.644651070129,16.155093081987,3235.0866208629,1.1976423686299,1.2245368380596
173.92500000002,8.0337621113856,-8.2955365646925,-2.3075589538006,0.042279100475557,5,5,11.646515763079,16.156969276754,3235.5561355933,1.1957777339787,1.2226699356539
173.95000000002,8.0352480120305,-8.2966040798339,-2.3077658348582,0.52089631401512,5,5,11.648345377602,16.158810550518,3236.0108851639,1.1939481642004,1.2208374685786
173.97500000002,8.0367350732414,-8.2976607901529,-2.3079668631272,0.13392990647315,5,5,11.650169654923,16.160645870684,3236.4859263722,1.1921240224121,1.2190115586456
174.00000000002,8.0381801073929,-8.2987139325558,-2.3081616322932,0.8218166665219,5,5,11.651957735631,16.162444527863,3236.9348059184,1.1903359417434,1.2172222494702
174.02500000002,8.0396973735965,-8.2997785961776,-2.3083740085492,0.32762116283009,5,5,11.653811274236,16.164310193705,3237.4199568417,1.188482708603,1.2153655737833
174.05000000002,8.0411794065938,-8.3008617296226,-2.3085810157347,0.29916653719251,5,5,11.655646921224,16.166157475989,3237.8971375321,1.1866470627133,1.2135272462189
174.07500000002,8.0426146435981,-8.3019173036744,-2.3087993767897,0.42933428746176,5,5,11.65742853337,16.167952419829,3238.3500033722,1.184865465596,1.2117394178325
174.10000000002,8.044017505643,-8.3029352467956,-2.3089847605949,0.255708700038,5,5,11.659161804877,16.1696955771,3238.811041683,1.1831321987322,1.2100057786546
174.12500000002,8.0454779717041,-8.304001190946,-2.3091884970693,0.8806014887022,5,5,11.660969897254,16.17151511182,3239.2701897392,1.181324106546,1.2081951565865
174.15000000002,8.0470405921252,-8.3051217132833,-2.309417858762,0.36667639848714,5,5,11.662892747454,16.173451593081,3239.7453331263,1.1794013169433,1.2062670403422
174.17500000002,8.0485562201175,-8.3062006884229,-2.3096365257617,0.7993990454649,5,5,11.664753208569,16.175324860499,3240.1975882887,1.1775409763664,1.2044022530784
174.20000000002,8.0500310482326,-8.3072761304146,-2.309846978603,0.42680188728969,5,5,11.666578501271,16.177162245556,3240.6841766676,1.1757156836648,1.2025734832426
174.22500000002,8.0515070737981,-8.3083239478227,-2.3100570474364,0.47045268369338,5,5,11.668388631871,16.178984524817,3241.1496311865,1.17390569988,1.200759787011
174.25000000002,8.0530038753158,-8.3094030262769,-2.3102720424701,0.51578836378411,5,5,11.670233848686,16.180842224458,3241.6226278415,1.1720605105037,1.1989106624957
174.27500000002,8.0544277807732,-8.3104695997096,-2.3104754570357,1.5721793463939,5,5,11.672012917442,16.182632884427,3242.0976452023,1.1702815877805,1.1971287837561
174.30000000002,8.0559395562284,-8.3115637975288,-2.3106939302963,0.42119166263401,5,5,11.67387912587,16.18451183745,3242.5836528653,1.168415391189,1.1952584434681
174.32500000002,8.0574193785359,-8.3126562545672,-2.3109083085533,0.5767033083724,5,5,11.67571851067,16.186363672885,3243.0704288935,1.1665760379612,1.1934152334535
174.35000000002,8.0588851974831,-8.313721348653,-2.3111150322368,0.9347313972573,5,5,11.677530429707,16.188187346452,3243.5294169508,1.1647641215333,1.1916004843508
174.37500000002,8.0603127132035,-8.3147842393619,-2.3113201157161,0.8000542923242,5,5,11.679310187497,16.189978881276,3244.005257544,1.162984452,1.1898176285465
174.40000000002,8.0618405405607,-8.3158773186079,-2.311542705677,0.82117456723907,5,5,11.681188771717,16.191870606669,3244.4754538069,1.1611059445764,1.1879344933071
174.42500000002,8.0633498959864,-8.3169532560484,-2.3117580454609,0.57303667579218,5,5,11.683042361525,16.193736663045,3244.9602966594,1.1592524624824,1.1860773777354
174.45000000002,8.0647507895451,-8.3180084690953,-2.3119551765678,1.4800151208889,5,5,11.684796207966,16.195501553413,3245.3927553536,1.1574988267304,1.1843217282705
174.47500000002,8.0661960729178,-8.3190439680929,-2.3121629632465,0.38713411142452,5,5,11.686574156841,16.197291602994,3245.8667555206,1.1557209402035,1.1825401484217
174.50000000002,8.0676865218489,-8.3201308342001,-2.3123792415766,0.621372898754,5,5,11.688418802051,16.199148883874,3246.3012525678,1.1538762949934,1.1806915520038
174.52500000002,8.0691252469786,-8.3211815517688,-2.312578682405,1.1942395195722,5,5,11.690200356823,16.200941567352,3246.7697473018,1.1520947406666,1.1789082094427
174.55000000002,8.0706264307763,-8.3222665487319,-2.3127969505087,0.020356059505305,5,5,11.692052590935,16.202806617531,3247.2114204418,1.1502425231834,1.1770518461658
174.57500000002,8.0721376879355,-8.323348992647,-2.3130134766164,0.040934678439782,5,5,11.693911510791,16.204678105331,3247.6546707129,1.1483836710357,1.1751893969507
174.60000000002,8.0736489134129,-8.324448615032,-2.3132315319593,0.27959236180684,5,5,11.695780460184,16.206559732278,3248.107251125,1.1465147226937,1.1733167857268
174.62500000002,8.0751119894092,-8.3255262506166,-2.3134389110921,2.0139051185553,5,5,11.697597570479,16.208388637942,3248.5825121936,1.1446976328891,1.1714971461272
174.65000000002,8.0765548708916,-8.3265930944958,-2.3136483349593,1.1201986533626,5,5,11.699392023831,16.210195270498,3249.0481397155,1.1429032184987,1.1696992561429
174.67500000002,8.0780630671239,-8.3276708554494,-2.313864997005,0.16450404763422,5,5,11.701245729458,16.212061594958,3249.5193864841,1.1410495987525,1.167842004397
174.70000000002,8.079571823001,-8.3287698350656,-2.3140807596351,0.49957671631463,5,5,11.703112303992,16.213940598419,3249.9670087949,1.13918302451,1.1659723161829
174.72500000002,8.08098886222,-8.329827384021,-2.3142800949215,1.6694068672295,5,5,11.704880469692,16.215719964738,3250.4125577114,1.1374149667434,1.1642024112913
174.75000000002,8.0824540657244,-8.3308872478697,-2.3144898891447,2.0714192620153,5,5,11.706688820512,16.217540444428,3250.8849465897,1.135606629326,1.1623909511605
174.77500000002,8.0839502258033,-8.3319802239677,-2.3147117295634,0.36113386326568,5,5,11.708541680931,16.219406537916,3251.3499500974,1.1337537695532,1.1605334513481
174.80000000002,8.0854602107937,-8.3330601079769,-2.3149274653667,0.37002074225874,5,5,11.710398076402,16.221275426912,3251.828380027,1.131897453665,1.15867390769
174.82500000002,8.0869811760737,-8.3341461857016,-2.3151472563833,0.59845084590119,5,5,11.712267006632,16.223157236759,3252.2901190317,1.1300286168321,1.1568012953357
174.85000000002,8.0884244460289,-8.3351932271029,-2.3153521190328,0.14967249539004,5,5,11.714050072492,16.224952032726,3252.7703519664,1.1282455565557,1.155015696477
174.87500000002,8.0898981684931,-8.3362710099841,-2.315564146876,0.67652458218526,5,5,11.715875852829,16.226790083228,3253.2408520144,1.1264197778358,1.1531868644399
174.90000000002,8.0913844207592,-8.3373261802833,-2.3157770112212,0.015080938505728,5,5,11.717698578853,16.228625196682,3253.7110474858,1.1245971999685,1.1513610088907
174.92500000002,8.0928685678636,-8.3384120269547,-2.3159865256071,0.58385343333503,5,5,11.719537533888,16.23047604835,3254.2106406429,1.1227582470185,1.1495199071149
174.95000000002,8.0943471814676,-8.3394658108328,-2.3161974818018,0.45592399322615,5,5,11.72135323173,16.232303960046,3254.6646462494,1.1209426581117,1.1477013464647
174.97500000002,8.0958429755339,-8.3405333399142,-2.3164088174279,0.57390371599275,5,5,11.723190898247,16.234153738675,3255.1081433018,1.1191050891922,1.1458612669287
175.00000000002,8.0972569072773,-8.3415558362739,-2.3166097707934,0.94091934508707,5,5,11.724935805632,16.235910179404,3255.6019733981,1.1173601962678,1.1441139592817
175.02500000002,8.0987606198529,-8.3426270311106,-2.3168225555693,1.3734699068639,5,5,11.726782047731,16.237768643084,3256.041975321,1.1155140700835,1.1422652715704
175.05000000002,8.1002745681788,-8.3436986365927,-2.3170400387259,0.14937970691244,5,5,11.728636873287,16.23963617535,3256.5084097313,1.1136594328053,1.1404072921729
175.07500000002,8.1016750963088,-8.3447138955072,-2.3172328303302,1.8996703925787,5,5,11.730366679549,16.241376692029,3256.9679586237,1.1119296341645,1.1386765699417
175.10000000002,8.1031944601757,-8.3458205728021,-2.3174566145803,0.79442628913328,5,5,11.732246360691,16.243269647545,3257.4171908821,1.1100499534834,1.1367928385584
175.12500000002,8.1046887914944,-8.3468875725618,-2.3176714567053,0.27185896480996,5,5,11.734082529141,16.245118342143,3257.8701085774,1.1082138796054,1.1349536469079
175.15000000002,8.1061987251659,-8.3479787712714,-2.3178903780809,0.32369897655627,5,5,11.735945487626,16.246994119551,3258.3544739597,1.1063509396244,1.1330873727867
175.17500000002,8.1076534835481,-8.3490635730936,-2.3180977647683,0.99014390853584,5,5,11.737760182351,16.248820626102,3258.8202377632,1.1045363449418,1.1312708256587
175.20000000002,8.1091564539856,-8.3501674033222,-2.3183164856857,0.49956812312508,5,5,11.739624950784,16.250698177739,3259.2895978381,1.102671586276,1.1294028822954
175.22500000002,8.1106412414203,-8.3512120526799,-2.3185249890366,0.37527177593738,5,5,11.741440408304,16.252525569228,3259.7632747846,1.1008563948355,1.1275855745841
175.25000000002,8.1120654600945,-8.3522492910136,-2.3187256969359,1.93017117584,5,5,11.743202299956,16.254298855966,3260.2296338531,1.0990945037391,1.1258220221504
175.27500000002,8.1136013282723,-8.3533506992788,-2.3189513429301,0.24783426515129,5,5,11.745092271179,16.256202249604,3260.691088781,1.0972045950341,1.1239281208055
175.30000000002,8.1150703217808,-8.35441685785,-2.3191618226534,0.089946426609133,5,5,11.746907384407,16.258029525648,3261.1794079726,1.0953894872698,1.1221105611085
175.32500000002,8.1165486883692,-8.3554766594799,-2.3193725793571,0.34914972091963,5,5,11.748726380631,16.259860690756,3261.6458560074,1.0935705539641,1.120289238571
175.35000000002,8.1180702620344,-8.3565436188171,-2.3195894826252,0.53738365210659,5,5,11.750584763973,16.261731689332,3262.1397448038,1.0917124974979,1.118428423919
175.37500000002,8.1195483911958,-8.3576205272277,-2.3198005583168,0.4214676443885,5,5,11.75241358806,16.263572653887,3262.6153010164,1.0898836738317,1.1165974427373
175.40000000002,8.1210044562802,-8.3586647568211,-2.3200069994678,0.034050272075826,5,5,11.754205386312,16.265376305439,3263.0809896823,1.0880919354644,1.1148036995874
175.42500000002,8.1224557919102,-8.3597098285835,-2.3202142532984,0.82261302057544,5,5,11.755993835388,16.267176723238,3263.5608356497,1.0863035214729,1.1130130558996
175.45000000002,8.1238785113469,-8.3607533961492,-2.3204194933479,0.86917673282524,5,5,11.757758251399,16.268953036087,3264.0256140023,1.084539111058,1.1112463092105
175.47500000002,8.1253465791028,-8.3618000627702,-2.3206370496619,0.43269601910253,5,5,11.759561230587,16.270769093548,3264.5085956253,1.0827362405348,1.109439372709
175.50000000002,8.1269040559334,-8.3628967039262,-2.320876763723,0.66687988133614,5,5,11.761466054963,16.27268894217,3264.9911934389,1.0808316878283,1.1075283988333
175.52500000002,8.128408228218,-8.3639509426337,-2.3211050120152,0.31704084717312,5,5,11.763302887431,16.274539901596,3265.4639941044,1.0789951899868,1.105686370877
175.55000000002,8.1298768825085,-8.3649975909263,-2.321326842507,0.63354336295148,5,5,11.765106333596,16.276356939527,3265.9543708208,1.077191858084,1.1038781384715
175.57500000002,8.1313433560586,-8.3660375434199,-2.321543995374,1.9223810155938,5,5,11.766904122756,16.278167796017,3266.4384806095,1.0753942353465,1.1020765286546
175.60000000002,8.1328083311276,-8.3670669139104,-2.3217683991646,0.53408558108084,5,5,11.768694585143,16.279972266195,3266.8891712346,1.0736040620399,1.1002806304501
175.62500000002,8.1343210362484,-8.3681217538142,-2.3220000889182,0.073390052793343,5,5,11.770538755419,16.281830933499,3267.3734987316,1.0717603212868,1.0984308967894
175.65000000002,8.1357185225843,-8.3691125404556,-2.3222068788,0.71534592245762,5,5,11.772251830498,16.28355644452,3267.8256726172,1.0700474096106,1.0967142973417
175.67500000002,8.1372374417272,-8.3701560849828,-2.322439893781,0.057408319356234,5,5,11.774094681697,16.285413968819,3268.2847445245,1.0682053123073,1.0948659334065
175.70000000002,8.1386799556839,-8.3711824416946,-2.3226524659076,0.56742912598031,5,5,11.775865064316,16.287197067674,3268.7494458749,1.0664350614894,1.0930921795042
175.72500000002,8.1401887534395,-8.3722433465234,-2.3228837491644,0.71857301801018,5,5,11.777709512668,16.289055960265,3269.2101662351,1.0645909053228,1.0912422452276
175.75000000002,8.1416582800321,-8.3732701234398,-2.3231050902217,0.39701306821398,5,5,11.779502214328,16.290862274498,3269.6577042726,1.0627985916488,1.0894451004074
175.77500000002,8.1431600416487,-8.3743562116653,-2.3233370988408,0.47178256495853,5,5,11.781355556063,16.292730081658,3270.1055350099,1.0609452691394,1.0875861236438
175.80000000002,8.1446677687726,-8.375431417199,-2.3235634651671,0.65386580848797,5,5,11.783207395154,16.294595704806,3270.5565595696,1.0590935465758,1.0857299799384
175.82500000002,8.1462126473469,-8.3765052424951,-2.3238015429935,0.2170168124982,5,5,11.785088817641,16.296492130821,3271.0418939963,1.0572126352756,1.083842816645
175.85000000002,8.1477204116083,-8.3775518384087,-2.3240279336304,0.10360215112265,5,5,11.786924223884,16.298341446585,3271.5116208246,1.0553777573256,1.082003161289
175.87500000002,8.1491702336251,-8.378596261627,-2.3242451779356,1.4511109091487,5,5,11.788711065717,16.300141446259,3271.9661799857,1.0535909535553,1.0802124445823
175.90000000002,8.1506496588821,-8.3796474599189,-2.3244743308149,0.057884592361973,5,5,11.790525925751,16.301970716054,3272.4529459148,1.0517762480405,1.0783919161266
175.92500000002,8.1521792740103,-8.3807294246394,-2.3247074394294,0.34445759205127,5,5,11.792399523919,16.303858759942,3272.945588,1.0499028664239,1.0765133169719
175.95000000002,8.1535815642815,-8.3817174321904,-2.3249141868051,1.2550136967545,5,5,11.794114918021,16.305586568207,3273.3936869429,1.0481877226821,1.0747948999818
175.97500000002,8.1551053639305,-8.3827919896591,-2.3251469536966,0.48576823773577,5,5,11.795979492805,16.307465615719,3273.8670946402,1.0463234079805,1.0729252818086
176.00000000002,8.1565558812376,-8.3838283588338,-2.3253651956749,0.027097223818568,5,5,11.797762204651,16.309261636622,3274.3361816186,1.0445407952073,1.0711385856236
176.02500000002,8.1580615693211,-8.3848924672453,-2.3255963651032,0.29776784664153,5,5,11.79960595716,16.311119824616,3274.7951938193,1.0426972704988,1.0692896581323
176.05000000002,8.1595166992179,-8.3859230457065,-2.3258157363905,0.42379665472067,5,5,11.801389071004,16.312916382086,3275.2398616851,1.0409143503132,1.0675024738457
176.07500000002,8.1610480373264,-8.3869861663711,-2.3260492520271,0.48578346240884,5,5,11.803253265723,16.314795145377,3275.7271677966,1.0390506993859,1.0656334639911
176.10000000002,8.1625238029128,-8.3880363412292,-2.3262715975496,1.5923688338396,5,5,11.805064550156,16.316620025874,3276.1680568456,1.0372395578379,1.0638181653469
176.12500000002,8.1639266457823,-8.3890407105218,-2.3264818357561,1.0004422892383,5,5,11.806789869197,16.31835810697,3276.6428530426,1.0355143200519,1.0620893448022
176.15000000002,8.1654291594043,-8.3900890559678,-2.3267191266602,1.0589206302105,5,5,11.808621965089,16.320205505771,3277.1015864555,1.0336826629207,1.0602507834528
176.17500000002,8.1669630937412,-8.3911672213391,-2.3269614255417,0.064937833510285,5,5,11.810496903787,16.32209603582,3277.5793442807,1.0318080439506,1.0583692527853
176.20000000002,8.1684391048415,-8.3922106811989,-2.3271903207922,0.75784452804638,5,5,11.812304503645,16.323918070475,3278.0271447141,1.0300006691287,1.0565562933673
176.22500000002,8.1699283949144,-8.3932489101441,-2.3274263752786,0.14246342085329,5,5,11.814119966193,16.325748815128,3278.4890208938,1.0281856615469,1.0547343276272
176.25000000002,8.1714694047626,-8.3943080292383,-2.327665932126,0.87409589328358,5,5,11.815989844426,16.327633976153,3278.9670090833,1.0263165743033,1.0528588929535
176.27500000002,8.1729560869463,-8.3953503851475,-2.327894416973,1.6743106875903,5,5,11.817805534311,16.329463985738,3279.4342720217,1.0245012400483,1.051038358368
176.30000000002,8.1744980409788,-8.3964252838544,-2.328138017737,0.094383185375833,5,5,11.819685169772,16.331359340798,3279.8966146743,1.0226220818651,1.0491522676954
176.32500000002,8.1760037084885,-8.3974726981231,-2.3283712408446,0.032552098445265,5,5,11.821519321157,16.333208260568,3280.3515145937,1.0207884393604,1.0473128924702
176.35000000002,8.1774790776488,-8.3984863331493,-2.3285976088015,1.9946634715078,5,5,11.823309340745,16.33501253676,3280.8264303049,1.0189991948543,1.0455183551611
176.37500000002,8.1789898177576,-8.3995354047569,-2.3288382504924,0.22780467112609,5,5,11.825148603345,16.336867474856,3281.2939252139,1.0171604836437,1.0436724418455
176.40000000002,8.1804485661395,-8.4005505971324,-2.3290650979768,0.69169361829386,5,5,11.826925837826,16.338659128333,3281.758944979,1.0153837399432,1.0418900413481
176.42500000002,8.1819082293548,-8.4015803371133,-2.3292883884705,2.0030783076652,5,5,11.828712169579,16.340459361589,3282.2141075199,1.0135976707387,1.0400993808987
176.45000000002,8.183394336433,-8.4026328579313,-2.3295243160668,1.1884639102735,5,5,11.830533244624,16.342295655724,3282.6677655403,1.0117768094758,1.0382720118016
176.47500000002,8.1849065675571,-8.4037070132541,-2.3297639782323,0.26099688869272,5,5,11.832388144252,16.344165974035,3283.1335719642,1.0099220908832,1.0364108425622
176.50000000002,8.186389024722,-8.4047296872887,-2.3299970794597,0.14039100547339,5,5,11.834189127713,16.345981979984,3283.5897483566,1.0081218003239,1.0346042154579
176.52500000002,8.1878547069036,-8.4057633135843,-2.3302283505787,0.71366683483492,5,5,11.835982618047,16.347790320081,3284.0545625811,1.0063285828103,1.0328049222883
176.55000000002,8.189375505564,-8.4068287669634,-2.3304780573888,0.4636862364615,5,5,11.837839502391,16.349663919014,3284.5218337233,1.0044720915395,1.0309398599165
176.57500000002,8.1908152754899,-8.4078449003482,-2.3307165250472,1.124972693019,5,5,11.839601735206,16.351442213511,3284.9571462176,1.0027101178427,1.0291694467962
176.60000000002,8.1923276766699,-8.4089424428999,-2.3309752559134,0.24843302883757,5,5,11.841470413077,16.353328717856,3285.4261029563,1.0008414548161,1.0272905490984
176.62500000002,8.1938295536939,-8.410046136008,-2.3312308231956,1.0601692407088,5,5,11.843334219148,16.355209964174,3285.9054918999,0.99897765247098,1.025417128391
176.65000000002,8.1953200498712,-8.411112767454,-2.3314850795298,0.79733651302925,5,5,11.845167053428,16.35706035002,3286.3657887202,0.99714492166138,1.0235743015882
176.67500000002,8.1967786808494,-8.412160472579,-2.3317293774882,0.1503634600324,5,5,11.846962962768,16.358872799151,3286.8220647266,0.99534908325504,1.0217696901363
176.70000000002,8.1982825946997,-8.4132345093928,-2.3319805150996,0.71549038913305,5,5,11.84881101903,16.360737841254,3287.306085652,0.9935011519515,1.0199128158683
176.72500000002,8.1996970378939,-8.4142691299228,-2.3322118328832,1.688734398411,5,5,11.850563471366,16.362505494248,3287.7758393389,0.99174869968014,1.018153458399
176.75000000002,8.2012297657026,-8.4153704896367,-2.3324776908186,0.50390595548211,5,5,11.852450863152,16.364411518434,3288.2489680161,0.98986137998569,1.0162549442296
176.77500000002,8.2026911907445,-8.4164203601891,-2.3327226805508,0.063358233287061,5,5,11.854250305102,16.366227561192,3288.7092823297,0.9880620088427,1.0144468475146
176.80000000002,8.2041409581989,-8.4174640213502,-2.3329624649887,1.1246542562161,5,5,11.856036657332,16.368029934868,3289.173349644,0.98627571238379,1.0126526934159
176.82500000002,8.2056241671971,-8.4185012679502,-2.3332097259948,0.075762543574251,5,5,11.857846571541,16.369856660749,3289.6585587214,0.98446622040417,1.0108342813615
176.85000000002,8.2071563052399,-8.4195831031894,-2.3334701802504,0.22255884624739,5,5,11.859722155308,16.371750242246,3290.0924209121,0.98259091102256,1.0089488039082
176.87500000002,8.2086588671581,-8.4206733373682,-2.3337218165502,0.15171469750461,5,5,11.861578577372,16.373623641219,3290.5916440713,0.9807345056454,1.0070837691308
176.90000000002,8.2101937915919,-8.4217618228817,-2.3339801250957,0.013717218428031,5,5,11.863460277064,16.375522987695,3291.0725946413,0.97885302079375,1.0051928256832
176.92500000002,8.211617869817,-8.422755785439,-2.3342160517493,0.6977341266211,5,5,11.865196929118,16.377275591969,3291.5376626239,0.97711681309661,1.0034484717479
176.95000000002,8.2131229352669,-8.4238400420099,-2.3344708918435,0.25189552329423,5,5,11.867051877721,16.379147964206,3292.0333813892,0.97526191979081,1.0015842710063
176.97500000002,8.214587513059,-8.4248992686662,-2.3347181476152,0.33667664440386,5,5,11.868859348114,16.380972268083,3292.5129435432,0.97345448061196,0.99976803434934
177.00000000002,8.2161147960704,-8.42596886565,-2.3349732417089,0.019222660566625,5,5,11.870723920747,16.38285420966,3292.989876102,0.97159032320361,0.99789481601255
177.02500000002,8.2176123784194,-8.4270563592309,-2.3352259337696,0.060930453067502,5,5,11.872574703063,16.384722162673,3293.4953943133,0.9697395557057,0.99603521371507
177.05000000002,8.2191320148835,-8.4281391535249,-2.3354810014626,0.079286488289802,5,5,11.874440644773,16.386605457126,3293.971986661,0.96787377168259,0.99416048051996
177.07500000002,8.2205648307623,-8.4291599112274,-2.3357170273027,0.24081445807679,5,5,11.876199879729,16.388380454542,3294.4447560037,0.96611468780599,0.99239400684897
177.10000000002,8.2220680972112,-8.4302339460754,-2.335971608222,0.20812721268808,5,5,11.878047408043,16.390245440417,3294.9264805218,0.96426728741646,0.99053734387672
177.12500000002,8.2235207775566,-8.4312823495654,-2.3362091134381,0.74289568594278,5,5,11.879838896269,16.392052603606,3295.3829315679,0.96247584323041,0.98873909114503
177.15000000002,8.2250020044353,-8.4323407082337,-2.3364581981599,0.26319905310795,5,5,11.88165937866,16.393890047302,3295.8792858153,0.96065548697647,0.98691007472246
177.17500000002,8.22644539851,-8.4333924614842,-2.3367008839132,1.4268761379996,5,5,11.883445315768,16.395692397914,3296.3420963664,0.95886955535636,0.98511606390721
177.20000000002,8.2279135295597,-8.4344321217235,-2.3369450535943,1.5405392775207,5,5,11.885244288306,16.397507865079,3296.8025184668,0.95707081387694,0.98330927501514
177.22500000002,8.2294568230731,-8.4355365173752,-2.3372095434138,0.23749448483063,5,5,11.887142035556,16.399423954713,3297.2803691915,0.95517318362981,0.9814016049681
177.25000000002,8.2309235668889,-8.4365792211557,-2.3374555917981,0.60841700938983,5,5,11.8889416379,16.401240299505,3297.7313165344,0.95337376406133,0.97959378743683
177.27500000002,8.232414229464,-8.4377024738815,-2.3377075506402,1.1851927688061,5,5,11.890808124331,16.403123715247,3298.2296120396,0.95150744768933,0.97771953804595
177.30000000002,8.2338809703406,-8.4387558325966,-2.3379520078584,1.1905650081125,5,5,11.892613918722,16.404945981066,3298.6813126531,0.94970173373044,0.97590602514355
177.32500000002,8.2353625587581,-8.4397944473841,-2.3382037660261,0.15399928089614,5,5,11.894423290136,16.406772783488,3299.1653400244,0.94789275645011,0.9740876872658
177.35000000002,8.2368851110242,-8.440872962081,-2.3384598015711,0.55831112984272,5,5,11.896289130257,16.408656108621,3299.6273006445,0.9460271551645,0.97221329469277
177.37500000002,8.2383619341996,-8.4419266364926,-2.3387058108024,0.050024148933031,5,5,11.89810330678,16.410486889055,3300.1003248268,0.94421312336397,0.97039142723766
177.40000000002,8.2398663966375,-8.4430098037842,-2.3389617283926,0.18025578074754,5,5,11.899957129481,16.412358292919,3300.594115098,0.94235936544472,0.96852865239935
177.42500000002,8.2413539767679,-8.4440764840106,-2.3392118547059,0.64256974570732,5,5,11.901787621587,16.414205795158,3301.0534282808,0.94052897041813,0.96668997946165
177.45000000002,8.2428472314587,-8.4451644289943,-2.3394625237311,0.31258973090447,5,5,11.903635169654,16.416070270639,3301.5393715588,0.93868142932675,0.96483453307955
177.47500000002,8.2443633701433,-8.4462488697917,-2.33972146305,0.35071018637322,5,5,11.90549922125,16.417952221203,3302.0249345753,0.93681750121787,0.96296126539395
177.50000000002,8.2458268833612,-8.4473002273212,-2.3399653219092,0.93772828320946,5,5,11.907301226687,16.419770652047,3302.5247627698,0.93501557665097,0.96115184152902
177.52500000002,8.2473098247731,-8.4483735213554,-2.3402145315533,0.59081049506935,5,5,11.909131820939,16.421618131617,3303.0119056731,0.93318501478807,0.95931335379264
177.55000000002,8.2487751254054,-8.4494520930495,-2.3404631991917,0.32611289962825,5,5,11.910951277683,16.423454502614,3303.5024237314,0.93136556198799,0.95748583228863
177.57500000002,8.2502280181984,-8.4504772219787,-2.3407023464591,0.44273338566473,5,5,11.912729419069,16.425248653724,3303.9694588638,0.92958770874993,0.95570101790719
177.60000000002,8.25176177372,-8.451593206946,-2.3409645310514,0.66233862415217,5,5,11.914626213324,16.427163482491,3304.4515997913,0.92769092586611,0.95379520996173
177.62500000002,8.2532529752614,-8.4526770638837,-2.3412176082259,0.2415813586426,5,5,11.916469695871,16.429024255436,3304.9420092741,0.92584745792973,0.95194340942375
177.65000000002,8.2546619445267,-8.4537029750889,-2.3414525559567,0.3117103895341,5,5,11.918212592365,16.430782916469,3305.408367847,0.92410457003713,0.95019368144204
177.67500000002,8.2561595132299,-8.4547988455266,-2.3417027293204,1.8191930277723,5,5,11.920068298171,16.43265540966,3305.8944208446,0.92224886478519,0.94833072557154
177.70000000002,8.2575638910289,-8.4558114166026,-2.3419386050383,0.27957116110891,5,5,11.921799649431,16.434402754657,3306.3471721707,0.92051756648324,0.9465921199824
177.72500000002,8.2590903001549,-8.4568662943504,-2.3421929865012,1.7058611855044,5,5,11.923655098671,16.436275560523,3306.8284829193,0.91866283561338,0.94472920239066
177.75000000002,8.2605608993352,-8.4579591186218,-2.3424440855087,1.1233220570503,5,5,11.925487290484,16.438124878654,3307.3064561392,0.91683068266567,0.94288904145535
177.77500000002,8.2620558964839,-8.4590482522481,-2.3426969711657,0.62807756321935,5,5,11.927336946811,16.43999174225,3307.7522278865,0.91498103439907,0.94103148779155
177.80000000002,8.2634803674904,-8.4600791680216,-2.3429343856439,0.29081614778741,5,5,11.929095328164,16.441766078919,3308.2185715017,0.9132226858091,0.93926635710188
177.82500000002,8.2649911378825,-8.4611894362613,-2.3431927830932,0.76936746839967,5,5,11.930970194223,16.443658667618,3308.6994425518,0.91134782108025,0.93738307007367
177.85000000002,8.2665069923321,-8.4622942047967,-2.3434515087369,0.71324913302717,5,5,11.932845914946,16.445552147797,3309.1901135442,0.90947210759478,0.9354989185641
177.87500000002,8.2679811335093,-8.4633358398977,-2.3436962709047,0.55474675105375,5,5,11.934650934584,16.44737368682,3309.6439300181,0.90766736287951,0.93368706929873
177.90000000002,8.2694035172653,-8.4643805394667,-2.3439382295906,0.59019064498947,5,5,11.936415749798,16.449155011255,3310.1402785415,0.90590254833853,0.93191473009408
177.92500000002,8.2709280734661,-8.4654697963944,-2.3441951962821,0.16007082697795,5,5,11.938289449951,16.451046250041,3310.6257613631,0.90402898881973,0.9300331965971
177.95000000002,8.2723912104831,-8.4664984250471,-2.3444355699822,0.017227888470749,5,5,11.940077981985,16.452850862562,3311.0843863407,0.90224081101411,0.92823859190658
177.97500000002,8.2738301284685,-8.4675279563997,-2.3446762111221,0.57638239307533,5,5,11.941847281217,16.454636451522,3311.5548961773,0.90047163172192,0.92646242734677
178.00000000002,8.2753472106392,-8.4685928550531,-2.3449303719442,1.2836171064017,5,5,11.943700804202,16.456507319015,3312.0316059931,0.89861850572364,0.9246015284007
178.02500000002,8.2767824435928,-8.4696420490963,-2.3451709269117,0.72933408601191,5,5,11.945478640463,16.458301355933,3312.4998500542,0.89684067145861,0.9228170459997
178.05000000002,8.2783387588456,-8.470750822014,-2.3454320891962,0.097010511004005,5,5,11.947389528882,16.460230008387,3312.9583699066,0.89492996339568,0.92089861450968
178.07500000002,8.2797835246445,-8.4717776250044,-2.3456696970588,1.8574185816712,5,5,11.949162005284,16.462018340038,3313.4220642533,0.89315768418541,0.91912030249668
178.10000000002,8.2812734680399,-8.4728588652945,-2.3459243011557,0.27011908336264,5,5,11.951002932193,16.463876789696,3313.8956091366,0.89131678074742,0.91727133169962
178.12500000002,8.2827728187954,-8.4739518520066,-2.3461830806514,0.17576943320074,5,5,11.952858376248,16.465750192874,3314.3859936427,0.88946134455974,0.91540729130326
178.15000000002,8.2842477919548,-8.4750174890665,-2.3464277150381,0.13324153247152,5,5,11.954678026809,16.467586214156,3314.8459508338,0.88764174085479,0.913581451006
178.17500000002,8.2857315188566,-8.4760836885263,-2.346678466626,0.70492591616374,5,5,11.956505108309,16.469430422161,3315.304348113,0.88581474619874,0.91174702209319
178.20000000002,8.2872067138619,-8.4771104931236,-2.3469219975805,0.94678452299273,5,5,11.958302475268,16.471244212477,3315.8040746868,0.88401793260378,0.90994366484847
178.22500000002,8.2886100712044,-8.4781493953546,-2.3471569597219,1.125067076687,5,5,11.960048536457,16.473006011809,3316.2572141113,0.88227188800313,0.90819169956
178.25000000002,8.2901803031727,-8.4792279780987,-2.3474210654971,1.209260288789,5,5,11.961953521804,16.474929217734,3316.7430928609,0.88036782131061,0.9062793491495
178.27500000002,8.2916378706319,-8.4802758487222,-2.3476622648384,0.82872830804201,5,5,11.963748664066,16.476740491557,3317.1996318356,0.8785727629197,0.90447837004069
178.30000000002,8.2930272081113,-8.481261575163,-2.3478896781963,0.62729573703235,5,5,11.965452164946,16.478459104976,3317.6586719497,0.87686947824243,0.90276985102488
178.32500000002,8.2945240569481,-8.4823208030816,-2.3481438399113,0.2186769123964,5,5,11.967285882542,16.480310352772,3318.109107728,0.87503603191357,0.90092858209064
178.35000000002,8.2960007002937,-8.4834021768258,-2.348394649019,0.18669533881258,5,5,11.969116140651,16.482157715745,3318.5594138101,0.87320577465753,0.89909124897093
178.37500000002,8.2974674051267,-8.4844747985147,-2.3486425325315,0.49672780059592,5,5,11.970933209817,16.48399161503,3319.0368443325,0.8713887078829,0.89726746464827
178.40000000002,8.2989632580142,-8.4855217319106,-2.3488866148663,0.90389977369343,5,5,11.972759037136,16.485833684948,3319.4940875298,0.86956333981507,0.89543656733805
178.42500000002,8.3004221626622,-8.486579994977,-2.3491331953978,0.34554209201783,5,5,11.974561347733,16.487652785124,3319.9313097425,0.86776105700357,0.89362753436702
178.45000000002,8.3018771588548,-8.4876215986742,-2.3493731308237,0.71524982351703,5,5,11.976350747683,16.489458199534,3320.4020703895,0.86597178214639,0.89183276163125
178.47500000002,8.3033167528479,-8.488652726626,-2.3496149805714,1.5956603549377,5,5,11.978121525964,16.491245417209,3320.8263678422,0.8642011229161,0.89005564824196
178.50000000002,8.3048104906558,-8.4897337357322,-2.3498709810258,0.044028168574169,5,5,11.979965389659,16.493106967519,3321.3026916707,0.86235730086315,0.88820415224649
178.52500000002,8.3062900397672,-8.4908125740928,-2.3501199037553,0.99406298375098,5,5,11.981796498007,16.494954917818,3321.752639097,0.86052620159312,0.88636674660015
178.55000000002,8.3077785254045,-8.491890428085,-2.3503731070492,0.43867859644473,5,5,11.983634257164,16.49681003793,3322.2015297743,0.85868848074425,0.88452192968628
178.57500000002,8.309248387644,-8.4929662225252,-2.3506220466964,0.035462801101138,5,5,11.985455747949,16.498648461066,3322.6558930697,0.85686699170452,0.88269393650886
178.60000000002,8.3107501954293,-8.4940687700261,-2.3508751743214,0.30849372481391,5,5,11.98731882004,16.500528650208,3323.1128463228,0.85500391961888,0.88082461605651
178.62500000002,8.3122470276233,-8.4951464720939,-2.351128644495,0.45717491406895,5,5,11.98916325718,16.502390422346,3323.5618557017,0.85315956048809,0.87897342293756
178.65000000002,8.3136836697952,-8.4961824499798,-2.3513658209425,1.0465137833635,5,5,11.990934468887,16.504177443213,3324.0308451024,0.85138841242653,0.87719725464084
178.67500000002,8.3151391394104,-8.4972268952665,-2.3516129069871,0.52395837779018,5,5,11.992725909022,16.505985842856,3324.4685473412,0.84959707697877,0.87539914967307
178.70000000002,8.3166758477525,-8.4983190435909,-2.3518732565415,0.76689317901959,5,5,11.994611183668,16.507889009266,3324.9378560729,0.84771202602548,0.87350693919818
178.72500000002,8.3181356032758,-8.4993485028979,-2.3521134805468,0.84063219468963,5,5,11.996397429075,16.509691335603,3325.4024821916,0.84592610615271,0.87171583291165
178.75000000002,8.3195996830827,-8.5003833035148,-2.3523538154163,1.67218741003,5,5,11.998190287686,16.51150023108,3325.8393298764,0.84413354077894,0.86991829631668
178.77500000002,8.3210112213534,-8.5013879571635,-2.3525872803868,1.7327110425186,5,5,11.999922849155,16.513248451643,3326.2947204855,0.84240116974607,0.86818087429112
178.80000000002,8.3225929902766,-8.5025275245613,-2.3528607576835,0.21760793712733,5,5,12.001872363653,16.515217054348,3326.7757240235,0.84045173605717,0.86622320268875
178.82500000002,8.3240329410375,-8.503608730997,-2.3531037077077,1.3974529821953,5,5,12.003673048398,16.517034054696,3327.2367599307,0.83865115318876,0.86441739214569
178.85000000002,8.3255664076478,-8.504705639255,-2.3533666380706,0.34735948081749,5,5,12.005558446916,16.518937698556,3327.7095944159,0.8367659017186,0.86252464165134
178.87500000002,8.3270377037923,-8.5057797347043,-2.3536142999492,0.14787474177754,5,5,12.007380092705,16.520776102697,3328.1827439604,0.83494426325722,0.86069735523586
178.90000000002,8.3285047656954,-8.5068387860449,-2.3538590220113,0.29252662492315,5,5,12.009189473916,16.522601958458,3328.6357243028,0.83313494263739,0.85888277924302
178.92500000002,8.3299292752816,-8.5078484791732,-2.3540943596555,1.7474375215382,5,5,12.010935528834,16.524363801692,3329.1048777918,0.83138913607094,0.8571321400284
178.95000000002,8.3314250939452,-8.5089277265254,-2.3543494509093,0.63181172173112,5,5,12.012780047286,16.526225875769,3329.5665866033,0.82954468401745,0.85528105928423
178.97500000002,8.3328861864285,-8.5099935173824,-2.3545953384207,0.10854503225981,5,5,12.014588555344,16.528051022904,3330.0271952845,0.82773618578945,0.85346713887661
179.00000000002,8.3344078174876,-8.5110977779204,-2.3548562675327,0.18361841313611,5,5,12.016468649069,16.529949136814,3330.5035427803,0.82585612316915,0.85158019466412
179.02500000002,8.3358981833354,-8.5121726521596,-2.3551058605041,0.42832740387019,5,5,12.018306186821,16.531803548215,3330.9721535492,0.82401865524894,0.84973737347636
179.05000000002,8.3374106792575,-8.5132388595057,-2.3553603255657,0.77363585937138,5,5,12.020156711617,16.533671486781,3331.4394947883,0.82216848386284,0.84788109355605
179.07500000002,8.3388636518226,-8.5142860346472,-2.3556036339017,0.17105079794413,5,5,12.021947718332,16.535478944664,3331.8981437538,0.82037755150916,0.84608503180856
179.10000000002,8.3402631495116,-8.515316154547,-2.3558370684066,1.2954732875315,5,5,12.02368545847,16.53723229359,3332.3691279234,0.81863981208798,0.84434300974038
179.12500000002,8.3417701796796,-8.5164007838368,-2.3560948710275,0.084703601177911,5,5,12.025542219258,16.539106866292,3332.8463495229,0.8167831402721,0.84247975729464
179.15000000002,8.343286085736,-8.5174794165929,-2.3563480813378,0.40604535432065,5,5,12.027402708386,16.540984507167,3333.3149697818,0.81492286665639,0.84061418972647
179.17500000002,8.344733997164,-8.5185521503202,-2.3565916016356,0.02267794659771,5,5,12.029204708706,16.54280288757,3333.792019059,0.81312088057922,0.83880755731901
179.20000000002,8.3462742409109,-8.5196560268777,-2.3568547580235,0.14020742963204,5,5,12.031099674208,16.544716038253,3334.294689378,0.81122604778915,0.83690615102154
179.22500000002,8.3477438653095,-8.5207156606788,-2.3571024340741,0.13190562428389,5,5,12.032911474326,16.546544688874,3334.7295673555,0.80941432107415,0.83508915780147
179.25000000002,8.3490925061901,-8.5217104127326,-2.357324372155,1.4425020953214,5,5,12.0345872917,16.548235138632,3335.1891122826,0.80773850644028,0.83341027971379
179.27500000002,8.3505986108599,-8.5227458695878,-2.3575720793747,1.7714445039024,5,5,12.036415001244,16.550079557522,3335.6777238377,0.80591170063014,0.83157876470885
179.30000000002,8.3521029747361,-8.5238165512349,-2.3578265659894,0.018266018720962,5,5,12.038261476226,16.551943487054,3336.1257537702,0.80406544026191,0.82972677701802
179.32500000002,8.3535462572899,-8.5248767357088,-2.3580732439221,0.90235889372207,5,5,12.040052301636,16.553751222004,3336.6082284615,0.80227461491349,0.8279304879998
179.35000000002,8.355007235129,-8.5259402611672,-2.3583188694317,0.98876287038974,5,5,12.041859382887,16.555574920043,3337.0565642526,0.80046755257044,0.82611877628761
179.37500000002,8.35652141009,-8.5270440213442,-2.3585804160578,0.47091896573618,5,5,12.043733152441,16.55746685529,3337.5135773095,0.79859379750835,0.82423855911534
179.40000000002,8.3579725037764,-8.528075216198,-2.3588232464862,0.77733287822569,5,5,12.045513331003,16.559263519513,3337.9864578592,0.79681384744101,0.8224539130989
179.42500000002,8.3594775575044,-8.5291895156653,-2.3590799361314,0.6871053067279,5,5,12.047385989548,16.561153688712,3338.4628786837,0.79494120002679,0.82057607991628
179.45000000002,8.3609855229091,-8.5302607647344,-2.3593443817709,0.32649664933787,5,5,12.049235728511,16.563022235133,3338.927409444,0.79309170407947,0.81871880479412
179.47500000002,8.3624718286316,-8.5312946923484,-2.3596066001636,0.34448252971829,5,5,12.051046283954,16.564851680266,3339.41731311,0.79128176695102,0.81690045157421
179.50000000002,8.3639553820324,-8.5323541424618,-2.3598737709106,0.23045102436818,5,5,12.052869293892,16.566694163765,3339.8954580645,0.78945893124226,0.81506842027813
179.52500000002,8.3654291234776,-8.5333885822467,-2.3601330475914,0.34922224198949,5,5,12.054669843674,16.568513285508,3340.3727027466,0.78765881732399,0.81326040705095
179.55000000002,8.36685447291,-8.5343872163589,-2.3603893703703,0.7876876428826,5,5,12.056410214638,16.570272430886,3340.8340390407,0.78591890342712,0.81151147893678
179.57500000002,8.3683591417411,-8.5354412312713,-2.360653838602,0.02214441279529,5,5,12.058247325339,16.572128480231,3341.3323710522,0.78408228102973,0.80966690888553
179.60000000002,8.3698334530121,-8.5364737923489,-2.3609224997783,0.4485295373728,5,5,12.060047263144,16.573948357955,3341.7767251642,0.78228282744933,0.80785733458556
179.62500000002,8.3713128026469,-8.5375174528169,-2.3611955943102,0.30256291410376,5,5,12.061857705774,16.575779282076,3342.3027146114,0.78047274043661,0.80603640065462
179.65000000002,8.3728102588928,-8.5385724309315,-2.3614768961696,0.73107428240488,5,5,12.063689468321,16.577632518372,3342.7624798099,0.77864136343156,0.80419284450874
179.67500000002,8.374292144971,-8.53961379826,-2.3617501695989,0.21795416239396,5,5,12.065500664683,16.579464214479,3343.2499975093,0.77683059581712,0.80237129407297
179.70000000002,8.3757352300378,-8.5406367881383,-2.3620184972185,0.48088238997131,5,5,12.067269563437,16.58125334905,3343.7268575235,0.77506197392715,0.80059182875369
179.72500000002,8.3772208332978,-8.5416884734719,-2.3622951639971,0.15516250155721,5,5,12.069089744496,16.583094436661,3344.1932887014,0.77324210039729,0.79876070009266
179.75000000002,8.3786806505485,-8.5427220276914,-2.3625633504929,0.981940606352,5,5,12.070878403415,16.584903089399,3344.6564469151,0.77145374324162,0.79696225190466
179.77500000002,8.3802123657319,-8.5438063866794,-2.3628471668425,0.24164354661938,5,5,12.072755098867,16.586801124578,3345.1293582011,0.76957736740769,0.79507472614345
179.80000000002,8.3817327650154,-8.5448821582539,-2.3631335208013,1.2137943068842,5,5,12.074617596776,16.588685506984,3345.6046669057,0.76771519701716,0.79320035995306
179.82500000002,8.3831398137007,-8.5458869861914,-2.3633907157823,0.94937360949641,5,5,12.076346603771,16.590433538575,3346.0579518241,0.76598636982101,0.79146242947475
179.85000000002,8.3846312959957,-8.5469644031743,-2.3636734041477,0.31337362326164,5,5,12.078186534963,16.592295059325,3346.5335104262,0.76414651334621,0.78961067208892
179.87500000002,8.3861048003841,-8.5480151115833,-2.363948048202,1.0981566278405,5,5,12.079996287251,16.594125532679,3347.00936604,0.76233696976366,0.78779032217477
179.90000000002,8.387647324102,-8.5491101859156,-2.3642394183059,0.14134278493578,5,5,12.08188799738,16.596039550378,3347.4761344876,0.76044554316827,0.78588656468765
179.92500000002,8.3890941255842,-8.5501203172112,-2.3645034003994,0.2794028442134,5,5,12.083652536913,16.597823727025,3347.9277952371,0.75868156454593,0.78411308882719
179.95000000002,8.3906064981984,-8.5512115323029,-2.3647886472199,0.68262856727669,5,5,12.085517482301,16.599710360813,3348.4033414845,0.7568167075164,0.78223668192282
179.97500000002,8.3921421965698,-8.5522615134359,-2.3650744262702,1.7051964633468,5,5,12.087377812881,16.601592513712,3348.895839313,0.75495752300494,0.78036567702834
180.00000000002,8.3936244922529,-8.5533060111801,-2.3653472462299,0.48764343440925,5,5,12.089191145732,16.603426254904,3349.3615619248,0.75314459172417,0.77854274778421
180.02500000002,8.3951443007656,-8.5543769561489,-2.3656333835811,0.011546127699366,5,5,12.091050377036,16.605307375747,3349.8731924794,0.75128577392856,0.77667210385141
180.05000000002,8.396612209896,-8.5554084277829,-2.3659019192202,0.5556269071142,5,5,12.09284444809,16.607121432619,3350.347207412,0.74949215561808,0.77486904063277
180.07500000002,8.3981154041076,-8.5564695775576,-2.3661844837046,1.4420699274444,5,5,12.0946844567,16.608983011081,3350.8192983619,0.74765252785264,0.77301796275233
180.10000000002,8.3995873533547,-8.557516184413,-2.3664553716034,1.0062351941712,5,5,12.096490563146,16.610809319037,3351.3182230586,0.74584668217272,0.77120257451146
180.12500000002,8.4010618517666,-8.5585672675469,-2.3667274292103,1.2509018996285,5,5,12.098301342349,16.612640421618,3351.7957394607,0.74403612996295,0.7693823874888
180.15000000002,8.4025456712502,-8.5596222156727,-2.3670063487295,1.0616724166707,5,5,12.100121956478,16.614482277179,3352.278444405,0.74221578255305,0.76755103096924
180.17500000002,8.4039888776469,-8.5606372973179,-2.3672696192938,1.1346810957997,5,5,12.101886392776,16.616266246584,3352.759408627,0.74045178268183,0.76577819881891
180.20000000002,8.4055028233662,-8.5617080620311,-2.3675569574003,0.61917812421347,5,5,12.103740730586,16.618142714516,3353.2404078438,0.738597803892,0.76391227487169
180.22500000002,8.4069742817293,-8.5627702754339,-2.367833235265,0.59271550762408,5,5,12.105555527276,16.619978420507,3353.7288664387,0.7367830987303,0.76208719698221
180.25000000002,8.4085113599277,-8.5638392361844,-2.3681209158107,0.27699304485872,5,5,12.107427768306,16.621872634479,3354.2045431861,0.73491157510731,0.76020432493227
180.27500000002,8.4099599159184,-8.5648499123073,-2.3683846736981,1.7529368802518,5,5,12.109194058397,16.623658509308,3354.7020211605,0.73314589246749,0.75842994382461
180.30000000002,8.4114789893277,-8.5659217281743,-2.3686716070307,0.017416412160067,5,5,12.111053190795,16.625539653644,3355.1866944849,0.73128717072982,0.75655974276559
180.32500000002,8.4129269290064,-8.5669448551583,-2.3689369913959,1.4133738414452,5,5,12.11282613133,16.627332346312,3355.6665886428,0.72951459831847,0.75477838844336
180.35000000002,8.4143931180046,-8.5679683361345,-2.3692085645192,1.166048247369,5,5,12.114614209484,16.629140930136,3356.1605571393,0.72772713211942,0.75298110258318
180.37500000002,8.4158886628093,-8.5690199479157,-2.3694897272737,0.48061611103203,5,5,12.116442471391,16.630990685281,3356.6423182867,0.72589934531541,0.75114243729011
180.40000000002,8.4173906294095,-8.5700582256078,-2.3697658629678,0.76487796596091,5,5,12.118268375067,16.632837351237,3357.1505888899,0.72407431115,0.74930777779837
180.42500000002,8.4188689609916,-8.5711178515462,-2.3700406970751,0.050747639397348,5,5,12.120087240482,16.634676863451,3357.6416245799,0.72225562078898,0.74747963819618
180.45000000002,8.4202996068903,-8.5721241914396,-2.370299960121,1.0918244210119,5,5,12.121836373887,16.636445106928,3358.0940733415,0.7205069418977,0.745723212706
180.47500000002,8.4217171284064,-8.5731266495745,-2.3705612181064,1.3819735959706,5,5,12.123572544835,16.638200824814,3358.5614467762,0.71877112969429,0.74397875688963
180.50000000002,8.4232215541461,-8.574195968324,-2.3708457566394,0.1378506503769,5,5,12.125418280296,16.640068363722,3359.0503314904,0.71692569279752,0.74212243494734
180.52500000002,8.424757827751,-8.5752910895705,-2.3711503904393,0.87530837315798,5,5,12.127304924708,16.641979444276,3359.5002318347,0.71503931034029,0.74022141833455
180.55000000002,8.4262637600707,-8.576408039836,-2.3714519136872,0.18282951485585,5,5,12.129179867386,16.643878477271,3359.9726642761,0.71316437216379,0.73833231174386
180.57500000002,8.4276792143751,-8.5774655989939,-2.3717333807957,0.7167175480338,5,5,12.130946769268,16.645667657528,3360.4528668591,0.71139749907619,0.73655282729608
180.60000000002,8.4291675400971,-8.5785425568105,-2.3720331501639,0.60943927828652,5,5,12.1327838734,16.647529058417,3360.9384700513,0.70956047923953,0.73470089654748
180.62500000002,8.4306673241343,-8.5796289048199,-2.3723339142633,0.492732699473,5,5,12.134635765448,16.649405214913,3361.409902425,0.70770866426187,0.73283446723791
180.65000000002,8.4321380626785,-8.5806750812274,-2.3726231816111,0.59861352333518,5,5,12.136440635787,16.651233118778,3361.9212376369,0.7059040780178,0.73101668114154
180.67500000002,8.4336520826882,-8.5817655532131,-2.372926608655,0.81409904036766,5,5,12.138306482978,16.653123476869,3362.3928861478,0.70403836253611,0.72913623603716
180.70000000002,8.4351244026766,-8.5828535256337,-2.3732244765721,0.26896449272294,5,5,12.140137168679,16.654978237078,3362.874409878,0.70220767692165,0.72729111075701
180.72500000002,8.4366009932977,-8.5839197347269,-2.3735175815422,0.36478734137464,5,5,12.141958465386,16.656822968012,3363.3502888993,0.70038648466607,0.72545644120594
180.75000000002,8.4380644979358,-8.5849851610424,-2.3738081266007,0.23548204601306,5,5,12.143768708204,16.658656378901,3363.8502879055,0.69857628433488,0.72363310140907
180.77500000002,8.4395417307529,-8.5860714013208,-2.3741052673027,0.11091430059373,5,5,12.145602320687,16.660513911495,3364.3491986901,0.69674267586532,0.72178549413914
180.80000000002,8.4409827855253,-8.5871234406377,-2.3743883957703,1.3960525559255,5,5,12.147386536363,16.662320451644,3364.827305397,0.69495848750122,0.71998930251412
180.82500000002,8.4423857351987,-8.5881662905926,-2.3746654245453,1.8415529707157,5,5,12.149134622121,16.66409035242,3365.3001960112,0.6932104099869,0.71822961152687
180.85000000002,8.4438674682857,-8.5892669009944,-2.3749652433131,1.9976713207609,5,5,12.150980394641,16.665960316989,3365.8033106133,0.69136464434452,0.71636972376686
180.87500000002,8.4453229785337,-8.590355703708,-2.3752611129495,0.026178785856138,5,5,12.152798085878,16.667801930486,3366.2630860669,0.68954698725122,0.71453804931162
180.90000000002,8.4468341926964,-8.5914485265646,-2.3755664772767,0.10281580116108,5,5,12.154663033609,16.669691712858,3366.7493174028,0.68768213355888,0.71265839177307
180.92500000002,8.4483604259933,-8.5925484758516,-2.3758721649809,0.48759717772395,5,5,12.156544330107,16.671597682817,3367.2411362636,0.68580096539825,0.71076296097209
180.95000000002,8.4497774801195,-8.5935637623965,-2.3761515146478,0.48022469314447,5,5,12.158287559628,16.673363153123,3367.7374519062,0.68405791905431,0.70900777277619
180.97500000002,8.4512352917681,-8.5946262636731,-2.3764426504169,1.2105938976708,5,5,12.16009147863,16.675190414407,3368.2158105251,0.68225403707453,0.70719084214788
181.00000000002,8.4527568311101,-8.5957503802404,-2.3767543787008,0.50376977466283,5,5,12.161983229149,16.677107676661,3368.689470791,0.68036228655947,0.70528377529346
181.02500000002,8.454188549012,-8.5967924230171,-2.3770380969702,0.55121035921624,5,5,12.163754011264,16.678901043705,3369.1905174023,0.67859154884666,0.70350087938863
181.05000000002,8.4555946358687,-8.5978069494023,-2.3773105132997,0.52963506129056,5,5,12.16548789247,16.680656194608,3369.6485610849,0.67685777711717,0.70175667488084
181.07500000002,8.4570422818328,-8.5988810465155,-2.3775992790228,1.7828978114509,5,5,12.16729049155,16.682481776457,3370.1517372393,0.67505518186426,0.69994182717
181.10000000002,8.4586179189508,-8.6000242910616,-2.3779244931927,0.58420441712711,5,5,12.16923719143,16.684455454414,3370.6541953029,0.67310855396581,0.69797849196166
181.12500000002,8.4600597363458,-8.6010901957946,-2.3782142833225,0.48428722521041,5,5,12.171030230833,16.686271760726,3371.1332105374,0.67131551464724,0.69617270087514
181.15000000002,8.4614919152195,-8.6021066992189,-2.3784933022735,1.2905204743527,5,5,12.172786481253,16.68805003717,3371.6349890795,0.66955958374181,0.69440560078995
181.17500000002,8.4629351033883,-8.6031796944676,-2.3787814488011,0.4629396148983,5,5,12.174584844646,16.689871338715,3372.1339032239,0.66776122832597,0.69259523068219
181.20000000002,8.4643581492725,-8.6042067054139,-2.3790621472607,1.1877999385959,5,5,12.176339783697,16.691648584533,3372.6123974598,0.66600639958643,0.69082885929528
181.22500000002,8.4658009096798,-8.6052807732236,-2.3793517517555,0.38337213128908,5,5,12.178138444102,16.693470410544,3373.0700368369,0.66420775069696,0.68901793259663
181.25000000002,8.4672662270396,-8.6063543401774,-2.3796481351642,0.50356481622343,5,5,12.179954952007,16.695310938755,3373.5710058789,0.66239125775468,0.68718805868944
181.27500000002,8.468775962818,-8.6074186441951,-2.3799486253123,0.74817429866776,5,5,12.181802124214,16.6971823926,3374.0534192087,0.66054454702578,0.68532802231245
181.30000000002,8.4702750407092,-8.6085202481428,-2.3802505487611,0.091527493476491,5,5,12.18366243757,16.699067047356,3374.5217542269,0.65868424044437,0.68345456029504
181.32500000002,8.4716613384295,-8.6095302796847,-2.3805212595548,1.0794640477203,5,5,12.185377659155,16.70080350047,3374.9958723719,0.65696905847477,0.68172934923258
181.35000000002,8.4731960832704,-8.6106431181118,-2.3808334552278,0.29131640546666,5,5,12.187273404678,16.702724780572,3375.4908206237,0.65507339142675,0.67981918883869
181.37500000002,8.4746469609609,-8.6117129600257,-2.3811202776275,0.74172549274485,5,5,12.189076071534,16.704550122974,3375.9938537776,0.65327072568697,0.67800549028041
181.40000000002,8.4761083909166,-8.612756899364,-2.3814094589987,1.085367148841,5,5,12.190872063421,16.706369247137,3376.4888661598,0.65147497040037,0.67619788012304
181.42500000002,8.4776247824749,-8.6138591713555,-2.3817190754304,0.56495473126122,5,5,12.192746749235,16.708269328513,3376.964492315,0.64960034438923,0.67430886881566
181.45000000002,8.4790303305559,-8.6148788103775,-2.3819951390914,1.2365823852812,5,5,12.194483190753,16.710027577724,3377.4555979485,0.64786397274194,0.6725621060382
181.47500000002,8.4805039349696,-8.6159543147448,-2.38229089937,0.43800980948722,5,5,12.196307531623,16.711875737283,3377.9613920774,0.64603966592244,0.67072540965105
181.50000000002,8.4820108309704,-8.6170588134214,-2.3825965837621,0.16114500396903,5,5,12.198175860525,16.713768908124,3378.4501367069,0.6441713526774,0.66884372252072
181.52500000002,8.4834753819423,-8.6181284134685,-2.3828894381209,0.51511873236599,5,5,12.199989407825,16.715605948539,3378.9378111789,0.64235783614717,0.66701832749898
181.55000000002,8.4849917915628,-8.6192350559156,-2.3831936613797,0.26797471325887,5,5,12.201866681285,16.717507712834,3379.4549823842,0.64048059877035,0.66512857061606
181.57500000002,8.4863909629459,-8.6202651927484,-2.383468717421,0.60961801117472,5,5,12.203604168681,16.719266837127,3379.953372516,0.63874311486078,0.66338132029483
181.60000000002,8.4878596429224,-8.6213186869229,-2.3837634159023,0.23696238564616,5,5,12.205411617394,16.721098153059,3380.454628025,0.63693585408686,0.66156164403007
181.62500000002,8.4893692336852,-8.6223973052914,-2.384063356847,0.87333463455932,5,5,12.207266956138,16.722977580213,3380.9494547545,0.63508076223303,0.6596945659806
181.65000000002,8.4908417787602,-8.6234609193958,-2.384356432068,0.54415035881867,5,5,12.209083453857,16.724817568541,3381.4374178142,0.63326437881685,0.65786667774975
181.67500000002,8.492334734091,-8.6245450025427,-2.3846561400586,0.0086592067747448,5,5,12.210928488244,16.726686786765,3381.9280014401,0.63141941475228,0.65600954823389
181.70000000002,8.4938177395301,-8.6256078316278,-2.3849600901125,0.3819827231635,5,5,12.212753018538,16.728536461447,3382.4252589313,0.62959508936528,0.65417119860787
181.72500000002,8.4952709439418,-8.6266513740423,-2.385256949314,0.7245147878452,5,5,12.214542091995,16.730349996454,3382.9161888446,0.62780619344978,0.65236893478027
181.75000000002,8.4967657478458,-8.6277572974279,-2.3855664554919,1.0490190120242,5,5,12.216401528804,16.732235016167,3383.4239399245,0.625946756649,0.65049541222511
181.77500000002,8.4981469700939,-8.6287902089078,-2.385851670413,1.6733855143593,5,5,12.218126255166,16.733983166211,3383.9021069606,0.62422205394288,0.64875821188702
181.80000000002,8.4996301237388,-8.6298471881926,-2.3861624312199,0.21054640231914,5,5,12.219947504721,16.735830738191,3384.3919663828,0.62240109026136,0.64692149145598
181.82500000002,8.5011322174786,-8.6309202970772,-2.3864728388768,0.17988431009228,5,5,12.22179354055,16.737702689364,3384.9003742496,0.62055530901557,0.64506105301327
181.85000000002,8.5026453407986,-8.6319995848397,-2.3867851363125,0.13711194674203,5,5,12.22365214332,16.739587346878,3385.3953595898,0.6186969876987,0.64318810081963
181.87500000002,8.504126060661,-8.6330628089242,-2.3870845335816,1.0768706884031,5,5,12.225475046709,16.741434673457,3385.8782128311,0.61687427074745,0.64135299099475
181.90000000002,8.5056180166177,-8.6341225123228,-2.3873968490404,0.29870462396011,5,5,12.227305047766,16.743291133749,3386.3714382075,0.61504461747257,0.63950774057678
181.92500000002,8.5070658305164,-8.6351693314157,-2.3876925426498,0.47285069969439,5,5,12.229091663365,16.745102053407,3386.8669632438,0.61325811220414,0.63770860540435
181.95000000002,8.5085504396942,-8.6362475664477,-2.3880014135345,0.037321080217243,5,5,12.230926508098,16.746962713618,3387.3645904188,0.61142334207977,0.63585950852361
181.97500000002,8.5099911243286,-8.6373172684934,-2.3882962591153,1.5525615409114,5,5,12.232720897878,16.748781165871,3387.8612565663,0.60962895434011,0.63405316093235
182.00000000002,8.5115464180799,-8.6384173474505,-2.3886208892605,0.23103601755914,5,5,12.234625920808,16.750713650566,3388.3407268336,0.60772437528481,0.63213274951381
182.02500000002,8.5129890672263,-8.6394454733598,-2.3889109225833,1.7161108900883,5,5,12.236397439774,16.752508754678,3388.8377126253,0.60595314614407,0.63035012999221
182.05000000002,8.5144363646983,-8.6404727746328,-2.3892082856988,0.14033193484893,5,5,12.238172268745,16.754308322043,3389.3512651566,0.60417867366176,0.6285624405847
182.07500000002,8.515950045198,-8.6415802486278,-2.3895249767608,0.9675530057808,5,5,12.240047829276,16.756210431539,3389.8449163402,0.60230314370551,0.62667235189142
182.10000000002,8.5173699451358,-8.6426304909504,-2.3898158600533,1.1491156451369,5,5,12.241813933681,16.758000330379,3390.3417377932,0.60053703953761,0.62489463165169
182.12500000002,8.5189473768593,-8.6437553323492,-2.3901482571968,0.31163925150006,5,5,12.24375134407,16.759966048283,3390.8506478257,0.59859994107929,0.6229411769956
182.15000000002,8.5203294708866,-8.6447939002793,-2.3904306588301,1.3306161744558,5,5,12.245480160788,16.761717778264,3391.3387345479,0.59687116681804,0.62120181763167
182.17500000002,8.5218321365222,-8.6458711282561,-2.3907424411942,0.5738015631419,5,5,12.247329058873,16.763592780229,3391.8244063562,0.59502248988214,0.61933918078178
182.20000000002,8.5232678378348,-8.6469138622767,-2.3910396556199,0.13134035982984,5,5,12.249103469337,16.765391910272,3392.3270271475,0.59324815641945,0.617552081766
182.22500000002,8.5247529998007,-8.6479836271278,-2.3913456595939,0.30724631243663,5,5,12.250933797969,16.767247642293,3392.7877278843,0.59141798921617,0.6157089768496
182.25000000002,8.5262273136314,-8.6490437169319,-2.3916505438659,0.37847538390867,5,5,12.252749670119,16.769088931538,3393.2834084323,0.58960229898963,0.61388016326295
182.27500000002,8.52773196021,-8.6501093537117,-2.3919567635733,0.24136318000082,5,5,12.254593455105,16.770957972357,3393.7365823128,0.58775893508061,0.61202447458905
182.30000000002,8.5291996138341,-8.6511563930596,-2.392261049241,0.49138547745895,5,5,12.256396313545,16.772786329085,3394.2507589107,0.5859563684415,0.6102085804527
182.32500000002,8.5306841125711,-8.6522037084356,-2.3925651517793,0.49580087331244,5,5,12.258213070545,16.774628361753,3394.7365101475,0.5841401052993,0.60837965960586
182.35000000002,8.5321990208699,-8.6532991135913,-2.3928814115561,0.088313663720248,5,5,12.260082524906,16.776524378592,3395.2351821251,0.58227077954471,0.60649647037283
182.37500000002,8.533651065867,-8.6543355455665,-2.3931722505241,1.3368678407772,5,5,12.261866516474,16.778331922013,3395.7353668921,0.58048707429691,0.60470267410652
182.40000000002,8.535086675146,-8.6553560765893,-2.3934647507106,1.5930721942509,5,5,12.263627895925,16.780117423043,3396.2282446231,0.57872604362582,0.60293025656832
182.42500000002,8.5366148430564,-8.6564972900087,-2.3937921641716,1.1421127117094,5,5,12.265535162354,16.782052588361,3396.7122868297,0.57681878908985,0.60100777035482
182.45000000002,8.5380401237657,-8.6575305062161,-2.3940871443104,0.18030900183188,5,5,12.267295548911,16.783837518083,3397.202144451,0.57505850260913,0.59923552380586
182.47500000002,8.5394833669338,-8.6585919646438,-2.3943822837116,0.88557220774752,5,5,12.269087097079,16.785653214121,3397.6908456334,0.57326696742134,0.5974333225915
182.50000000002,8.54096254467,-8.6596874650868,-2.3946893339344,1.5745084870529,5,5,12.27092777304,16.78751932447,3398.1989368075,0.57142629167273,0.59558069799452
182.52500000002,8.5423609423714,-8.6607152008691,-2.3949771972856,1.2062082031617,5,5,12.272663214474,16.789278478323,3398.6603287042,0.56969086528435,0.59383454333865
182.55000000002,8.5438798279445,-8.6617996506723,-2.3952930992025,1.4159046676687,5,5,12.274529506187,16.791171317139,3399.1627027672,0.56782487409531,0.59195529913489
182.57500000002,8.545353650729,-8.6628614198066,-2.3955956660763,0.25933752653827,5,5,12.276345960782,16.79301279861,3399.6413487343,0.56600859106574,0.59012758987735
182.60000000002,8.5468617250862,-8.6639697778673,-2.3959125514762,0.23997412999766,5,5,12.278217523193,16.794910998339,3400.1801730178,0.56413704574185,0.58824291081639
182.62500000002,8.5483072494598,-8.6650256471135,-2.39620985233,1.1485065479729,5,5,12.280007607152,16.796725602532,3400.6416808797,0.56234700851187,0.58644203417405
182.65000000002,8.549807617879,-8.6660870684948,-2.3965199212079,0.16561501406204,5,5,12.281845464802,16.798589432849,3401.1510987322,0.5605096134289,0.58459220824312
182.67500000002,8.5512711351067,-8.6671601787476,-2.3968249144127,0.71869343602575,5,5,12.28366025082,16.800429669015,3401.6573389898,0.55869485481766,0.58276561381932
182.70000000002,8.5527426079503,-8.6682208089243,-2.3971286172179,0.10947546592223,5,5,12.285474133038,16.802268800358,3402.1326572982,0.55688114205271,0.58094047537397
182.72500000002,8.554261670281,-8.6693482441511,-2.3974487009243,0.75801979448887,5,5,12.287365867838,16.804187423336,3402.6608097046,0.55498940731027,0.57903597088723
182.75000000002,8.5556983000437,-8.6704425560608,-2.397747905043,1.8480695062004,5,5,12.289171809042,16.806017982468,3403.1471608988,0.55318361277231,0.57721988397313
182.77500000002,8.557046901093,-8.6714231897203,-2.3980182537197,0.34167833467547,5,5,12.290839252343,16.807707199912,3403.6051271087,0.55151624462471,0.57554478554015
182.80000000002,8.5586347059121,-8.6725458510241,-2.3983547182014,0.52434504797803,5,5,12.292783858357,16.809680699568,3404.124748641,0.54957214495177,0.57358569303329
182.82500000002,8.5600860962368,-8.6736339758429,-2.3986553727474,1.4388734731718,5,5,12.294597845539,16.811519433549,3404.5935844269,0.54775818063112,0.57176163520172
182.85000000002,8.5615525741049,-8.6746994091779,-2.3989609219736,0.043837237694956,5,5,12.296410497057,16.81335765711,3405.0923199976,0.54594561969416,0.56993761062305
182.87500000002,8.562946524862,-8.6757296329176,-2.3992479584486,0.87396879187015,5,5,12.298143834782,16.815114600366,3405.5447686854,0.54421228495683,0.56819488090368
182.90000000002,8.5644489723978,-8.6768020390292,-2.3995588224153,0.8143583977013,5,5,12.299989750128,16.816986508449,3406.0523132656,0.54236668373066,0.56633786536177
182.92500000002,8.5659250764686,-8.6778738593424,-2.3998627733268,0.35574490886008,5,5,12.301813943652,16.81883585108,3406.5306655558,0.54054258827017,0.56450353179207
182.95000000002,8.5673899847552,-8.6789778019735,-2.4001710231343,1.0157493107633,5,5,12.303648240689,16.820695868167,3407.0176266002,0.53870834123471,0.56265833549817
182.97500000002,8.5688178774655,-8.6800070355388,-2.400461679965,0.65169688506771,5,5,12.305408410943,16.822479875095,3407.5154573791,0.53694834025074,0.56088939884201
183.00000000002,8.5703606989819,-8.681115737795,-2.4007789124049,1.8099483138392,5,5,12.30730828434,16.824406051448,3407.9936622386,0.53504869092577,0.5589791941585
183.02500000002,8.5717937360703,-8.6821294239915,-2.4010685884115,1.5238316471991,5,5,12.309063606249,16.82618511502,3408.4578504322,0.53329382854163,0.55721565632634
183.05000000002,8.5732906219071,-8.68324688478,-2.4013866757094,1.3048768319596,5,5,12.31093159603,16.828079993736,3408.9773264636,0.5314258455834,0.55533571748543
183.07500000002,8.5747461983831,-8.6842966551674,-2.4016853216285,0.057955345083282,5,5,12.31272623269,16.829899309577,3409.44339054,0.5296313791007,0.55353187378064
183.10000000002,8.5762669367633,-8.68538324846,-2.4020042532054,0.69169575318129,5,5,12.314595277956,16.83179537064,3409.9406179218,0.52776264478413,0.55165117389646
183.12500000002,8.5777692783925,-8.6864670546209,-2.4023159639199,0.47785019851676,5,5,12.316447753641,16.833673888603,3410.4669751969,0.52591034417213,0.54978840232054
183.15000000002,8.5792090346576,-8.6875533651999,-2.4026145455416,1.870973193901,5,5,12.318251352482,16.83550203514,3410.9603118219,0.52410679838337,0.54797620090655
183.17500000002,8.5806433853813,-8.6886139696758,-2.4029127284174,1.173112645009,5,5,12.320035236966,16.837310669122,3411.4615235766,0.52232291746151,0.54618302776716
183.20000000002,8.5821607695385,-8.6897377761414,-2.4032329206052,0.60793436436877,5,5,12.321923462496,16.839225850233,3411.9616074736,0.52043469337313,0.54428374200327
183.22500000002,8.5835660148289,-8.6907327214947,-2.4035139460733,1.5420690929031,5,5,12.323645272759,16.840970443566,3412.4483466252,0.51871332502608,0.54255557437549
183.25000000002,8.5849658640533,-8.6917284713641,-2.403796103238,1.8619471517618,5,5,12.32536314809,16.842711336532,3412.9265779168,0.51699581175148,0.5408308623129
183.27500000002,8.5864984158931,-8.692834621586,-2.4041223007516,0.074044681232323,5,5,12.327253196623,16.844629327218,3413.4249973336,0.51510594032217,0.53892856343708
183.30000000002,8.5880099553502,-8.6939307944321,-2.4044362380307,0.0028988129060673,5,5,12.329120372683,16.84652271124,3413.906043594,0.51323888734922,0.53705179190656
183.32500000002,8.5895119262045,-8.6950522779362,-2.4047516280143,0.37818092145229,5,5,12.330994843727,16.848423530153,3414.4091278517,0.51136442183653,0.53516762527077
183.35000000002,8.5909786659333,-8.6960897896723,-2.4050520444052,0.96750462243122,5,5,12.332791439407,16.850245069623,3414.8918856821,0.509568315011,0.53336286215787
183.37500000002,8.5924367364156,-8.6971443980285,-2.4053535399294,0.15074353206944,5,5,12.334590930534,16.852069642962,3415.3945397151,0.50776897253484,0.53155480012767
183.40000000002,8.5939057883776,-8.6981747021886,-2.4056473908189,2.2495806560982,5,5,12.336385266157,16.853887880756,3415.8978972997,0.50597531472608,0.52975454444528
183.42500000002,8.5953566923285,-8.6992077058091,-2.4059477541863,1.6546220782115,5,5,12.338166338518,16.855694102477,3416.3661872844,0.50419461588552,0.52796485072297
183.45000000002,8.5968700872603,-8.7002797709286,-2.4062776808582,0.027688897429092,5,5,12.340020978063,16.857577859215,3416.8678608637,0.50234046448611,0.52609634819004
183.47500000002,8.5983262147554,-8.7013235416624,-2.4065937073621,1.1044449849918,5,5,12.341812559662,16.859397100095,3417.3656897328,0.50054915494662,0.5242920830182
183.50000000002,8.5997171852062,-8.7023194213252,-2.4068951597043,1.0511802777526,5,5,12.343523283221,16.86113418058,3417.8261334404,0.49883871014531,0.52256945432702
